0.286526 0.000000 27.240000
0.277857 0.017026 27.240000
0.268589 0.033734 27.240000
0.259191 0.050368 27.240000
0.249735 0.066970 27.240000
0.240244 0.083552 27.240000
0.230729 0.100119 27.240000
0.221194 0.116676 27.240000
0.211641 0.133222 27.240000
0.202070 0.149758 27.240000
0.192480 0.166282 27.240000
0.182865 0.182792 27.240000
0.173216 0.199282 27.240000
0.163509 0.215738 27.240000
0.153673 0.232118 27.240000
0.143263 0.248138 27.240000
0.124183 0.249144 27.240000
0.105080 0.249472 27.240000
0.085976 0.249650 27.240000
0.066870 0.249762 27.240000
0.047764 0.249834 27.240000
0.028659 0.249877 27.240000
0.009553 0.249897 27.240000
-0.009553 0.249897 27.240000
-0.028659 0.249877 27.240000
-0.047764 0.249834 27.240000
-0.066870 0.249762 27.240000
-0.085976 0.249650 27.240000
-0.105080 0.249472 27.240000
-0.124183 0.249144 27.240000
-0.143263 0.248138 27.240000
-0.153673 0.232118 27.240000
-0.163509 0.215738 27.240000
-0.173216 0.199282 27.240000
-0.182865 0.182792 27.240000
-0.192480 0.166282 27.240000
-0.202070 0.149758 27.240000
-0.211641 0.133222 27.240000
-0.221194 0.116676 27.240000
-0.230729 0.100119 27.240000
-0.240244 0.083552 27.240000
-0.249735 0.066970 27.240000
-0.259191 0.050368 27.240000
-0.268589 0.033734 27.240000
-0.277857 0.017026 27.240000
-0.286526 0.000000 27.240000
-0.277857 -0.017026 27.240000
-0.268589 -0.033734 27.240000
-0.259191 -0.050368 27.240000
-0.249735 -0.066970 27.240000
-0.240244 -0.083552 27.240000
-0.230729 -0.100119 27.240000
-0.221194 -0.116676 27.240000
-0.211641 -0.133222 27.240000
-0.202070 -0.149758 27.240000
-0.192480 -0.166282 27.240000
-0.182865 -0.182792 27.240000
-0.173216 -0.199282 27.240000
-0.163509 -0.215738 27.240000
-0.153673 -0.232118 27.240000
-0.143263 -0.248138 27.240000
-0.124183 -0.249144 27.240000
-0.105080 -0.249472 27.240000
-0.085976 -0.249650 27.240000
-0.066870 -0.249762 27.240000
-0.047764 -0.249834 27.240000
-0.028659 -0.249877 27.240000
-0.009553 -0.249897 27.240000
0.009553 -0.249897 27.240000
0.028659 -0.249877 27.240000
0.047764 -0.249834 27.240000
0.066870 -0.249762 27.240000
0.085976 -0.249650 27.240000
0.105080 -0.249472 27.240000
0.124183 -0.249144 27.240000
0.143263 -0.248138 27.240000
0.153673 -0.232118 27.240000
0.163509 -0.215738 27.240000
0.173216 -0.199282 27.240000
0.182865 -0.182792 27.240000
0.192480 -0.166282 27.240000
0.202070 -0.149758 27.240000
0.211641 -0.133222 27.240000
0.221194 -0.116676 27.240000
0.230729 -0.100119 27.240000
0.240244 -0.083552 27.240000
0.249735 -0.066970 27.240000
0.259191 -0.050368 27.240000
0.268589 -0.033734 27.240000
0.277857 -0.017026 27.240000
0.286526 0.000000 27.240000

