0.323106 0.000000 33.570000
0.313300 0.019184 33.570000
0.302836 0.038017 33.570000
0.292228 0.056769 33.570000
0.281558 0.075486 33.570000
0.270850 0.094181 33.570000
0.260116 0.112862 33.570000
0.249362 0.131530 33.570000
0.238589 0.150188 33.570000
0.227799 0.168836 33.570000
0.216988 0.187472 33.570000
0.206152 0.206093 33.570000
0.195278 0.224693 33.570000
0.184341 0.243255 33.570000
0.173263 0.261734 33.570000
0.161553 0.279818 33.570000
0.140036 0.280917 33.570000
0.118494 0.281272 33.570000
0.096951 0.281462 33.570000
0.075406 0.281579 33.570000
0.053862 0.281654 33.570000
0.032317 0.281698 33.570000
0.010772 0.281719 33.570000
-0.010772 0.281719 33.570000
-0.032317 0.281698 33.570000
-0.053862 0.281654 33.570000
-0.075406 0.281579 33.570000
-0.096951 0.281462 33.570000
-0.118494 0.281272 33.570000
-0.140036 0.280917 33.570000
-0.161553 0.279818 33.570000
-0.173263 0.261734 33.570000
-0.184341 0.243255 33.570000
-0.195278 0.224693 33.570000
-0.206152 0.206093 33.570000
-0.216988 0.187472 33.570000
-0.227799 0.168836 33.570000
-0.238589 0.150188 33.570000
-0.249362 0.131530 33.570000
-0.260116 0.112862 33.570000
-0.270850 0.094181 33.570000
-0.281558 0.075486 33.570000
-0.292228 0.056769 33.570000
-0.302836 0.038017 33.570000
-0.313300 0.019184 33.570000
-0.323106 0.000000 33.570000
-0.313300 -0.019184 33.570000
-0.302836 -0.038017 33.570000
-0.292228 -0.056769 33.570000
-0.281558 -0.075486 33.570000
-0.270850 -0.094181 33.570000
-0.260116 -0.112862 33.570000
-0.249362 -0.131530 33.570000
-0.238589 -0.150188 33.570000
-0.227799 -0.168836 33.570000
-0.216988 -0.187472 33.570000
-0.206152 -0.206093 33.570000
-0.195278 -0.224693 33.570000
-0.184341 -0.243255 33.570000
-0.173263 -0.261734 33.570000
-0.161553 -0.279818 33.570000
-0.140036 -0.280917 33.570000
-0.118494 -0.281272 33.570000
-0.096951 -0.281462 33.570000
-0.075406 -0.281579 33.570000
-0.053862 -0.281654 33.570000
-0.032317 -0.281698 33.570000
-0.010772 -0.281719 33.570000
0.010772 -0.281719 33.570000
0.032317 -0.281698 33.570000
0.053862 -0.281654 33.570000
0.075406 -0.281579 33.570000
0.096951 -0.281462 33.570000
0.118494 -0.281272 33.570000
0.140036 -0.280917 33.570000
0.161553 -0.279818 33.570000
0.173263 -0.261734 33.570000
0.184341 -0.243255 33.570000
0.195278 -0.224693 33.570000
0.206152 -0.206093 33.570000
0.216988 -0.187472 33.570000
0.227799 -0.168836 33.570000
0.238589 -0.150188 33.570000
0.249362 -0.131530 33.570000
0.260116 -0.112862 33.570000
0.270850 -0.094181 33.570000
0.281558 -0.075486 33.570000
0.292228 -0.056769 33.570000
0.302836 -0.038017 33.570000
0.313300 -0.019184 33.570000
0.323106 0.000000 33.570000

