0.318004 0.000000 32.660000
0.308357 0.018883 32.660000
0.298060 0.037420 32.660000
0.287621 0.055877 32.660000
0.277120 0.074299 32.660000
0.266582 0.092699 32.660000
0.256018 0.111085 32.660000
0.245434 0.129459 32.660000
0.234831 0.147822 32.660000
0.224211 0.166176 32.660000
0.213571 0.184517 32.660000
0.202904 0.202844 32.660000
0.192201 0.221149 32.660000
0.181436 0.239417 32.660000
0.170531 0.257603 32.660000
0.159002 0.275399 32.660000
0.137825 0.276486 32.660000
0.116624 0.276837 32.660000
0.095420 0.277026 32.660000
0.074216 0.277142 32.660000
0.053011 0.277216 32.660000
0.031807 0.277261 32.660000
0.010602 0.277281 32.660000
-0.010602 0.277281 32.660000
-0.031807 0.277261 32.660000
-0.053011 0.277216 32.660000
-0.074216 0.277142 32.660000
-0.095420 0.277026 32.660000
-0.116624 0.276837 32.660000
-0.137825 0.276486 32.660000
-0.159002 0.275399 32.660000
-0.170531 0.257603 32.660000
-0.181436 0.239417 32.660000
-0.192201 0.221149 32.660000
-0.202904 0.202844 32.660000
-0.213571 0.184517 32.660000
-0.224211 0.166176 32.660000
-0.234831 0.147822 32.660000
-0.245434 0.129459 32.660000
-0.256018 0.111085 32.660000
-0.266582 0.092699 32.660000
-0.277120 0.074299 32.660000
-0.287621 0.055877 32.660000
-0.298060 0.037420 32.660000
-0.308357 0.018883 32.660000
-0.318004 0.000000 32.660000
-0.308357 -0.018883 32.660000
-0.298060 -0.037420 32.660000
-0.287621 -0.055877 32.660000
-0.277120 -0.074299 32.660000
-0.266582 -0.092699 32.660000
-0.256018 -0.111085 32.660000
-0.245434 -0.129459 32.660000
-0.234831 -0.147822 32.660000
-0.224211 -0.166176 32.660000
-0.213571 -0.184517 32.660000
-0.202904 -0.202844 32.660000
-0.192201 -0.221149 32.660000
-0.181436 -0.239417 32.660000
-0.170531 -0.257603 32.660000
-0.159002 -0.275399 32.660000
-0.137825 -0.276486 32.660000
-0.116624 -0.276837 32.660000
-0.095420 -0.277026 32.660000
-0.074216 -0.277142 32.660000
-0.053011 -0.277216 32.660000
-0.031807 -0.277261 32.660000
-0.010602 -0.277281 32.660000
0.010602 -0.277281 32.660000
0.031807 -0.277261 32.660000
0.053011 -0.277216 32.660000
0.074216 -0.277142 32.660000
0.095420 -0.277026 32.660000
0.116624 -0.276837 32.660000
0.137825 -0.276486 32.660000
0.159002 -0.275399 32.660000
0.170531 -0.257603 32.660000
0.181436 -0.239417 32.660000
0.192201 -0.221149 32.660000
0.202904 -0.202844 32.660000
0.213571 -0.184517 32.660000
0.224211 -0.166176 32.660000
0.234831 -0.147822 32.660000
0.245434 -0.129459 32.660000
0.256018 -0.111085 32.660000
0.266582 -0.092699 32.660000
0.277120 -0.074299 32.660000
0.287621 -0.055877 32.660000
0.298060 -0.037420 32.660000
0.308357 -0.018883 32.660000
0.318004 0.000000 32.660000

