0.176267 0.000000 11.180000
0.170990 0.010503 11.180000
0.165313 0.020795 11.180000
0.159547 0.031038 11.180000
0.153741 0.041259 11.180000
0.147911 0.051465 11.180000
0.142063 0.061661 11.180000
0.136199 0.071848 11.180000
0.130322 0.082028 11.180000
0.124431 0.092199 11.180000
0.118525 0.102362 11.180000
0.112602 0.112514 11.180000
0.106653 0.122652 11.180000
0.100666 0.132767 11.180000
0.094591 0.142830 11.180000
0.088133 0.152652 11.180000
0.076399 0.153333 11.180000
0.064647 0.153563 11.180000
0.052893 0.153691 11.180000
0.041140 0.153773 11.180000
0.029385 0.153827 11.180000
0.017631 0.153860 11.180000
0.005877 0.153876 11.180000
-0.005877 0.153876 11.180000
-0.017631 0.153860 11.180000
-0.029385 0.153827 11.180000
-0.041140 0.153773 11.180000
-0.052893 0.153691 11.180000
-0.064647 0.153563 11.180000
-0.076399 0.153333 11.180000
-0.088133 0.152652 11.180000
-0.094591 0.142830 11.180000
-0.100666 0.132767 11.180000
-0.106653 0.122652 11.180000
-0.112602 0.112514 11.180000
-0.118525 0.102362 11.180000
-0.124431 0.092199 11.180000
-0.130322 0.082028 11.180000
-0.136199 0.071848 11.180000
-0.142063 0.061661 11.180000
-0.147911 0.051465 11.180000
-0.153741 0.041259 11.180000
-0.159547 0.031038 11.180000
-0.165313 0.020795 11.180000
-0.170990 0.010503 11.180000
-0.176267 0.000000 11.180000
-0.170990 -0.010503 11.180000
-0.165313 -0.020795 11.180000
-0.159547 -0.031038 11.180000
-0.153741 -0.041259 11.180000
-0.147911 -0.051465 11.180000
-0.142063 -0.061661 11.180000
-0.136199 -0.071848 11.180000
-0.130322 -0.082028 11.180000
-0.124431 -0.092199 11.180000
-0.118525 -0.102362 11.180000
-0.112602 -0.112514 11.180000
-0.106653 -0.122652 11.180000
-0.100666 -0.132767 11.180000
-0.094591 -0.142830 11.180000
-0.088133 -0.152652 11.180000
-0.076399 -0.153333 11.180000
-0.064647 -0.153563 11.180000
-0.052893 -0.153691 11.180000
-0.041140 -0.153773 11.180000
-0.029385 -0.153827 11.180000
-0.017631 -0.153860 11.180000
-0.005877 -0.153876 11.180000
0.005877 -0.153876 11.180000
0.017631 -0.153860 11.180000
0.029385 -0.153827 11.180000
0.041140 -0.153773 11.180000
0.052893 -0.153691 11.180000
0.064647 -0.153563 11.180000
0.076399 -0.153333 11.180000
0.088133 -0.152652 11.180000
0.094591 -0.142830 11.180000
0.100666 -0.132767 11.180000
0.106653 -0.122652 11.180000
0.112602 -0.112514 11.180000
0.118525 -0.102362 11.180000
0.124431 -0.092199 11.180000
0.130322 -0.082028 11.180000
0.136199 -0.071848 11.180000
0.142063 -0.061661 11.180000
0.147911 -0.051465 11.180000
0.153741 -0.041259 11.180000
0.159547 -0.031038 11.180000
0.165313 -0.020795 11.180000
0.170990 -0.010503 11.180000
0.176267 0.000000 11.180000

