0.391885 0.000000 46.640000
0.379928 0.023234 46.640000
0.367207 0.046059 46.640000
0.354321 0.068791 46.640000
0.341362 0.091482 46.640000
0.328362 0.114148 46.640000
0.315334 0.136799 46.640000
0.302285 0.159438 46.640000
0.289220 0.182068 46.640000
0.276138 0.204687 46.640000
0.263036 0.227296 46.640000
0.249907 0.249888 46.640000
0.236735 0.272456 46.640000
0.223492 0.294981 46.640000
0.210085 0.317410 46.640000
0.195942 0.339382 46.640000
0.169843 0.340644 46.640000
0.143715 0.341040 46.640000
0.117586 0.341247 46.640000
0.091456 0.341369 46.640000
0.065326 0.341444 46.640000
0.039195 0.341486 46.640000
0.013065 0.341506 46.640000
-0.013065 0.341506 46.640000
-0.039195 0.341486 46.640000
-0.065326 0.341444 46.640000
-0.091456 0.341369 46.640000
-0.117586 0.341247 46.640000
-0.143715 0.341040 46.640000
-0.169843 0.340644 46.640000
-0.195942 0.339382 46.640000
-0.210085 0.317410 46.640000
-0.223492 0.294981 46.640000
-0.236735 0.272456 46.640000
-0.249907 0.249888 46.640000
-0.263036 0.227296 46.640000
-0.276138 0.204687 46.640000
-0.289220 0.182068 46.640000
-0.302285 0.159438 46.640000
-0.315334 0.136799 46.640000
-0.328362 0.114148 46.640000
-0.341362 0.091482 46.640000
-0.354321 0.068791 46.640000
-0.367207 0.046059 46.640000
-0.379928 0.023234 46.640000
-0.391885 0.000000 46.640000
-0.379928 -0.023234 46.640000
-0.367207 -0.046059 46.640000
-0.354321 -0.068791 46.640000
-0.341362 -0.091482 46.640000
-0.328362 -0.114148 46.640000
-0.315334 -0.136799 46.640000
-0.302285 -0.159438 46.640000
-0.289220 -0.182068 46.640000
-0.276138 -0.204687 46.640000
-0.263036 -0.227296 46.640000
-0.249907 -0.249888 46.640000
-0.236735 -0.272456 46.640000
-0.223492 -0.294981 46.640000
-0.210085 -0.317410 46.640000
-0.195942 -0.339382 46.640000
-0.169843 -0.340644 46.640000
-0.143715 -0.341040 46.640000
-0.117586 -0.341247 46.640000
-0.091456 -0.341369 46.640000
-0.065326 -0.341444 46.640000
-0.039195 -0.341486 46.640000
-0.013065 -0.341506 46.640000
0.013065 -0.341506 46.640000
0.039195 -0.341486 46.640000
0.065326 -0.341444 46.640000
0.091456 -0.341369 46.640000
0.117586 -0.341247 46.640000
0.143715 -0.341040 46.640000
0.169843 -0.340644 46.640000
0.195942 -0.339382 46.640000
0.210085 -0.317410 46.640000
0.223492 -0.294981 46.640000
0.236735 -0.272456 46.640000
0.249907 -0.249888 46.640000
0.263036 -0.227296 46.640000
0.276138 -0.204687 46.640000
0.289220 -0.182068 46.640000
0.302285 -0.159438 46.640000
0.315334 -0.136799 46.640000
0.328362 -0.114148 46.640000
0.341362 -0.091482 46.640000
0.354321 -0.068791 46.640000
0.367207 -0.046059 46.640000
0.379928 -0.023234 46.640000
0.391885 0.000000 46.640000

