0.318623 0.000000 32.770000
0.308957 0.018919 32.770000
0.298639 0.037492 32.770000
0.288180 0.055985 32.770000
0.277659 0.074443 32.770000
0.267100 0.092879 32.770000
0.256516 0.111300 32.770000
0.245911 0.129710 32.770000
0.235288 0.148110 32.770000
0.224647 0.166499 32.770000
0.213986 0.184876 32.770000
0.203299 0.203238 32.770000
0.192575 0.221579 32.770000
0.181789 0.239883 32.770000
0.170863 0.258105 32.770000
0.159311 0.275936 32.770000
0.138094 0.277024 32.770000
0.116851 0.277375 32.770000
0.095606 0.277564 32.770000
0.074360 0.277681 32.770000
0.053114 0.277755 32.770000
0.031869 0.277799 32.770000
0.010623 0.277820 32.770000
-0.010623 0.277820 32.770000
-0.031869 0.277799 32.770000
-0.053114 0.277755 32.770000
-0.074360 0.277681 32.770000
-0.095606 0.277564 32.770000
-0.116851 0.277375 32.770000
-0.138094 0.277024 32.770000
-0.159311 0.275936 32.770000
-0.170863 0.258105 32.770000
-0.181789 0.239883 32.770000
-0.192575 0.221579 32.770000
-0.203299 0.203238 32.770000
-0.213986 0.184876 32.770000
-0.224647 0.166499 32.770000
-0.235288 0.148110 32.770000
-0.245911 0.129710 32.770000
-0.256516 0.111300 32.770000
-0.267100 0.092879 32.770000
-0.277659 0.074443 32.770000
-0.288180 0.055985 32.770000
-0.298639 0.037492 32.770000
-0.308957 0.018919 32.770000
-0.318623 0.000000 32.770000
-0.308957 -0.018919 32.770000
-0.298639 -0.037492 32.770000
-0.288180 -0.055985 32.770000
-0.277659 -0.074443 32.770000
-0.267100 -0.092879 32.770000
-0.256516 -0.111300 32.770000
-0.245911 -0.129710 32.770000
-0.235288 -0.148110 32.770000
-0.224647 -0.166499 32.770000
-0.213986 -0.184876 32.770000
-0.203299 -0.203238 32.770000
-0.192575 -0.221579 32.770000
-0.181789 -0.239883 32.770000
-0.170863 -0.258105 32.770000
-0.159311 -0.275936 32.770000
-0.138094 -0.277024 32.770000
-0.116851 -0.277375 32.770000
-0.095606 -0.277564 32.770000
-0.074360 -0.277681 32.770000
-0.053114 -0.277755 32.770000
-0.031869 -0.277799 32.770000
-0.010623 -0.277820 32.770000
0.010623 -0.277820 32.770000
0.031869 -0.277799 32.770000
0.053114 -0.277755 32.770000
0.074360 -0.277681 32.770000
0.095606 -0.277564 32.770000
0.116851 -0.277375 32.770000
0.138094 -0.277024 32.770000
0.159311 -0.275936 32.770000
0.170863 -0.258105 32.770000
0.181789 -0.239883 32.770000
0.192575 -0.221579 32.770000
0.203299 -0.203238 32.770000
0.213986 -0.184876 32.770000
0.224647 -0.166499 32.770000
0.235288 -0.148110 32.770000
0.245911 -0.129710 32.770000
0.256516 -0.111300 32.770000
0.267100 -0.092879 32.770000
0.277659 -0.074443 32.770000
0.288180 -0.055985 32.770000
0.298639 -0.037492 32.770000
0.308957 -0.018919 32.770000
0.318623 0.000000 32.770000

