0.289396 0.000000 27.720000
0.280638 0.017195 27.720000
0.271277 0.034070 27.720000
0.261784 0.050871 27.720000
0.252232 0.067638 27.720000
0.242646 0.084386 27.720000
0.233035 0.101119 27.720000
0.223404 0.117841 27.720000
0.213756 0.134553 27.720000
0.204090 0.151255 27.720000
0.194403 0.167945 27.720000
0.184693 0.184621 27.720000
0.174947 0.201276 27.720000
0.165144 0.217897 27.720000
0.155210 0.234442 27.720000
0.144698 0.250624 27.720000
0.125427 0.251637 27.720000
0.106133 0.251967 27.720000
0.086837 0.252147 27.720000
0.067540 0.252259 27.720000
0.048243 0.252331 27.720000
0.028946 0.252374 27.720000
0.009649 0.252395 27.720000
-0.009649 0.252395 27.720000
-0.028946 0.252374 27.720000
-0.048243 0.252331 27.720000
-0.067540 0.252259 27.720000
-0.086837 0.252147 27.720000
-0.106133 0.251967 27.720000
-0.125427 0.251637 27.720000
-0.144698 0.250624 27.720000
-0.155210 0.234442 27.720000
-0.165144 0.217897 27.720000
-0.174947 0.201276 27.720000
-0.184693 0.184621 27.720000
-0.194403 0.167945 27.720000
-0.204090 0.151255 27.720000
-0.213756 0.134553 27.720000
-0.223404 0.117841 27.720000
-0.233035 0.101119 27.720000
-0.242646 0.084386 27.720000
-0.252232 0.067638 27.720000
-0.261784 0.050871 27.720000
-0.271277 0.034070 27.720000
-0.280638 0.017195 27.720000
-0.289396 0.000000 27.720000
-0.280638 -0.017195 27.720000
-0.271277 -0.034070 27.720000
-0.261784 -0.050871 27.720000
-0.252232 -0.067638 27.720000
-0.242646 -0.084386 27.720000
-0.233035 -0.101119 27.720000
-0.223404 -0.117841 27.720000
-0.213756 -0.134553 27.720000
-0.204090 -0.151255 27.720000
-0.194403 -0.167945 27.720000
-0.184693 -0.184621 27.720000
-0.174947 -0.201276 27.720000
-0.165144 -0.217897 27.720000
-0.155210 -0.234442 27.720000
-0.144698 -0.250624 27.720000
-0.125427 -0.251637 27.720000
-0.106133 -0.251967 27.720000
-0.086837 -0.252147 27.720000
-0.067540 -0.252259 27.720000
-0.048243 -0.252331 27.720000
-0.028946 -0.252374 27.720000
-0.009649 -0.252395 27.720000
0.009649 -0.252395 27.720000
0.028946 -0.252374 27.720000
0.048243 -0.252331 27.720000
0.067540 -0.252259 27.720000
0.086837 -0.252147 27.720000
0.106133 -0.251967 27.720000
0.125427 -0.251637 27.720000
0.144698 -0.250624 27.720000
0.155210 -0.234442 27.720000
0.165144 -0.217897 27.720000
0.174947 -0.201276 27.720000
0.184693 -0.184621 27.720000
0.194403 -0.167945 27.720000
0.204090 -0.151255 27.720000
0.213756 -0.134553 27.720000
0.223404 -0.117841 27.720000
0.233035 -0.101119 27.720000
0.242646 -0.084386 27.720000
0.252232 -0.067638 27.720000
0.261784 -0.050871 27.720000
0.271277 -0.034070 27.720000
0.280638 -0.017195 27.720000
0.289396 0.000000 27.720000

