0.235713 0.000000 19.240000
0.228614 0.014024 19.240000
0.221005 0.027777 19.240000
0.213283 0.041467 19.240000
0.205511 0.055129 19.240000
0.197709 0.068774 19.240000
0.189885 0.082406 19.240000
0.182042 0.096027 19.240000
0.174183 0.109639 19.240000
0.166308 0.123242 19.240000
0.158414 0.136834 19.240000
0.150499 0.150413 19.240000
0.142553 0.163975 19.240000
0.134558 0.177508 19.240000
0.126452 0.190974 19.240000
0.117857 0.204133 19.240000
0.102162 0.204998 19.240000
0.086447 0.205284 19.240000
0.070730 0.205442 19.240000
0.055012 0.205543 19.240000
0.039295 0.205608 19.240000
0.023577 0.205648 19.240000
0.007859 0.205667 19.240000
-0.007859 0.205667 19.240000
-0.023577 0.205648 19.240000
-0.039295 0.205608 19.240000
-0.055012 0.205543 19.240000
-0.070730 0.205442 19.240000
-0.086447 0.205284 19.240000
-0.102162 0.204998 19.240000
-0.117857 0.204133 19.240000
-0.126452 0.190974 19.240000
-0.134558 0.177508 19.240000
-0.142553 0.163975 19.240000
-0.150499 0.150413 19.240000
-0.158414 0.136834 19.240000
-0.166308 0.123242 19.240000
-0.174183 0.109639 19.240000
-0.182042 0.096027 19.240000
-0.189885 0.082406 19.240000
-0.197709 0.068774 19.240000
-0.205511 0.055129 19.240000
-0.213283 0.041467 19.240000
-0.221005 0.027777 19.240000
-0.228614 0.014024 19.240000
-0.235713 0.000000 19.240000
-0.228614 -0.014024 19.240000
-0.221005 -0.027777 19.240000
-0.213283 -0.041467 19.240000
-0.205511 -0.055129 19.240000
-0.197709 -0.068774 19.240000
-0.189885 -0.082406 19.240000
-0.182042 -0.096027 19.240000
-0.174183 -0.109639 19.240000
-0.166308 -0.123242 19.240000
-0.158414 -0.136834 19.240000
-0.150499 -0.150413 19.240000
-0.142553 -0.163975 19.240000
-0.134558 -0.177508 19.240000
-0.126452 -0.190974 19.240000
-0.117857 -0.204133 19.240000
-0.102162 -0.204998 19.240000
-0.086447 -0.205284 19.240000
-0.070730 -0.205442 19.240000
-0.055012 -0.205543 19.240000
-0.039295 -0.205608 19.240000
-0.023577 -0.205648 19.240000
-0.007859 -0.205667 19.240000
0.007859 -0.205667 19.240000
0.023577 -0.205648 19.240000
0.039295 -0.205608 19.240000
0.055012 -0.205543 19.240000
0.070730 -0.205442 19.240000
0.086447 -0.205284 19.240000
0.102162 -0.204998 19.240000
0.117857 -0.204133 19.240000
0.126452 -0.190974 19.240000
0.134558 -0.177508 19.240000
0.142553 -0.163975 19.240000
0.150499 -0.150413 19.240000
0.158414 -0.136834 19.240000
0.166308 -0.123242 19.240000
0.174183 -0.109639 19.240000
0.182042 -0.096027 19.240000
0.189885 -0.082406 19.240000
0.197709 -0.068774 19.240000
0.205511 -0.055129 19.240000
0.213283 -0.041467 19.240000
0.221005 -0.027777 19.240000
0.228614 -0.014024 19.240000
0.235713 0.000000 19.240000

