0.129274 -0.000000 5.930000
0.125423 0.007713 5.930000
0.121268 0.015266 5.930000
0.117044 0.022781 5.930000
0.112789 0.030279 5.930000
0.108516 0.037766 5.930000
0.104228 0.045245 5.930000
0.099929 0.052717 5.930000
0.095618 0.060182 5.930000
0.091297 0.067642 5.930000
0.086964 0.075095 5.930000
0.082617 0.082539 5.930000
0.078251 0.089972 5.930000
0.073855 0.097388 5.930000
0.069391 0.104763 5.930000
0.064637 0.111954 5.930000
0.056032 0.112476 5.930000
0.047413 0.112654 5.930000
0.038793 0.112753 5.930000
0.030172 0.112818 5.930000
0.021552 0.112860 5.930000
0.012931 0.112886 5.930000
0.004310 0.112899 5.930000
-0.004310 0.112899 5.930000
-0.012931 0.112886 5.930000
-0.021552 0.112860 5.930000
-0.030172 0.112818 5.930000
-0.038793 0.112753 5.930000
-0.047413 0.112654 5.930000
-0.056032 0.112476 5.930000
-0.064637 0.111954 5.930000
-0.069391 0.104763 5.930000
-0.073855 0.097388 5.930000
-0.078251 0.089972 5.930000
-0.082617 0.082539 5.930000
-0.086964 0.075095 5.930000
-0.091297 0.067642 5.930000
-0.095618 0.060182 5.930000
-0.099929 0.052717 5.930000
-0.104228 0.045245 5.930000
-0.108516 0.037766 5.930000
-0.112789 0.030279 5.930000
-0.117044 0.022781 5.930000
-0.121268 0.015266 5.930000
-0.125423 0.007713 5.930000
-0.129274 -0.000000 5.930000
-0.125423 -0.007713 5.930000
-0.121268 -0.015266 5.930000
-0.117044 -0.022781 5.930000
-0.112789 -0.030279 5.930000
-0.108516 -0.037766 5.930000
-0.104228 -0.045245 5.930000
-0.099929 -0.052717 5.930000
-0.095618 -0.060182 5.930000
-0.091297 -0.067642 5.930000
-0.086964 -0.075095 5.930000
-0.082617 -0.082539 5.930000
-0.078251 -0.089972 5.930000
-0.073855 -0.097388 5.930000
-0.069391 -0.104763 5.930000
-0.064637 -0.111954 5.930000
-0.056032 -0.112476 5.930000
-0.047413 -0.112654 5.930000
-0.038793 -0.112753 5.930000
-0.030172 -0.112818 5.930000
-0.021552 -0.112860 5.930000
-0.012931 -0.112886 5.930000
-0.004310 -0.112899 5.930000
0.004310 -0.112899 5.930000
0.012931 -0.112886 5.930000
0.021552 -0.112860 5.930000
0.030172 -0.112818 5.930000
0.038793 -0.112753 5.930000
0.047413 -0.112654 5.930000
0.056032 -0.112476 5.930000
0.064637 -0.111954 5.930000
0.069391 -0.104763 5.930000
0.073855 -0.097388 5.930000
0.078251 -0.089972 5.930000
0.082617 -0.082539 5.930000
0.086964 -0.075095 5.930000
0.091297 -0.067642 5.930000
0.095618 -0.060182 5.930000
0.099929 -0.052717 5.930000
0.104228 -0.045245 5.930000
0.108516 -0.037766 5.930000
0.112789 -0.030279 5.930000
0.117044 -0.022781 5.930000
0.121268 -0.015266 5.930000
0.125423 -0.007713 5.930000
0.129274 -0.000000 5.930000

