0.130766 -0.000000 6.080000
0.126870 0.007801 6.080000
0.122666 0.015442 6.080000
0.118393 0.023043 6.080000
0.114090 0.030628 6.080000
0.109767 0.038201 6.080000
0.105429 0.045766 6.080000
0.101080 0.053324 6.080000
0.096720 0.060876 6.080000
0.092349 0.068422 6.080000
0.087966 0.075960 6.080000
0.083569 0.083491 6.080000
0.079153 0.091010 6.080000
0.074706 0.098511 6.080000
0.070191 0.105972 6.080000
0.065383 0.113246 6.080000
0.056678 0.113773 6.080000
0.047960 0.113953 6.080000
0.039241 0.114053 6.080000
0.030521 0.114118 6.080000
0.021800 0.114161 6.080000
0.013080 0.114188 6.080000
0.004360 0.114200 6.080000
-0.004360 0.114200 6.080000
-0.013080 0.114188 6.080000
-0.021800 0.114161 6.080000
-0.030521 0.114118 6.080000
-0.039241 0.114053 6.080000
-0.047960 0.113953 6.080000
-0.056678 0.113773 6.080000
-0.065383 0.113246 6.080000
-0.070191 0.105972 6.080000
-0.074706 0.098511 6.080000
-0.079153 0.091010 6.080000
-0.083569 0.083491 6.080000
-0.087966 0.075960 6.080000
-0.092349 0.068422 6.080000
-0.096720 0.060876 6.080000
-0.101080 0.053324 6.080000
-0.105429 0.045766 6.080000
-0.109767 0.038201 6.080000
-0.114090 0.030628 6.080000
-0.118393 0.023043 6.080000
-0.122666 0.015442 6.080000
-0.126870 0.007801 6.080000
-0.130766 -0.000000 6.080000
-0.126870 -0.007801 6.080000
-0.122666 -0.015442 6.080000
-0.118393 -0.023043 6.080000
-0.114090 -0.030628 6.080000
-0.109767 -0.038201 6.080000
-0.105429 -0.045766 6.080000
-0.101080 -0.053324 6.080000
-0.096720 -0.060876 6.080000
-0.092349 -0.068422 6.080000
-0.087966 -0.075960 6.080000
-0.083569 -0.083491 6.080000
-0.079153 -0.091010 6.080000
-0.074706 -0.098511 6.080000
-0.070191 -0.105972 6.080000
-0.065383 -0.113246 6.080000
-0.056678 -0.113773 6.080000
-0.047960 -0.113953 6.080000
-0.039241 -0.114053 6.080000
-0.030521 -0.114118 6.080000
-0.021800 -0.114161 6.080000
-0.013080 -0.114188 6.080000
-0.004360 -0.114200 6.080000
0.004360 -0.114200 6.080000
0.013080 -0.114188 6.080000
0.021800 -0.114161 6.080000
0.030521 -0.114118 6.080000
0.039241 -0.114053 6.080000
0.047960 -0.113953 6.080000
0.056678 -0.113773 6.080000
0.065383 -0.113246 6.080000
0.070191 -0.105972 6.080000
0.074706 -0.098511 6.080000
0.079153 -0.091010 6.080000
0.083569 -0.083491 6.080000
0.087966 -0.075960 6.080000
0.092349 -0.068422 6.080000
0.096720 -0.060876 6.080000
0.101080 -0.053324 6.080000
0.105429 -0.045766 6.080000
0.109767 -0.038201 6.080000
0.114090 -0.030628 6.080000
0.118393 -0.023043 6.080000
0.122666 -0.015442 6.080000
0.126870 -0.007801 6.080000
0.130766 -0.000000 6.080000

