0.174715 0.000000 10.990000
0.169485 0.010411 10.990000
0.163859 0.020613 10.990000
0.158144 0.030766 10.990000
0.152389 0.040896 10.990000
0.146610 0.051013 10.990000
0.140814 0.061119 10.990000
0.135002 0.071217 10.990000
0.129177 0.081307 10.990000
0.123338 0.091389 10.990000
0.117484 0.101462 10.990000
0.111612 0.111525 10.990000
0.105716 0.121573 10.990000
0.099781 0.131599 10.990000
0.093759 0.141573 10.990000
0.087357 0.151308 10.990000
0.075726 0.151984 10.990000
0.064078 0.152212 10.990000
0.052428 0.152339 10.990000
0.040777 0.152421 10.990000
0.029127 0.152475 10.990000
0.017476 0.152508 10.990000
0.005825 0.152524 10.990000
-0.005825 0.152524 10.990000
-0.017476 0.152508 10.990000
-0.029127 0.152475 10.990000
-0.040777 0.152421 10.990000
-0.052428 0.152339 10.990000
-0.064078 0.152212 10.990000
-0.075726 0.151984 10.990000
-0.087357 0.151308 10.990000
-0.093759 0.141573 10.990000
-0.099781 0.131599 10.990000
-0.105716 0.121573 10.990000
-0.111612 0.111525 10.990000
-0.117484 0.101462 10.990000
-0.123338 0.091389 10.990000
-0.129177 0.081307 10.990000
-0.135002 0.071217 10.990000
-0.140814 0.061119 10.990000
-0.146610 0.051013 10.990000
-0.152389 0.040896 10.990000
-0.158144 0.030766 10.990000
-0.163859 0.020613 10.990000
-0.169485 0.010411 10.990000
-0.174715 0.000000 10.990000
-0.169485 -0.010411 10.990000
-0.163859 -0.020613 10.990000
-0.158144 -0.030766 10.990000
-0.152389 -0.040896 10.990000
-0.146610 -0.051013 10.990000
-0.140814 -0.061119 10.990000
-0.135002 -0.071217 10.990000
-0.129177 -0.081307 10.990000
-0.123338 -0.091389 10.990000
-0.117484 -0.101462 10.990000
-0.111612 -0.111525 10.990000
-0.105716 -0.121573 10.990000
-0.099781 -0.131599 10.990000
-0.093759 -0.141573 10.990000
-0.087357 -0.151308 10.990000
-0.075726 -0.151984 10.990000
-0.064078 -0.152212 10.990000
-0.052428 -0.152339 10.990000
-0.040777 -0.152421 10.990000
-0.029127 -0.152475 10.990000
-0.017476 -0.152508 10.990000
-0.005825 -0.152524 10.990000
0.005825 -0.152524 10.990000
0.017476 -0.152508 10.990000
0.029127 -0.152475 10.990000
0.040777 -0.152421 10.990000
0.052428 -0.152339 10.990000
0.064078 -0.152212 10.990000
0.075726 -0.151984 10.990000
0.087357 -0.151308 10.990000
0.093759 -0.141573 10.990000
0.099781 -0.131599 10.990000
0.105716 -0.121573 10.990000
0.111612 -0.111525 10.990000
0.117484 -0.101462 10.990000
0.123338 -0.091389 10.990000
0.129177 -0.081307 10.990000
0.135002 -0.071217 10.990000
0.140814 -0.061119 10.990000
0.146610 -0.051013 10.990000
0.152389 -0.040896 10.990000
0.158144 -0.030766 10.990000
0.163859 -0.020613 10.990000
0.169485 -0.010411 10.990000
0.174715 0.000000 10.990000

