0.258765 0.000000 22.750000
0.250955 0.015386 22.750000
0.242595 0.030480 22.750000
0.234113 0.045507 22.750000
0.225577 0.060503 22.750000
0.217009 0.075480 22.750000
0.208418 0.090444 22.750000
0.199808 0.105397 22.750000
0.191180 0.120340 22.750000
0.182536 0.135273 22.750000
0.173872 0.150196 22.750000
0.165185 0.165104 22.750000
0.156466 0.179994 22.750000
0.147694 0.194853 22.750000
0.138803 0.209641 22.750000
0.129383 0.224097 22.750000
0.112153 0.225027 22.750000
0.094901 0.225333 22.750000
0.077646 0.225501 22.750000
0.060392 0.225607 22.750000
0.043137 0.225675 22.750000
0.025882 0.225717 22.750000
0.008627 0.225737 22.750000
-0.008627 0.225737 22.750000
-0.025882 0.225717 22.750000
-0.043137 0.225675 22.750000
-0.060392 0.225607 22.750000
-0.077646 0.225501 22.750000
-0.094901 0.225333 22.750000
-0.112153 0.225027 22.750000
-0.129383 0.224097 22.750000
-0.138803 0.209641 22.750000
-0.147694 0.194853 22.750000
-0.156466 0.179994 22.750000
-0.165185 0.165104 22.750000
-0.173872 0.150196 22.750000
-0.182536 0.135273 22.750000
-0.191180 0.120340 22.750000
-0.199808 0.105397 22.750000
-0.208418 0.090444 22.750000
-0.217009 0.075480 22.750000
-0.225577 0.060503 22.750000
-0.234113 0.045507 22.750000
-0.242595 0.030480 22.750000
-0.250955 0.015386 22.750000
-0.258765 0.000000 22.750000
-0.250955 -0.015386 22.750000
-0.242595 -0.030480 22.750000
-0.234113 -0.045507 22.750000
-0.225577 -0.060503 22.750000
-0.217009 -0.075480 22.750000
-0.208418 -0.090444 22.750000
-0.199808 -0.105397 22.750000
-0.191180 -0.120340 22.750000
-0.182536 -0.135273 22.750000
-0.173872 -0.150196 22.750000
-0.165185 -0.165104 22.750000
-0.156466 -0.179994 22.750000
-0.147694 -0.194853 22.750000
-0.138803 -0.209641 22.750000
-0.129383 -0.224097 22.750000
-0.112153 -0.225027 22.750000
-0.094901 -0.225333 22.750000
-0.077646 -0.225501 22.750000
-0.060392 -0.225607 22.750000
-0.043137 -0.225675 22.750000
-0.025882 -0.225717 22.750000
-0.008627 -0.225737 22.750000
0.008627 -0.225737 22.750000
0.025882 -0.225717 22.750000
0.043137 -0.225675 22.750000
0.060392 -0.225607 22.750000
0.077646 -0.225501 22.750000
0.094901 -0.225333 22.750000
0.112153 -0.225027 22.750000
0.129383 -0.224097 22.750000
0.138803 -0.209641 22.750000
0.147694 -0.194853 22.750000
0.156466 -0.179994 22.750000
0.165185 -0.165104 22.750000
0.173872 -0.150196 22.750000
0.182536 -0.135273 22.750000
0.191180 -0.120340 22.750000
0.199808 -0.105397 22.750000
0.208418 -0.090444 22.750000
0.217009 -0.075480 22.750000
0.225577 -0.060503 22.750000
0.234113 -0.045507 22.750000
0.242595 -0.030480 22.750000
0.250955 -0.015386 22.750000
0.258765 0.000000 22.750000

