0.129374 -0.000000 5.940000
0.125520 0.007719 5.940000
0.121361 0.015278 5.940000
0.117134 0.022799 5.940000
0.112876 0.030302 5.940000
0.108599 0.037795 5.940000
0.104308 0.045279 5.940000
0.100006 0.052757 5.940000
0.095692 0.060229 5.940000
0.091367 0.067694 5.940000
0.087031 0.075152 5.940000
0.082681 0.082603 5.940000
0.078311 0.090042 5.940000
0.073911 0.097463 5.940000
0.069445 0.104844 5.940000
0.064687 0.112041 5.940000
0.056075 0.112563 5.940000
0.047450 0.112741 5.940000
0.038823 0.112840 5.940000
0.030196 0.112905 5.940000
0.021568 0.112947 5.940000
0.012941 0.112974 5.940000
0.004314 0.112986 5.940000
-0.004314 0.112986 5.940000
-0.012941 0.112974 5.940000
-0.021568 0.112947 5.940000
-0.030196 0.112905 5.940000
-0.038823 0.112840 5.940000
-0.047450 0.112741 5.940000
-0.056075 0.112563 5.940000
-0.064687 0.112041 5.940000
-0.069445 0.104844 5.940000
-0.073911 0.097463 5.940000
-0.078311 0.090042 5.940000
-0.082681 0.082603 5.940000
-0.087031 0.075152 5.940000
-0.091367 0.067694 5.940000
-0.095692 0.060229 5.940000
-0.100006 0.052757 5.940000
-0.104308 0.045279 5.940000
-0.108599 0.037795 5.940000
-0.112876 0.030302 5.940000
-0.117134 0.022799 5.940000
-0.121361 0.015278 5.940000
-0.125520 0.007719 5.940000
-0.129374 -0.000000 5.940000
-0.125520 -0.007719 5.940000
-0.121361 -0.015278 5.940000
-0.117134 -0.022799 5.940000
-0.112876 -0.030302 5.940000
-0.108599 -0.037795 5.940000
-0.104308 -0.045279 5.940000
-0.100006 -0.052757 5.940000
-0.095692 -0.060229 5.940000
-0.091367 -0.067694 5.940000
-0.087031 -0.075152 5.940000
-0.082681 -0.082603 5.940000
-0.078311 -0.090042 5.940000
-0.073911 -0.097463 5.940000
-0.069445 -0.104844 5.940000
-0.064687 -0.112041 5.940000
-0.056075 -0.112563 5.940000
-0.047450 -0.112741 5.940000
-0.038823 -0.112840 5.940000
-0.030196 -0.112905 5.940000
-0.021568 -0.112947 5.940000
-0.012941 -0.112974 5.940000
-0.004314 -0.112986 5.940000
0.004314 -0.112986 5.940000
0.012941 -0.112974 5.940000
0.021568 -0.112947 5.940000
0.030196 -0.112905 5.940000
0.038823 -0.112840 5.940000
0.047450 -0.112741 5.940000
0.056075 -0.112563 5.940000
0.064687 -0.112041 5.940000
0.069445 -0.104844 5.940000
0.073911 -0.097463 5.940000
0.078311 -0.090042 5.940000
0.082681 -0.082603 5.940000
0.087031 -0.075152 5.940000
0.091367 -0.067694 5.940000
0.095692 -0.060229 5.940000
0.100006 -0.052757 5.940000
0.104308 -0.045279 5.940000
0.108599 -0.037795 5.940000
0.112876 -0.030302 5.940000
0.117134 -0.022799 5.940000
0.121361 -0.015278 5.940000
0.125520 -0.007719 5.940000
0.129374 -0.000000 5.940000

