0.159884 0.000000 9.230000
0.155106 0.009531 9.230000
0.149960 0.018869 9.230000
0.144732 0.028161 9.230000
0.139467 0.037432 9.230000
0.134180 0.046691 9.230000
0.128876 0.055940 9.230000
0.123558 0.065181 9.230000
0.118227 0.074414 9.230000
0.112883 0.083640 9.230000
0.107526 0.092858 9.230000
0.102151 0.102066 9.230000
0.096754 0.111261 9.230000
0.091321 0.120435 9.230000
0.085807 0.129560 9.230000
0.079942 0.138464 9.230000
0.069299 0.139091 9.230000
0.058639 0.139304 9.230000
0.047978 0.139422 9.230000
0.037316 0.139498 9.230000
0.026655 0.139549 9.230000
0.015993 0.139580 9.230000
0.005331 0.139595 9.230000
-0.005331 0.139595 9.230000
-0.015993 0.139580 9.230000
-0.026655 0.139549 9.230000
-0.037316 0.139498 9.230000
-0.047978 0.139422 9.230000
-0.058639 0.139304 9.230000
-0.069299 0.139091 9.230000
-0.079942 0.138464 9.230000
-0.085807 0.129560 9.230000
-0.091321 0.120435 9.230000
-0.096754 0.111261 9.230000
-0.102151 0.102066 9.230000
-0.107526 0.092858 9.230000
-0.112883 0.083640 9.230000
-0.118227 0.074414 9.230000
-0.123558 0.065181 9.230000
-0.128876 0.055940 9.230000
-0.134180 0.046691 9.230000
-0.139467 0.037432 9.230000
-0.144732 0.028161 9.230000
-0.149960 0.018869 9.230000
-0.155106 0.009531 9.230000
-0.159884 -0.000000 9.230000
-0.155106 -0.009531 9.230000
-0.149960 -0.018869 9.230000
-0.144732 -0.028161 9.230000
-0.139467 -0.037432 9.230000
-0.134180 -0.046691 9.230000
-0.128876 -0.055940 9.230000
-0.123558 -0.065181 9.230000
-0.118227 -0.074414 9.230000
-0.112883 -0.083640 9.230000
-0.107526 -0.092858 9.230000
-0.102151 -0.102066 9.230000
-0.096754 -0.111261 9.230000
-0.091321 -0.120435 9.230000
-0.085807 -0.129560 9.230000
-0.079942 -0.138464 9.230000
-0.069299 -0.139091 9.230000
-0.058639 -0.139304 9.230000
-0.047978 -0.139422 9.230000
-0.037316 -0.139498 9.230000
-0.026655 -0.139549 9.230000
-0.015993 -0.139580 9.230000
-0.005331 -0.139595 9.230000
0.005331 -0.139595 9.230000
0.015993 -0.139580 9.230000
0.026655 -0.139549 9.230000
0.037316 -0.139498 9.230000
0.047978 -0.139422 9.230000
0.058639 -0.139304 9.230000
0.069299 -0.139091 9.230000
0.079942 -0.138464 9.230000
0.085807 -0.129560 9.230000
0.091321 -0.120435 9.230000
0.096754 -0.111261 9.230000
0.102151 -0.102066 9.230000
0.107526 -0.092858 9.230000
0.112883 -0.083640 9.230000
0.118227 -0.074414 9.230000
0.123558 -0.065181 9.230000
0.128876 -0.055940 9.230000
0.134180 -0.046691 9.230000
0.139467 -0.037432 9.230000
0.144732 -0.028161 9.230000
0.149960 -0.018869 9.230000
0.155106 -0.009531 9.230000
0.159884 0.000000 9.230000

