0.272336 0.000000 24.910000
0.264107 0.016188 24.910000
0.255303 0.032071 24.910000
0.246373 0.047884 24.910000
0.237388 0.063665 24.910000
0.228369 0.079426 24.910000
0.219326 0.095174 24.910000
0.210264 0.110911 24.910000
0.201184 0.126638 24.910000
0.192087 0.142355 24.910000
0.182970 0.158060 24.910000
0.173829 0.173752 24.910000
0.164655 0.189424 24.910000
0.155426 0.205063 24.910000
0.146073 0.220629 24.910000
0.136168 0.235850 24.910000
0.118034 0.236817 24.910000
0.099877 0.237135 24.910000
0.081718 0.237307 24.910000
0.063559 0.237416 24.910000
0.045399 0.237487 24.910000
0.027240 0.237529 24.910000
0.009080 0.237549 24.910000
-0.009080 0.237549 24.910000
-0.027240 0.237529 24.910000
-0.045399 0.237487 24.910000
-0.063559 0.237416 24.910000
-0.081718 0.237307 24.910000
-0.099877 0.237135 24.910000
-0.118034 0.236817 24.910000
-0.136168 0.235850 24.910000
-0.146073 0.220629 24.910000
-0.155426 0.205063 24.910000
-0.164655 0.189424 24.910000
-0.173829 0.173752 24.910000
-0.182970 0.158060 24.910000
-0.192087 0.142355 24.910000
-0.201184 0.126638 24.910000
-0.210264 0.110911 24.910000
-0.219326 0.095174 24.910000
-0.228369 0.079426 24.910000
-0.237388 0.063665 24.910000
-0.246373 0.047884 24.910000
-0.255303 0.032071 24.910000
-0.264107 0.016188 24.910000
-0.272336 0.000000 24.910000
-0.264107 -0.016188 24.910000
-0.255303 -0.032071 24.910000
-0.246373 -0.047884 24.910000
-0.237388 -0.063665 24.910000
-0.228369 -0.079426 24.910000
-0.219326 -0.095174 24.910000
-0.210264 -0.110911 24.910000
-0.201184 -0.126638 24.910000
-0.192087 -0.142355 24.910000
-0.182970 -0.158060 24.910000
-0.173829 -0.173752 24.910000
-0.164655 -0.189424 24.910000
-0.155426 -0.205063 24.910000
-0.146073 -0.220629 24.910000
-0.136168 -0.235850 24.910000
-0.118034 -0.236817 24.910000
-0.099877 -0.237135 24.910000
-0.081718 -0.237307 24.910000
-0.063559 -0.237416 24.910000
-0.045399 -0.237487 24.910000
-0.027240 -0.237529 24.910000
-0.009080 -0.237549 24.910000
0.009080 -0.237549 24.910000
0.027240 -0.237529 24.910000
0.045399 -0.237487 24.910000
0.063559 -0.237416 24.910000
0.081718 -0.237307 24.910000
0.099877 -0.237135 24.910000
0.118034 -0.236817 24.910000
0.136168 -0.235850 24.910000
0.146073 -0.220629 24.910000
0.155426 -0.205063 24.910000
0.164655 -0.189424 24.910000
0.173829 -0.173752 24.910000
0.182970 -0.158060 24.910000
0.192087 -0.142355 24.910000
0.201184 -0.126638 24.910000
0.210264 -0.110911 24.910000
0.219326 -0.095174 24.910000
0.228369 -0.079426 24.910000
0.237388 -0.063665 24.910000
0.246373 -0.047884 24.910000
0.255303 -0.032071 24.910000
0.264107 -0.016188 24.910000
0.272336 0.000000 24.910000

