0.160750 0.000000 9.330000
0.155946 0.009582 9.330000
0.150772 0.018971 9.330000
0.145515 0.028313 9.330000
0.140222 0.037635 9.330000
0.134906 0.046943 9.330000
0.129573 0.056242 9.330000
0.124227 0.065533 9.330000
0.118867 0.074817 9.330000
0.113494 0.084093 9.330000
0.108107 0.093361 9.330000
0.102704 0.102619 9.330000
0.097278 0.111863 9.330000
0.091815 0.121087 9.330000
0.086271 0.130262 9.330000
0.080375 0.139214 9.330000
0.069674 0.139844 9.330000
0.058957 0.140058 9.330000
0.048238 0.140177 9.330000
0.037518 0.140253 9.330000
0.026799 0.140304 9.330000
0.016079 0.140335 9.330000
0.005360 0.140350 9.330000
-0.005360 0.140350 9.330000
-0.016079 0.140335 9.330000
-0.026799 0.140304 9.330000
-0.037518 0.140253 9.330000
-0.048238 0.140177 9.330000
-0.058957 0.140058 9.330000
-0.069674 0.139844 9.330000
-0.080375 0.139214 9.330000
-0.086271 0.130262 9.330000
-0.091815 0.121087 9.330000
-0.097278 0.111863 9.330000
-0.102704 0.102619 9.330000
-0.108107 0.093361 9.330000
-0.113494 0.084093 9.330000
-0.118867 0.074817 9.330000
-0.124227 0.065533 9.330000
-0.129573 0.056242 9.330000
-0.134906 0.046943 9.330000
-0.140222 0.037635 9.330000
-0.145515 0.028313 9.330000
-0.150772 0.018971 9.330000
-0.155946 0.009582 9.330000
-0.160750 -0.000000 9.330000
-0.155946 -0.009582 9.330000
-0.150772 -0.018971 9.330000
-0.145515 -0.028313 9.330000
-0.140222 -0.037635 9.330000
-0.134906 -0.046943 9.330000
-0.129573 -0.056242 9.330000
-0.124227 -0.065533 9.330000
-0.118867 -0.074817 9.330000
-0.113494 -0.084093 9.330000
-0.108107 -0.093361 9.330000
-0.102704 -0.102619 9.330000
-0.097278 -0.111863 9.330000
-0.091815 -0.121087 9.330000
-0.086271 -0.130262 9.330000
-0.080375 -0.139214 9.330000
-0.069674 -0.139844 9.330000
-0.058957 -0.140058 9.330000
-0.048238 -0.140177 9.330000
-0.037518 -0.140253 9.330000
-0.026799 -0.140304 9.330000
-0.016079 -0.140335 9.330000
-0.005360 -0.140350 9.330000
0.005360 -0.140350 9.330000
0.016079 -0.140335 9.330000
0.026799 -0.140304 9.330000
0.037518 -0.140253 9.330000
0.048238 -0.140177 9.330000
0.058957 -0.140058 9.330000
0.069674 -0.139844 9.330000
0.080375 -0.139214 9.330000
0.086271 -0.130262 9.330000
0.091815 -0.121087 9.330000
0.097278 -0.111863 9.330000
0.102704 -0.102619 9.330000
0.108107 -0.093361 9.330000
0.113494 -0.084093 9.330000
0.118867 -0.074817 9.330000
0.124227 -0.065533 9.330000
0.129573 -0.056242 9.330000
0.134906 -0.046943 9.330000
0.140222 -0.037635 9.330000
0.145515 -0.028313 9.330000
0.150772 -0.018971 9.330000
0.155946 -0.009582 9.330000
0.160750 0.000000 9.330000

