0.322827 0.000000 33.520000
0.313029 0.019167 33.520000
0.302575 0.037984 33.520000
0.291976 0.056720 33.520000
0.281315 0.075421 33.520000
0.270617 0.094100 33.520000
0.259892 0.112764 33.520000
0.249147 0.131417 33.520000
0.238384 0.150059 33.520000
0.227603 0.168691 33.520000
0.216801 0.187311 33.520000
0.205974 0.205916 33.520000
0.195110 0.224499 33.520000
0.184182 0.243045 33.520000
0.173114 0.261508 33.520000
0.161413 0.279576 33.520000
0.139915 0.280675 33.520000
0.118392 0.281029 33.520000
0.096867 0.281219 33.520000
0.075341 0.281337 33.520000
0.053815 0.281411 33.520000
0.032289 0.281455 33.520000
0.010763 0.281476 33.520000
-0.010763 0.281476 33.520000
-0.032289 0.281455 33.520000
-0.053815 0.281411 33.520000
-0.075341 0.281337 33.520000
-0.096867 0.281219 33.520000
-0.118392 0.281029 33.520000
-0.139915 0.280675 33.520000
-0.161413 0.279576 33.520000
-0.173114 0.261508 33.520000
-0.184182 0.243045 33.520000
-0.195110 0.224499 33.520000
-0.205974 0.205916 33.520000
-0.216801 0.187311 33.520000
-0.227603 0.168691 33.520000
-0.238384 0.150059 33.520000
-0.249147 0.131417 33.520000
-0.259892 0.112764 33.520000
-0.270617 0.094100 33.520000
-0.281315 0.075421 33.520000
-0.291976 0.056720 33.520000
-0.302575 0.037984 33.520000
-0.313029 0.019167 33.520000
-0.322827 0.000000 33.520000
-0.313029 -0.019167 33.520000
-0.302575 -0.037984 33.520000
-0.291976 -0.056720 33.520000
-0.281315 -0.075421 33.520000
-0.270617 -0.094100 33.520000
-0.259892 -0.112764 33.520000
-0.249147 -0.131417 33.520000
-0.238384 -0.150059 33.520000
-0.227603 -0.168691 33.520000
-0.216801 -0.187311 33.520000
-0.205974 -0.205916 33.520000
-0.195110 -0.224499 33.520000
-0.184182 -0.243045 33.520000
-0.173114 -0.261508 33.520000
-0.161413 -0.279576 33.520000
-0.139915 -0.280675 33.520000
-0.118392 -0.281029 33.520000
-0.096867 -0.281219 33.520000
-0.075341 -0.281337 33.520000
-0.053815 -0.281411 33.520000
-0.032289 -0.281455 33.520000
-0.010763 -0.281476 33.520000
0.010763 -0.281476 33.520000
0.032289 -0.281455 33.520000
0.053815 -0.281411 33.520000
0.075341 -0.281337 33.520000
0.096867 -0.281219 33.520000
0.118392 -0.281029 33.520000
0.139915 -0.280675 33.520000
0.161413 -0.279576 33.520000
0.173114 -0.261508 33.520000
0.184182 -0.243045 33.520000
0.195110 -0.224499 33.520000
0.205974 -0.205916 33.520000
0.216801 -0.187311 33.520000
0.227603 -0.168691 33.520000
0.238384 -0.150059 33.520000
0.249147 -0.131417 33.520000
0.259892 -0.112764 33.520000
0.270617 -0.094100 33.520000
0.281315 -0.075421 33.520000
0.291976 -0.056720 33.520000
0.302575 -0.037984 33.520000
0.313029 -0.019167 33.520000
0.322827 0.000000 33.520000

