0.403121 0.000000 48.910000
0.390812 0.023895 48.910000
0.377722 0.047372 48.910000
0.364463 0.070753 48.910000
0.351130 0.094093 48.910000
0.337754 0.117408 48.910000
0.324350 0.140707 48.910000
0.310927 0.163995 48.910000
0.297487 0.187273 48.910000
0.284031 0.210542 48.910000
0.270555 0.233799 48.910000
0.257052 0.257041 48.910000
0.243506 0.280257 48.910000
0.229886 0.303431 48.910000
0.216100 0.326505 48.910000
0.201561 0.349113 48.910000
0.174712 0.350400 48.910000
0.147836 0.350802 48.910000
0.120957 0.351011 48.910000
0.094078 0.351134 48.910000
0.067199 0.351208 48.910000
0.040319 0.351249 48.910000
0.013440 0.351268 48.910000
-0.013440 0.351268 48.910000
-0.040319 0.351249 48.910000
-0.067199 0.351208 48.910000
-0.094078 0.351134 48.910000
-0.120957 0.351011 48.910000
-0.147836 0.350802 48.910000
-0.174712 0.350400 48.910000
-0.201561 0.349113 48.910000
-0.216100 0.326505 48.910000
-0.229886 0.303431 48.910000
-0.243506 0.280257 48.910000
-0.257052 0.257041 48.910000
-0.270555 0.233799 48.910000
-0.284031 0.210542 48.910000
-0.297487 0.187273 48.910000
-0.310927 0.163995 48.910000
-0.324350 0.140707 48.910000
-0.337754 0.117408 48.910000
-0.351130 0.094093 48.910000
-0.364463 0.070753 48.910000
-0.377722 0.047372 48.910000
-0.390812 0.023895 48.910000
-0.403121 0.000000 48.910000
-0.390812 -0.023895 48.910000
-0.377722 -0.047372 48.910000
-0.364463 -0.070753 48.910000
-0.351130 -0.094093 48.910000
-0.337754 -0.117408 48.910000
-0.324350 -0.140707 48.910000
-0.310927 -0.163995 48.910000
-0.297487 -0.187273 48.910000
-0.284031 -0.210542 48.910000
-0.270555 -0.233799 48.910000
-0.257052 -0.257041 48.910000
-0.243506 -0.280257 48.910000
-0.229886 -0.303431 48.910000
-0.216100 -0.326505 48.910000
-0.201561 -0.349113 48.910000
-0.174712 -0.350400 48.910000
-0.147836 -0.350802 48.910000
-0.120957 -0.351011 48.910000
-0.094078 -0.351134 48.910000
-0.067199 -0.351208 48.910000
-0.040319 -0.351249 48.910000
-0.013440 -0.351268 48.910000
0.013440 -0.351268 48.910000
0.040319 -0.351249 48.910000
0.067199 -0.351208 48.910000
0.094078 -0.351134 48.910000
0.120957 -0.351011 48.910000
0.147836 -0.350802 48.910000
0.174712 -0.350400 48.910000
0.201561 -0.349113 48.910000
0.216100 -0.326505 48.910000
0.229886 -0.303431 48.910000
0.243506 -0.280257 48.910000
0.257052 -0.257041 48.910000
0.270555 -0.233799 48.910000
0.284031 -0.210542 48.910000
0.297487 -0.187273 48.910000
0.310927 -0.163995 48.910000
0.324350 -0.140707 48.910000
0.337754 -0.117408 48.910000
0.351130 -0.094093 48.910000
0.364463 -0.070753 48.910000
0.377722 -0.047372 48.910000
0.390812 -0.023895 48.910000
0.403121 0.000000 48.910000

