0.223819 0.000000 17.510000
0.217086 0.013320 17.510000
0.209864 0.026381 17.510000
0.202534 0.039382 17.510000
0.195156 0.052356 17.510000
0.187749 0.065312 17.510000
0.180320 0.078257 17.510000
0.172873 0.091192 17.510000
0.165411 0.104117 17.510000
0.157932 0.117033 17.510000
0.150436 0.129939 17.510000
0.142919 0.142832 17.510000
0.135373 0.155709 17.510000
0.127779 0.168557 17.510000
0.120078 0.181342 17.510000
0.111909 0.193833 17.510000
0.097008 0.194662 17.510000
0.082085 0.194938 17.510000
0.067161 0.195091 17.510000
0.052237 0.195188 17.510000
0.037312 0.195251 17.510000
0.022387 0.195290 17.510000
0.007462 0.195309 17.510000
-0.007462 0.195309 17.510000
-0.022387 0.195290 17.510000
-0.037312 0.195251 17.510000
-0.052237 0.195188 17.510000
-0.067161 0.195091 17.510000
-0.082085 0.194938 17.510000
-0.097008 0.194662 17.510000
-0.111909 0.193833 17.510000
-0.120078 0.181342 17.510000
-0.127779 0.168557 17.510000
-0.135373 0.155709 17.510000
-0.142919 0.142832 17.510000
-0.150436 0.129939 17.510000
-0.157932 0.117033 17.510000
-0.165411 0.104117 17.510000
-0.172873 0.091192 17.510000
-0.180320 0.078257 17.510000
-0.187749 0.065312 17.510000
-0.195156 0.052356 17.510000
-0.202534 0.039382 17.510000
-0.209864 0.026381 17.510000
-0.217086 0.013320 17.510000
-0.223819 0.000000 17.510000
-0.217086 -0.013320 17.510000
-0.209864 -0.026381 17.510000
-0.202534 -0.039382 17.510000
-0.195156 -0.052356 17.510000
-0.187749 -0.065312 17.510000
-0.180320 -0.078257 17.510000
-0.172873 -0.091192 17.510000
-0.165411 -0.104117 17.510000
-0.157932 -0.117033 17.510000
-0.150436 -0.129939 17.510000
-0.142919 -0.142832 17.510000
-0.135373 -0.155709 17.510000
-0.127779 -0.168557 17.510000
-0.120078 -0.181342 17.510000
-0.111909 -0.193833 17.510000
-0.097008 -0.194662 17.510000
-0.082085 -0.194938 17.510000
-0.067161 -0.195091 17.510000
-0.052237 -0.195188 17.510000
-0.037312 -0.195251 17.510000
-0.022387 -0.195290 17.510000
-0.007462 -0.195309 17.510000
0.007462 -0.195309 17.510000
0.022387 -0.195290 17.510000
0.037312 -0.195251 17.510000
0.052237 -0.195188 17.510000
0.067161 -0.195091 17.510000
0.082085 -0.194938 17.510000
0.097008 -0.194662 17.510000
0.111909 -0.193833 17.510000
0.120078 -0.181342 17.510000
0.127779 -0.168557 17.510000
0.135373 -0.155709 17.510000
0.142919 -0.142832 17.510000
0.150436 -0.129939 17.510000
0.157932 -0.117033 17.510000
0.165411 -0.104117 17.510000
0.172873 -0.091192 17.510000
0.180320 -0.078257 17.510000
0.187749 -0.065312 17.510000
0.195156 -0.052356 17.510000
0.202534 -0.039382 17.510000
0.209864 -0.026381 17.510000
0.217086 -0.013320 17.510000
0.223819 0.000000 17.510000

