0.304075 0.000000 30.220000
0.294862 0.018061 30.220000
0.285021 0.035789 30.220000
0.275043 0.053440 30.220000
0.265004 0.071056 30.220000
0.254930 0.088652 30.220000
0.244830 0.106234 30.220000
0.234710 0.123803 30.220000
0.224572 0.141363 30.220000
0.214416 0.158912 30.220000
0.204240 0.176449 30.220000
0.194039 0.193972 30.220000
0.183801 0.211474 30.220000
0.173504 0.228941 30.220000
0.163073 0.246327 30.220000
0.152038 0.263337 30.220000
0.131789 0.264388 30.220000
0.111516 0.264730 30.220000
0.091241 0.264914 30.220000
0.070965 0.265028 30.220000
0.050690 0.265102 30.220000
0.030414 0.265145 30.220000
0.010138 0.265166 30.220000
-0.010138 0.265166 30.220000
-0.030414 0.265145 30.220000
-0.050690 0.265102 30.220000
-0.070965 0.265028 30.220000
-0.091241 0.264914 30.220000
-0.111516 0.264730 30.220000
-0.131789 0.264388 30.220000
-0.152038 0.263337 30.220000
-0.163073 0.246327 30.220000
-0.173504 0.228941 30.220000
-0.183801 0.211474 30.220000
-0.194039 0.193972 30.220000
-0.204240 0.176449 30.220000
-0.214416 0.158912 30.220000
-0.224572 0.141363 30.220000
-0.234710 0.123803 30.220000
-0.244830 0.106234 30.220000
-0.254930 0.088652 30.220000
-0.265004 0.071056 30.220000
-0.275043 0.053440 30.220000
-0.285021 0.035789 30.220000
-0.294862 0.018061 30.220000
-0.304075 0.000000 30.220000
-0.294862 -0.018061 30.220000
-0.285021 -0.035789 30.220000
-0.275043 -0.053440 30.220000
-0.265004 -0.071056 30.220000
-0.254930 -0.088652 30.220000
-0.244830 -0.106234 30.220000
-0.234710 -0.123803 30.220000
-0.224572 -0.141363 30.220000
-0.214416 -0.158912 30.220000
-0.204240 -0.176449 30.220000
-0.194039 -0.193972 30.220000
-0.183801 -0.211474 30.220000
-0.173504 -0.228941 30.220000
-0.163073 -0.246327 30.220000
-0.152038 -0.263337 30.220000
-0.131789 -0.264388 30.220000
-0.111516 -0.264730 30.220000
-0.091241 -0.264914 30.220000
-0.070965 -0.265028 30.220000
-0.050690 -0.265102 30.220000
-0.030414 -0.265145 30.220000
-0.010138 -0.265166 30.220000
0.010138 -0.265166 30.220000
0.030414 -0.265145 30.220000
0.050690 -0.265102 30.220000
0.070965 -0.265028 30.220000
0.091241 -0.264914 30.220000
0.111516 -0.264730 30.220000
0.131789 -0.264388 30.220000
0.152038 -0.263337 30.220000
0.163073 -0.246327 30.220000
0.173504 -0.228941 30.220000
0.183801 -0.211474 30.220000
0.194039 -0.193972 30.220000
0.204240 -0.176449 30.220000
0.214416 -0.158912 30.220000
0.224572 -0.141363 30.220000
0.234710 -0.123803 30.220000
0.244830 -0.106234 30.220000
0.254930 -0.088652 30.220000
0.265004 -0.071056 30.220000
0.275043 -0.053440 30.220000
0.285021 -0.035789 30.220000
0.294862 -0.018061 30.220000
0.304075 0.000000 30.220000

