0.323775 0.000000 33.690000
0.313948 0.019223 33.690000
0.303462 0.038095 33.690000
0.292833 0.056886 33.690000
0.282140 0.075642 33.690000
0.271410 0.094376 33.690000
0.260653 0.113095 33.690000
0.249877 0.131802 33.690000
0.239082 0.150499 33.690000
0.228270 0.169185 33.690000
0.217437 0.187860 33.690000
0.206578 0.206520 33.690000
0.195681 0.225157 33.690000
0.184722 0.243759 33.690000
0.173622 0.262275 33.690000
0.161887 0.280397 33.690000
0.140326 0.281499 33.690000
0.118740 0.281854 33.690000
0.097151 0.282044 33.690000
0.075562 0.282161 33.690000
0.053973 0.282236 33.690000
0.032384 0.282280 33.690000
0.010795 0.282301 33.690000
-0.010795 0.282301 33.690000
-0.032384 0.282280 33.690000
-0.053973 0.282236 33.690000
-0.075562 0.282161 33.690000
-0.097151 0.282044 33.690000
-0.118740 0.281854 33.690000
-0.140326 0.281499 33.690000
-0.161887 0.280397 33.690000
-0.173622 0.262275 33.690000
-0.184722 0.243759 33.690000
-0.195681 0.225157 33.690000
-0.206578 0.206520 33.690000
-0.217437 0.187860 33.690000
-0.228270 0.169185 33.690000
-0.239082 0.150499 33.690000
-0.249877 0.131802 33.690000
-0.260653 0.113095 33.690000
-0.271410 0.094376 33.690000
-0.282140 0.075642 33.690000
-0.292833 0.056886 33.690000
-0.303462 0.038095 33.690000
-0.313948 0.019223 33.690000
-0.323775 0.000000 33.690000
-0.313948 -0.019223 33.690000
-0.303462 -0.038095 33.690000
-0.292833 -0.056886 33.690000
-0.282140 -0.075642 33.690000
-0.271410 -0.094376 33.690000
-0.260653 -0.113095 33.690000
-0.249877 -0.131802 33.690000
-0.239082 -0.150499 33.690000
-0.228270 -0.169185 33.690000
-0.217437 -0.187860 33.690000
-0.206578 -0.206520 33.690000
-0.195681 -0.225157 33.690000
-0.184722 -0.243759 33.690000
-0.173622 -0.262275 33.690000
-0.161887 -0.280397 33.690000
-0.140326 -0.281499 33.690000
-0.118740 -0.281854 33.690000
-0.097151 -0.282044 33.690000
-0.075562 -0.282161 33.690000
-0.053973 -0.282236 33.690000
-0.032384 -0.282280 33.690000
-0.010795 -0.282301 33.690000
0.010795 -0.282301 33.690000
0.032384 -0.282280 33.690000
0.053973 -0.282236 33.690000
0.075562 -0.282161 33.690000
0.097151 -0.282044 33.690000
0.118740 -0.281854 33.690000
0.140326 -0.281499 33.690000
0.161887 -0.280397 33.690000
0.173622 -0.262275 33.690000
0.184722 -0.243759 33.690000
0.195681 -0.225157 33.690000
0.206578 -0.206520 33.690000
0.217437 -0.187860 33.690000
0.228270 -0.169185 33.690000
0.239082 -0.150499 33.690000
0.249877 -0.131802 33.690000
0.260653 -0.113095 33.690000
0.271410 -0.094376 33.690000
0.282140 -0.075642 33.690000
0.292833 -0.056886 33.690000
0.303462 -0.038095 33.690000
0.313948 -0.019223 33.690000
0.323775 0.000000 33.690000

