0.208089 0.000000 15.310000
0.201839 0.012389 15.310000
0.195129 0.024534 15.310000
0.188316 0.036623 15.310000
0.181459 0.048686 15.310000
0.174573 0.060733 15.310000
0.167668 0.072769 15.310000
0.160745 0.084795 15.310000
0.153807 0.096812 15.310000
0.146854 0.108820 15.310000
0.139883 0.120818 15.310000
0.132893 0.132805 15.310000
0.125875 0.144775 15.310000
0.118812 0.156719 15.310000
0.111648 0.168603 15.310000
0.104045 0.180210 15.310000
0.090191 0.180992 15.310000
0.076317 0.181254 15.310000
0.062442 0.181398 15.310000
0.048566 0.181491 15.310000
0.034690 0.181552 15.310000
0.020814 0.181589 15.310000
0.006938 0.181607 15.310000
-0.006938 0.181607 15.310000
-0.020814 0.181589 15.310000
-0.034690 0.181552 15.310000
-0.048566 0.181491 15.310000
-0.062442 0.181398 15.310000
-0.076317 0.181254 15.310000
-0.090191 0.180992 15.310000
-0.104045 0.180210 15.310000
-0.111648 0.168603 15.310000
-0.118812 0.156719 15.310000
-0.125875 0.144775 15.310000
-0.132893 0.132805 15.310000
-0.139883 0.120818 15.310000
-0.146854 0.108820 15.310000
-0.153807 0.096812 15.310000
-0.160745 0.084795 15.310000
-0.167668 0.072769 15.310000
-0.174573 0.060733 15.310000
-0.181459 0.048686 15.310000
-0.188316 0.036623 15.310000
-0.195129 0.024534 15.310000
-0.201839 0.012389 15.310000
-0.208089 0.000000 15.310000
-0.201839 -0.012389 15.310000
-0.195129 -0.024534 15.310000
-0.188316 -0.036623 15.310000
-0.181459 -0.048686 15.310000
-0.174573 -0.060733 15.310000
-0.167668 -0.072769 15.310000
-0.160745 -0.084795 15.310000
-0.153807 -0.096812 15.310000
-0.146854 -0.108820 15.310000
-0.139883 -0.120818 15.310000
-0.132893 -0.132805 15.310000
-0.125875 -0.144775 15.310000
-0.118812 -0.156719 15.310000
-0.111648 -0.168603 15.310000
-0.104045 -0.180210 15.310000
-0.090191 -0.180992 15.310000
-0.076317 -0.181254 15.310000
-0.062442 -0.181398 15.310000
-0.048566 -0.181491 15.310000
-0.034690 -0.181552 15.310000
-0.020814 -0.181589 15.310000
-0.006938 -0.181607 15.310000
0.006938 -0.181607 15.310000
0.020814 -0.181589 15.310000
0.034690 -0.181552 15.310000
0.048566 -0.181491 15.310000
0.062442 -0.181398 15.310000
0.076317 -0.181254 15.310000
0.090191 -0.180992 15.310000
0.104045 -0.180210 15.310000
0.111648 -0.168603 15.310000
0.118812 -0.156719 15.310000
0.125875 -0.144775 15.310000
0.132893 -0.132805 15.310000
0.139883 -0.120818 15.310000
0.146854 -0.108820 15.310000
0.153807 -0.096812 15.310000
0.160745 -0.084795 15.310000
0.167668 -0.072769 15.310000
0.174573 -0.060733 15.310000
0.181459 -0.048686 15.310000
0.188316 -0.036623 15.310000
0.195129 -0.024534 15.310000
0.201839 -0.012389 15.310000
0.208089 0.000000 15.310000

