0.292485 0.000000 28.240000
0.283632 0.017378 28.240000
0.274170 0.034432 28.240000
0.264575 0.051411 28.240000
0.254921 0.068358 28.240000
0.245232 0.085284 28.240000
0.235518 0.102196 28.240000
0.225784 0.119096 28.240000
0.216033 0.135987 28.240000
0.206263 0.152867 28.240000
0.196474 0.169735 28.240000
0.186660 0.186589 28.240000
0.176811 0.203423 28.240000
0.166904 0.220222 28.240000
0.156865 0.236943 28.240000
0.146243 0.253300 28.240000
0.126766 0.254321 28.240000
0.107266 0.254654 28.240000
0.087764 0.254834 28.240000
0.068261 0.254947 28.240000
0.048758 0.255019 28.240000
0.029255 0.255063 28.240000
0.009752 0.255083 28.240000
-0.009752 0.255083 28.240000
-0.029255 0.255063 28.240000
-0.048758 0.255019 28.240000
-0.068261 0.254947 28.240000
-0.087764 0.254834 28.240000
-0.107266 0.254654 28.240000
-0.126766 0.254321 28.240000
-0.146243 0.253300 28.240000
-0.156865 0.236943 28.240000
-0.166904 0.220222 28.240000
-0.176811 0.203423 28.240000
-0.186660 0.186589 28.240000
-0.196474 0.169735 28.240000
-0.206263 0.152867 28.240000
-0.216033 0.135987 28.240000
-0.225784 0.119096 28.240000
-0.235518 0.102196 28.240000
-0.245232 0.085284 28.240000
-0.254921 0.068358 28.240000
-0.264575 0.051411 28.240000
-0.274170 0.034432 28.240000
-0.283632 0.017378 28.240000
-0.292485 0.000000 28.240000
-0.283632 -0.017378 28.240000
-0.274170 -0.034432 28.240000
-0.264575 -0.051411 28.240000
-0.254921 -0.068358 28.240000
-0.245232 -0.085284 28.240000
-0.235518 -0.102196 28.240000
-0.225784 -0.119096 28.240000
-0.216033 -0.135987 28.240000
-0.206263 -0.152867 28.240000
-0.196474 -0.169735 28.240000
-0.186660 -0.186589 28.240000
-0.176811 -0.203423 28.240000
-0.166904 -0.220222 28.240000
-0.156865 -0.236943 28.240000
-0.146243 -0.253300 28.240000
-0.126766 -0.254321 28.240000
-0.107266 -0.254654 28.240000
-0.087764 -0.254834 28.240000
-0.068261 -0.254947 28.240000
-0.048758 -0.255019 28.240000
-0.029255 -0.255063 28.240000
-0.009752 -0.255083 28.240000
0.009752 -0.255083 28.240000
0.029255 -0.255063 28.240000
0.048758 -0.255019 28.240000
0.068261 -0.254947 28.240000
0.087764 -0.254834 28.240000
0.107266 -0.254654 28.240000
0.126766 -0.254321 28.240000
0.146243 -0.253300 28.240000
0.156865 -0.236943 28.240000
0.166904 -0.220222 28.240000
0.176811 -0.203423 28.240000
0.186660 -0.186589 28.240000
0.196474 -0.169735 28.240000
0.206263 -0.152867 28.240000
0.216033 -0.135987 28.240000
0.225784 -0.119096 28.240000
0.235518 -0.102196 28.240000
0.245232 -0.085284 28.240000
0.254921 -0.068358 28.240000
0.264575 -0.051411 28.240000
0.274170 -0.034432 28.240000
0.283632 -0.017378 28.240000
0.292485 0.000000 28.240000

