0.399922 0.000000 48.260000
0.387713 0.023707 48.260000
0.374728 0.046998 48.260000
0.361575 0.070195 48.260000
0.348349 0.093350 48.260000
0.335080 0.116480 48.260000
0.321783 0.139595 48.260000
0.308467 0.162698 48.260000
0.295134 0.185791 48.260000
0.281784 0.208875 48.260000
0.268415 0.231948 48.260000
0.255017 0.255004 48.260000
0.241578 0.278036 48.260000
0.228066 0.301025 48.260000
0.214387 0.323916 48.260000
0.199961 0.346343 48.260000
0.173326 0.347623 48.260000
0.146662 0.348023 48.260000
0.119997 0.348231 48.260000
0.093331 0.348354 48.260000
0.066665 0.348428 48.260000
0.039999 0.348470 48.260000
0.013333 0.348489 48.260000
-0.013333 0.348489 48.260000
-0.039999 0.348470 48.260000
-0.066665 0.348428 48.260000
-0.093331 0.348354 48.260000
-0.119997 0.348231 48.260000
-0.146662 0.348023 48.260000
-0.173326 0.347623 48.260000
-0.199961 0.346343 48.260000
-0.214387 0.323916 48.260000
-0.228066 0.301025 48.260000
-0.241578 0.278036 48.260000
-0.255017 0.255004 48.260000
-0.268415 0.231948 48.260000
-0.281784 0.208875 48.260000
-0.295134 0.185791 48.260000
-0.308467 0.162698 48.260000
-0.321783 0.139595 48.260000
-0.335080 0.116480 48.260000
-0.348349 0.093350 48.260000
-0.361575 0.070195 48.260000
-0.374728 0.046998 48.260000
-0.387713 0.023707 48.260000
-0.399922 0.000000 48.260000
-0.387713 -0.023707 48.260000
-0.374728 -0.046998 48.260000
-0.361575 -0.070195 48.260000
-0.348349 -0.093350 48.260000
-0.335080 -0.116480 48.260000
-0.321783 -0.139595 48.260000
-0.308467 -0.162698 48.260000
-0.295134 -0.185791 48.260000
-0.281784 -0.208875 48.260000
-0.268415 -0.231948 48.260000
-0.255017 -0.255004 48.260000
-0.241578 -0.278036 48.260000
-0.228066 -0.301025 48.260000
-0.214387 -0.323916 48.260000
-0.199961 -0.346343 48.260000
-0.173326 -0.347623 48.260000
-0.146662 -0.348023 48.260000
-0.119997 -0.348231 48.260000
-0.093331 -0.348354 48.260000
-0.066665 -0.348428 48.260000
-0.039999 -0.348470 48.260000
-0.013333 -0.348489 48.260000
0.013333 -0.348489 48.260000
0.039999 -0.348470 48.260000
0.066665 -0.348428 48.260000
0.093331 -0.348354 48.260000
0.119997 -0.348231 48.260000
0.146662 -0.348023 48.260000
0.173326 -0.347623 48.260000
0.199961 -0.346343 48.260000
0.214387 -0.323916 48.260000
0.228066 -0.301025 48.260000
0.241578 -0.278036 48.260000
0.255017 -0.255004 48.260000
0.268415 -0.231948 48.260000
0.281784 -0.208875 48.260000
0.295134 -0.185791 48.260000
0.308467 -0.162698 48.260000
0.321783 -0.139595 48.260000
0.335080 -0.116480 48.260000
0.348349 -0.093350 48.260000
0.361575 -0.070195 48.260000
0.374728 -0.046998 48.260000
0.387713 -0.023707 48.260000
0.399922 0.000000 48.260000

