0.392782 0.000000 46.820000
0.380797 0.023287 46.820000
0.368047 0.046164 46.820000
0.355131 0.068948 46.820000
0.342143 0.091690 46.820000
0.329112 0.114409 46.820000
0.316054 0.137111 46.820000
0.302976 0.159802 46.820000
0.289881 0.182483 46.820000
0.276769 0.205155 46.820000
0.263637 0.227815 46.820000
0.250477 0.250459 46.820000
0.237276 0.273079 46.820000
0.224003 0.295656 46.820000
0.210566 0.318137 46.820000
0.196391 0.340159 46.820000
0.170232 0.341424 46.820000
0.144044 0.341820 46.820000
0.117855 0.342027 46.820000
0.091665 0.342149 46.820000
0.065475 0.342224 46.820000
0.039285 0.342266 46.820000
0.013095 0.342286 46.820000
-0.013095 0.342286 46.820000
-0.039285 0.342266 46.820000
-0.065475 0.342224 46.820000
-0.091665 0.342149 46.820000
-0.117855 0.342027 46.820000
-0.144044 0.341820 46.820000
-0.170232 0.341424 46.820000
-0.196391 0.340159 46.820000
-0.210566 0.318137 46.820000
-0.224003 0.295656 46.820000
-0.237276 0.273079 46.820000
-0.250477 0.250459 46.820000
-0.263637 0.227815 46.820000
-0.276769 0.205155 46.820000
-0.289881 0.182483 46.820000
-0.302976 0.159802 46.820000
-0.316054 0.137111 46.820000
-0.329112 0.114409 46.820000
-0.342143 0.091690 46.820000
-0.355131 0.068948 46.820000
-0.368047 0.046164 46.820000
-0.380797 0.023287 46.820000
-0.392782 0.000000 46.820000
-0.380797 -0.023287 46.820000
-0.368047 -0.046164 46.820000
-0.355131 -0.068948 46.820000
-0.342143 -0.091690 46.820000
-0.329112 -0.114409 46.820000
-0.316054 -0.137111 46.820000
-0.302976 -0.159802 46.820000
-0.289881 -0.182483 46.820000
-0.276769 -0.205155 46.820000
-0.263637 -0.227815 46.820000
-0.250477 -0.250459 46.820000
-0.237276 -0.273079 46.820000
-0.224003 -0.295656 46.820000
-0.210566 -0.318137 46.820000
-0.196391 -0.340159 46.820000
-0.170232 -0.341424 46.820000
-0.144044 -0.341820 46.820000
-0.117855 -0.342027 46.820000
-0.091665 -0.342149 46.820000
-0.065475 -0.342224 46.820000
-0.039285 -0.342266 46.820000
-0.013095 -0.342286 46.820000
0.013095 -0.342286 46.820000
0.039285 -0.342266 46.820000
0.065475 -0.342224 46.820000
0.091665 -0.342149 46.820000
0.117855 -0.342027 46.820000
0.144044 -0.341820 46.820000
0.170232 -0.341424 46.820000
0.196391 -0.340159 46.820000
0.210566 -0.318137 46.820000
0.224003 -0.295656 46.820000
0.237276 -0.273079 46.820000
0.250477 -0.250459 46.820000
0.263637 -0.227815 46.820000
0.276769 -0.205155 46.820000
0.289881 -0.182483 46.820000
0.302976 -0.159802 46.820000
0.316054 -0.137111 46.820000
0.329112 -0.114409 46.820000
0.342143 -0.091690 46.820000
0.355131 -0.068948 46.820000
0.368047 -0.046164 46.820000
0.380797 -0.023287 46.820000
0.392782 0.000000 46.820000

