0.257230 0.000000 22.510000
0.249468 0.015296 22.510000
0.241157 0.030300 22.510000
0.232726 0.045238 22.510000
0.224241 0.060145 22.510000
0.215724 0.075033 22.510000
0.207184 0.089909 22.510000
0.198625 0.104773 22.510000
0.190049 0.119628 22.510000
0.181455 0.134472 22.510000
0.172843 0.149306 22.510000
0.164208 0.164126 22.510000
0.155540 0.178928 22.510000
0.146819 0.193698 22.510000
0.137980 0.208398 22.510000
0.128615 0.222768 22.510000
0.111487 0.223693 22.510000
0.094338 0.223998 22.510000
0.077186 0.224165 22.510000
0.060034 0.224271 22.510000
0.042881 0.224339 22.510000
0.025729 0.224381 22.510000
0.008576 0.224401 22.510000
-0.008576 0.224401 22.510000
-0.025729 0.224381 22.510000
-0.042881 0.224339 22.510000
-0.060034 0.224271 22.510000
-0.077186 0.224165 22.510000
-0.094338 0.223998 22.510000
-0.111487 0.223693 22.510000
-0.128615 0.222768 22.510000
-0.137980 0.208398 22.510000
-0.146819 0.193698 22.510000
-0.155540 0.178928 22.510000
-0.164208 0.164126 22.510000
-0.172843 0.149306 22.510000
-0.181455 0.134472 22.510000
-0.190049 0.119628 22.510000
-0.198625 0.104773 22.510000
-0.207184 0.089909 22.510000
-0.215724 0.075033 22.510000
-0.224241 0.060145 22.510000
-0.232726 0.045238 22.510000
-0.241157 0.030300 22.510000
-0.249468 0.015296 22.510000
-0.257230 0.000000 22.510000
-0.249468 -0.015296 22.510000
-0.241157 -0.030300 22.510000
-0.232726 -0.045238 22.510000
-0.224241 -0.060145 22.510000
-0.215724 -0.075033 22.510000
-0.207184 -0.089909 22.510000
-0.198625 -0.104773 22.510000
-0.190049 -0.119628 22.510000
-0.181455 -0.134472 22.510000
-0.172843 -0.149306 22.510000
-0.164208 -0.164126 22.510000
-0.155540 -0.178928 22.510000
-0.146819 -0.193698 22.510000
-0.137980 -0.208398 22.510000
-0.128615 -0.222768 22.510000
-0.111487 -0.223693 22.510000
-0.094338 -0.223998 22.510000
-0.077186 -0.224165 22.510000
-0.060034 -0.224271 22.510000
-0.042881 -0.224339 22.510000
-0.025729 -0.224381 22.510000
-0.008576 -0.224401 22.510000
0.008576 -0.224401 22.510000
0.025729 -0.224381 22.510000
0.042881 -0.224339 22.510000
0.060034 -0.224271 22.510000
0.077186 -0.224165 22.510000
0.094338 -0.223998 22.510000
0.111487 -0.223693 22.510000
0.128615 -0.222768 22.510000
0.137980 -0.208398 22.510000
0.146819 -0.193698 22.510000
0.155540 -0.178928 22.510000
0.164208 -0.164126 22.510000
0.172843 -0.149306 22.510000
0.181455 -0.134472 22.510000
0.190049 -0.119628 22.510000
0.198625 -0.104773 22.510000
0.207184 -0.089909 22.510000
0.215724 -0.075033 22.510000
0.224241 -0.060145 22.510000
0.232726 -0.045238 22.510000
0.241157 -0.030300 22.510000
0.249468 -0.015296 22.510000
0.257230 0.000000 22.510000

