0.298607 0.000000 29.280000
0.289563 0.017739 29.280000
0.279901 0.035149 29.280000
0.270104 0.052483 29.280000
0.260247 0.069783 29.280000
0.250354 0.087063 29.280000
0.240436 0.104329 29.280000
0.230498 0.121583 29.280000
0.220543 0.138826 29.280000
0.210569 0.156060 29.280000
0.200576 0.173281 29.280000
0.190557 0.190489 29.280000
0.180503 0.207675 29.280000
0.170390 0.224827 29.280000
0.160144 0.241900 29.280000
0.149303 0.258601 29.280000
0.129419 0.259638 29.280000
0.109511 0.259976 29.280000
0.089600 0.260158 29.280000
0.069689 0.260272 29.280000
0.049778 0.260345 29.280000
0.029867 0.260388 29.280000
0.009956 0.260409 29.280000
-0.009956 0.260409 29.280000
-0.029867 0.260388 29.280000
-0.049778 0.260345 29.280000
-0.069689 0.260272 29.280000
-0.089600 0.260158 29.280000
-0.109511 0.259976 29.280000
-0.129419 0.259638 29.280000
-0.149303 0.258601 29.280000
-0.160144 0.241900 29.280000
-0.170390 0.224827 29.280000
-0.180503 0.207675 29.280000
-0.190557 0.190489 29.280000
-0.200576 0.173281 29.280000
-0.210569 0.156060 29.280000
-0.220543 0.138826 29.280000
-0.230498 0.121583 29.280000
-0.240436 0.104329 29.280000
-0.250354 0.087063 29.280000
-0.260247 0.069783 29.280000
-0.270104 0.052483 29.280000
-0.279901 0.035149 29.280000
-0.289563 0.017739 29.280000
-0.298607 0.000000 29.280000
-0.289563 -0.017739 29.280000
-0.279901 -0.035149 29.280000
-0.270104 -0.052483 29.280000
-0.260247 -0.069783 29.280000
-0.250354 -0.087063 29.280000
-0.240436 -0.104329 29.280000
-0.230498 -0.121583 29.280000
-0.220543 -0.138826 29.280000
-0.210569 -0.156060 29.280000
-0.200576 -0.173281 29.280000
-0.190557 -0.190489 29.280000
-0.180503 -0.207675 29.280000
-0.170390 -0.224827 29.280000
-0.160144 -0.241900 29.280000
-0.149303 -0.258601 29.280000
-0.129419 -0.259638 29.280000
-0.109511 -0.259976 29.280000
-0.089600 -0.260158 29.280000
-0.069689 -0.260272 29.280000
-0.049778 -0.260345 29.280000
-0.029867 -0.260388 29.280000
-0.009956 -0.260409 29.280000
0.009956 -0.260409 29.280000
0.029867 -0.260388 29.280000
0.049778 -0.260345 29.280000
0.069689 -0.260272 29.280000
0.089600 -0.260158 29.280000
0.109511 -0.259976 29.280000
0.129419 -0.259638 29.280000
0.149303 -0.258601 29.280000
0.160144 -0.241900 29.280000
0.170390 -0.224827 29.280000
0.180503 -0.207675 29.280000
0.190557 -0.190489 29.280000
0.200576 -0.173281 29.280000
0.210569 -0.156060 29.280000
0.220543 -0.138826 29.280000
0.230498 -0.121583 29.280000
0.240436 -0.104329 29.280000
0.250354 -0.087063 29.280000
0.260247 -0.069783 29.280000
0.270104 -0.052483 29.280000
0.279901 -0.035149 29.280000
0.289563 -0.017739 29.280000
0.298607 0.000000 29.280000

