0.280429 0.000000 26.230000
0.271949 0.016666 26.230000
0.262881 0.033019 26.230000
0.253684 0.049301 26.230000
0.244430 0.065550 26.230000
0.235142 0.081779 26.230000
0.225830 0.097995 26.230000
0.216498 0.114199 26.230000
0.207148 0.130393 26.230000
0.197781 0.146577 26.230000
0.188394 0.162749 26.230000
0.178983 0.178908 26.230000
0.169538 0.195046 26.230000
0.160036 0.211152 26.230000
0.150407 0.227181 26.230000
0.140214 0.242858 26.230000
0.121541 0.243847 26.230000
0.102845 0.244171 26.230000
0.084146 0.244347 26.230000
0.065447 0.244457 26.230000
0.046748 0.244529 26.230000
0.028049 0.244572 26.230000
0.009350 0.244592 26.230000
-0.009350 0.244592 26.230000
-0.028049 0.244572 26.230000
-0.046748 0.244529 26.230000
-0.065447 0.244457 26.230000
-0.084146 0.244347 26.230000
-0.102845 0.244171 26.230000
-0.121541 0.243847 26.230000
-0.140214 0.242858 26.230000
-0.150407 0.227181 26.230000
-0.160036 0.211152 26.230000
-0.169538 0.195046 26.230000
-0.178983 0.178908 26.230000
-0.188394 0.162749 26.230000
-0.197781 0.146577 26.230000
-0.207148 0.130393 26.230000
-0.216498 0.114199 26.230000
-0.225830 0.097995 26.230000
-0.235142 0.081779 26.230000
-0.244430 0.065550 26.230000
-0.253684 0.049301 26.230000
-0.262881 0.033019 26.230000
-0.271949 0.016666 26.230000
-0.280429 0.000000 26.230000
-0.271949 -0.016666 26.230000
-0.262881 -0.033019 26.230000
-0.253684 -0.049301 26.230000
-0.244430 -0.065550 26.230000
-0.235142 -0.081779 26.230000
-0.225830 -0.097995 26.230000
-0.216498 -0.114199 26.230000
-0.207148 -0.130393 26.230000
-0.197781 -0.146577 26.230000
-0.188394 -0.162749 26.230000
-0.178983 -0.178908 26.230000
-0.169538 -0.195046 26.230000
-0.160036 -0.211152 26.230000
-0.150407 -0.227181 26.230000
-0.140214 -0.242858 26.230000
-0.121541 -0.243847 26.230000
-0.102845 -0.244171 26.230000
-0.084146 -0.244347 26.230000
-0.065447 -0.244457 26.230000
-0.046748 -0.244529 26.230000
-0.028049 -0.244572 26.230000
-0.009350 -0.244592 26.230000
0.009350 -0.244592 26.230000
0.028049 -0.244572 26.230000
0.046748 -0.244529 26.230000
0.065447 -0.244457 26.230000
0.084146 -0.244347 26.230000
0.102845 -0.244171 26.230000
0.121541 -0.243847 26.230000
0.140214 -0.242858 26.230000
0.150407 -0.227181 26.230000
0.160036 -0.211152 26.230000
0.169538 -0.195046 26.230000
0.178983 -0.178908 26.230000
0.188394 -0.162749 26.230000
0.197781 -0.146577 26.230000
0.207148 -0.130393 26.230000
0.216498 -0.114199 26.230000
0.225830 -0.097995 26.230000
0.235142 -0.081779 26.230000
0.244430 -0.065550 26.230000
0.253684 -0.049301 26.230000
0.262881 -0.033019 26.230000
0.271949 -0.016666 26.230000
0.280429 0.000000 26.230000

