0.199408 0.000000 14.140000
0.193424 0.011875 14.140000
0.186996 0.023515 14.140000
0.180469 0.035100 14.140000
0.173899 0.046661 14.140000
0.167301 0.058206 14.140000
0.160684 0.069740 14.140000
0.154050 0.081264 14.140000
0.147402 0.092780 14.140000
0.140738 0.104287 14.140000
0.134058 0.115784 14.140000
0.127359 0.127270 14.140000
0.120632 0.138741 14.140000
0.113863 0.150186 14.140000
0.106996 0.161573 14.140000
0.099704 0.172693 14.140000
0.086428 0.173448 14.140000
0.073134 0.173701 14.140000
0.059837 0.173841 14.140000
0.046540 0.173931 14.140000
0.033243 0.173990 14.140000
0.019946 0.174026 14.140000
0.006649 0.174044 14.140000
-0.006649 0.174044 14.140000
-0.019946 0.174026 14.140000
-0.033243 0.173990 14.140000
-0.046540 0.173931 14.140000
-0.059837 0.173841 14.140000
-0.073134 0.173701 14.140000
-0.086428 0.173448 14.140000
-0.099704 0.172693 14.140000
-0.106996 0.161573 14.140000
-0.113863 0.150186 14.140000
-0.120632 0.138741 14.140000
-0.127359 0.127270 14.140000
-0.134058 0.115784 14.140000
-0.140738 0.104287 14.140000
-0.147402 0.092780 14.140000
-0.154050 0.081264 14.140000
-0.160684 0.069740 14.140000
-0.167301 0.058206 14.140000
-0.173899 0.046661 14.140000
-0.180469 0.035100 14.140000
-0.186996 0.023515 14.140000
-0.193424 0.011875 14.140000
-0.199408 0.000000 14.140000
-0.193424 -0.011875 14.140000
-0.186996 -0.023515 14.140000
-0.180469 -0.035100 14.140000
-0.173899 -0.046661 14.140000
-0.167301 -0.058206 14.140000
-0.160684 -0.069740 14.140000
-0.154050 -0.081264 14.140000
-0.147402 -0.092780 14.140000
-0.140738 -0.104287 14.140000
-0.134058 -0.115784 14.140000
-0.127359 -0.127270 14.140000
-0.120632 -0.138741 14.140000
-0.113863 -0.150186 14.140000
-0.106996 -0.161573 14.140000
-0.099704 -0.172693 14.140000
-0.086428 -0.173448 14.140000
-0.073134 -0.173701 14.140000
-0.059837 -0.173841 14.140000
-0.046540 -0.173931 14.140000
-0.033243 -0.173990 14.140000
-0.019946 -0.174026 14.140000
-0.006649 -0.174044 14.140000
0.006649 -0.174044 14.140000
0.019946 -0.174026 14.140000
0.033243 -0.173990 14.140000
0.046540 -0.173931 14.140000
0.059837 -0.173841 14.140000
0.073134 -0.173701 14.140000
0.086428 -0.173448 14.140000
0.099704 -0.172693 14.140000
0.106996 -0.161573 14.140000
0.113863 -0.150186 14.140000
0.120632 -0.138741 14.140000
0.127359 -0.127270 14.140000
0.134058 -0.115784 14.140000
0.140738 -0.104287 14.140000
0.147402 -0.092780 14.140000
0.154050 -0.081264 14.140000
0.160684 -0.069740 14.140000
0.167301 -0.058206 14.140000
0.173899 -0.046661 14.140000
0.180469 -0.035100 14.140000
0.186996 -0.023515 14.140000
0.193424 -0.011875 14.140000
0.199408 0.000000 14.140000

