0.108366 -0.000000 3.950000
0.105145 0.006469 3.950000
0.101665 0.012802 3.950000
0.098126 0.019103 3.950000
0.094561 0.025389 3.950000
0.090979 0.031666 3.950000
0.087385 0.037935 3.950000
0.083782 0.044199 3.950000
0.080168 0.050457 3.950000
0.076546 0.056710 3.950000
0.072913 0.062957 3.950000
0.069268 0.069197 3.950000
0.065607 0.075428 3.950000
0.061920 0.081643 3.950000
0.058175 0.087824 3.950000
0.054183 0.093847 3.950000
0.046970 0.094293 3.950000
0.039745 0.094445 3.950000
0.032519 0.094531 3.950000
0.025293 0.094586 3.950000
0.018066 0.094623 3.950000
0.010840 0.094646 3.950000
0.003613 0.094656 3.950000
-0.003613 0.094656 3.950000
-0.010840 0.094646 3.950000
-0.018066 0.094623 3.950000
-0.025293 0.094586 3.950000
-0.032519 0.094531 3.950000
-0.039745 0.094445 3.950000
-0.046970 0.094293 3.950000
-0.054183 0.093847 3.950000
-0.058175 0.087824 3.950000
-0.061920 0.081643 3.950000
-0.065607 0.075428 3.950000
-0.069268 0.069197 3.950000
-0.072913 0.062957 3.950000
-0.076546 0.056710 3.950000
-0.080168 0.050457 3.950000
-0.083782 0.044199 3.950000
-0.087385 0.037935 3.950000
-0.090979 0.031666 3.950000
-0.094561 0.025389 3.950000
-0.098126 0.019103 3.950000
-0.101665 0.012802 3.950000
-0.105145 0.006469 3.950000
-0.108366 -0.000000 3.950000
-0.105145 -0.006469 3.950000
-0.101665 -0.012802 3.950000
-0.098126 -0.019103 3.950000
-0.094561 -0.025389 3.950000
-0.090979 -0.031666 3.950000
-0.087385 -0.037935 3.950000
-0.083782 -0.044199 3.950000
-0.080168 -0.050457 3.950000
-0.076546 -0.056710 3.950000
-0.072913 -0.062957 3.950000
-0.069268 -0.069197 3.950000
-0.065607 -0.075428 3.950000
-0.061920 -0.081643 3.950000
-0.058175 -0.087824 3.950000
-0.054183 -0.093847 3.950000
-0.046970 -0.094293 3.950000
-0.039745 -0.094445 3.950000
-0.032519 -0.094531 3.950000
-0.025293 -0.094586 3.950000
-0.018066 -0.094623 3.950000
-0.010840 -0.094646 3.950000
-0.003613 -0.094656 3.950000
0.003613 -0.094656 3.950000
0.010840 -0.094646 3.950000
0.018066 -0.094623 3.950000
0.025293 -0.094586 3.950000
0.032519 -0.094531 3.950000
0.039745 -0.094445 3.950000
0.046970 -0.094293 3.950000
0.054183 -0.093847 3.950000
0.058175 -0.087824 3.950000
0.061920 -0.081643 3.950000
0.065607 -0.075428 3.950000
0.069268 -0.069197 3.950000
0.072913 -0.062957 3.950000
0.076546 -0.056710 3.950000
0.080168 -0.050457 3.950000
0.083782 -0.044199 3.950000
0.087385 -0.037935 3.950000
0.090979 -0.031666 3.950000
0.094561 -0.025389 3.950000
0.098126 -0.019103 3.950000
0.101665 -0.012802 3.950000
0.105145 -0.006469 3.950000
0.108366 -0.000000 3.950000

