0.346174 0.000000 37.790000
0.335648 0.020543 37.790000
0.324428 0.040716 37.790000
0.313057 0.060803 37.790000
0.301620 0.080853 37.790000
0.290144 0.100881 37.790000
0.278641 0.120893 37.790000
0.267117 0.140893 37.790000
0.255576 0.160884 37.790000
0.244017 0.180864 37.790000
0.232437 0.200832 37.790000
0.220831 0.220784 37.790000
0.209186 0.240714 37.790000
0.197475 0.260605 37.790000
0.185615 0.280408 37.790000
0.173087 0.299795 37.790000
0.150033 0.300951 37.790000
0.126953 0.301321 37.790000
0.103872 0.301517 37.790000
0.080789 0.301637 37.790000
0.057707 0.301712 37.790000
0.034624 0.301757 37.790000
0.011541 0.301777 37.790000
-0.011541 0.301777 37.790000
-0.034624 0.301757 37.790000
-0.057707 0.301712 37.790000
-0.080789 0.301637 37.790000
-0.103872 0.301517 37.790000
-0.126953 0.301321 37.790000
-0.150033 0.300951 37.790000
-0.173087 0.299795 37.790000
-0.185615 0.280408 37.790000
-0.197475 0.260605 37.790000
-0.209186 0.240714 37.790000
-0.220831 0.220784 37.790000
-0.232437 0.200832 37.790000
-0.244017 0.180864 37.790000
-0.255576 0.160884 37.790000
-0.267117 0.140893 37.790000
-0.278641 0.120893 37.790000
-0.290144 0.100881 37.790000
-0.301620 0.080853 37.790000
-0.313057 0.060803 37.790000
-0.324428 0.040716 37.790000
-0.335648 0.020543 37.790000
-0.346174 0.000000 37.790000
-0.335648 -0.020543 37.790000
-0.324428 -0.040716 37.790000
-0.313057 -0.060803 37.790000
-0.301620 -0.080853 37.790000
-0.290144 -0.100881 37.790000
-0.278641 -0.120893 37.790000
-0.267117 -0.140893 37.790000
-0.255576 -0.160884 37.790000
-0.244017 -0.180864 37.790000
-0.232437 -0.200832 37.790000
-0.220831 -0.220784 37.790000
-0.209186 -0.240714 37.790000
-0.197475 -0.260605 37.790000
-0.185615 -0.280408 37.790000
-0.173087 -0.299795 37.790000
-0.150033 -0.300951 37.790000
-0.126953 -0.301321 37.790000
-0.103872 -0.301517 37.790000
-0.080789 -0.301637 37.790000
-0.057707 -0.301712 37.790000
-0.034624 -0.301757 37.790000
-0.011541 -0.301777 37.790000
0.011541 -0.301777 37.790000
0.034624 -0.301757 37.790000
0.057707 -0.301712 37.790000
0.080789 -0.301637 37.790000
0.103872 -0.301517 37.790000
0.126953 -0.301321 37.790000
0.150033 -0.300951 37.790000
0.173087 -0.299795 37.790000
0.185615 -0.280408 37.790000
0.197475 -0.260605 37.790000
0.209186 -0.240714 37.790000
0.220831 -0.220784 37.790000
0.232437 -0.200832 37.790000
0.244017 -0.180864 37.790000
0.255576 -0.160884 37.790000
0.267117 -0.140893 37.790000
0.278641 -0.120893 37.790000
0.290144 -0.100881 37.790000
0.301620 -0.080853 37.790000
0.313057 -0.060803 37.790000
0.324428 -0.040716 37.790000
0.335648 -0.020543 37.790000
0.346174 0.000000 37.790000

