0.091544 -0.000000 2.530000
0.088828 0.005468 2.530000
0.085890 0.010819 2.530000
0.082902 0.016142 2.530000
0.079891 0.021453 2.530000
0.076866 0.026756 2.530000
0.073831 0.032052 2.530000
0.070786 0.037344 2.530000
0.067734 0.042631 2.530000
0.064673 0.047913 2.530000
0.061604 0.053190 2.530000
0.058524 0.058461 2.530000
0.055431 0.063724 2.530000
0.052315 0.068974 2.530000
0.049149 0.074194 2.530000
0.045772 0.079279 2.530000
0.039679 0.079661 2.530000
0.033576 0.079793 2.530000
0.027471 0.079866 2.530000
0.021367 0.079914 2.530000
0.015262 0.079946 2.530000
0.009157 0.079965 2.530000
0.003052 0.079975 2.530000
-0.003052 0.079975 2.530000
-0.009157 0.079965 2.530000
-0.015262 0.079946 2.530000
-0.021367 0.079914 2.530000
-0.027471 0.079866 2.530000
-0.033576 0.079793 2.530000
-0.039679 0.079661 2.530000
-0.045772 0.079279 2.530000
-0.049149 0.074194 2.530000
-0.052315 0.068974 2.530000
-0.055431 0.063724 2.530000
-0.058524 0.058461 2.530000
-0.061604 0.053190 2.530000
-0.064673 0.047913 2.530000
-0.067734 0.042631 2.530000
-0.070786 0.037344 2.530000
-0.073831 0.032052 2.530000
-0.076866 0.026756 2.530000
-0.079891 0.021453 2.530000
-0.082902 0.016142 2.530000
-0.085890 0.010819 2.530000
-0.088828 0.005468 2.530000
-0.091544 -0.000000 2.530000
-0.088828 -0.005468 2.530000
-0.085890 -0.010819 2.530000
-0.082902 -0.016142 2.530000
-0.079891 -0.021453 2.530000
-0.076866 -0.026756 2.530000
-0.073831 -0.032052 2.530000
-0.070786 -0.037344 2.530000
-0.067734 -0.042631 2.530000
-0.064673 -0.047913 2.530000
-0.061604 -0.053190 2.530000
-0.058524 -0.058461 2.530000
-0.055431 -0.063724 2.530000
-0.052315 -0.068974 2.530000
-0.049149 -0.074194 2.530000
-0.045772 -0.079279 2.530000
-0.039679 -0.079661 2.530000
-0.033576 -0.079793 2.530000
-0.027471 -0.079866 2.530000
-0.021367 -0.079914 2.530000
-0.015262 -0.079946 2.530000
-0.009157 -0.079965 2.530000
-0.003052 -0.079975 2.530000
0.003052 -0.079975 2.530000
0.009157 -0.079965 2.530000
0.015262 -0.079946 2.530000
0.021367 -0.079914 2.530000
0.027471 -0.079866 2.530000
0.033576 -0.079793 2.530000
0.039679 -0.079661 2.530000
0.045772 -0.079279 2.530000
0.049149 -0.074194 2.530000
0.052315 -0.068974 2.530000
0.055431 -0.063724 2.530000
0.058524 -0.058461 2.530000
0.061604 -0.053190 2.530000
0.064673 -0.047913 2.530000
0.067734 -0.042631 2.530000
0.070786 -0.037344 2.530000
0.073831 -0.032052 2.530000
0.076866 -0.026756 2.530000
0.079891 -0.021453 2.530000
0.082902 -0.016142 2.530000
0.085890 -0.010819 2.530000
0.088828 -0.005468 2.530000
0.091544 -0.000000 2.530000

