0.264724 0.000000 23.690000
0.256730 0.015738 23.690000
0.248175 0.031179 23.690000
0.239496 0.046550 23.690000
0.230763 0.061891 23.690000
0.221997 0.077213 23.690000
0.213208 0.092521 23.690000
0.204399 0.107818 23.690000
0.195573 0.123105 23.690000
0.186729 0.138383 23.690000
0.177867 0.153649 23.690000
0.168981 0.168901 23.690000
0.160062 0.184134 23.690000
0.151089 0.199336 23.690000
0.141995 0.214465 23.690000
0.132362 0.229257 23.690000
0.114735 0.230204 23.690000
0.097086 0.230515 23.690000
0.079434 0.230685 23.690000
0.061782 0.230792 23.690000
0.044130 0.230862 23.690000
0.026478 0.230904 23.690000
0.008826 0.230924 23.690000
-0.008826 0.230924 23.690000
-0.026478 0.230904 23.690000
-0.044130 0.230862 23.690000
-0.061782 0.230792 23.690000
-0.079434 0.230685 23.690000
-0.097086 0.230515 23.690000
-0.114735 0.230204 23.690000
-0.132362 0.229257 23.690000
-0.141995 0.214465 23.690000
-0.151089 0.199336 23.690000
-0.160062 0.184134 23.690000
-0.168981 0.168901 23.690000
-0.177867 0.153649 23.690000
-0.186729 0.138383 23.690000
-0.195573 0.123105 23.690000
-0.204399 0.107818 23.690000
-0.213208 0.092521 23.690000
-0.221997 0.077213 23.690000
-0.230763 0.061891 23.690000
-0.239496 0.046550 23.690000
-0.248175 0.031179 23.690000
-0.256730 0.015738 23.690000
-0.264724 0.000000 23.690000
-0.256730 -0.015738 23.690000
-0.248175 -0.031179 23.690000
-0.239496 -0.046550 23.690000
-0.230763 -0.061891 23.690000
-0.221997 -0.077213 23.690000
-0.213208 -0.092521 23.690000
-0.204399 -0.107818 23.690000
-0.195573 -0.123105 23.690000
-0.186729 -0.138383 23.690000
-0.177867 -0.153649 23.690000
-0.168981 -0.168901 23.690000
-0.160062 -0.184134 23.690000
-0.151089 -0.199336 23.690000
-0.141995 -0.214465 23.690000
-0.132362 -0.229257 23.690000
-0.114735 -0.230204 23.690000
-0.097086 -0.230515 23.690000
-0.079434 -0.230685 23.690000
-0.061782 -0.230792 23.690000
-0.044130 -0.230862 23.690000
-0.026478 -0.230904 23.690000
-0.008826 -0.230924 23.690000
0.008826 -0.230924 23.690000
0.026478 -0.230904 23.690000
0.044130 -0.230862 23.690000
0.061782 -0.230792 23.690000
0.079434 -0.230685 23.690000
0.097086 -0.230515 23.690000
0.114735 -0.230204 23.690000
0.132362 -0.229257 23.690000
0.141995 -0.214465 23.690000
0.151089 -0.199336 23.690000
0.160062 -0.184134 23.690000
0.168981 -0.168901 23.690000
0.177867 -0.153649 23.690000
0.186729 -0.138383 23.690000
0.195573 -0.123105 23.690000
0.204399 -0.107818 23.690000
0.213208 -0.092521 23.690000
0.221997 -0.077213 23.690000
0.230763 -0.061891 23.690000
0.239496 -0.046550 23.690000
0.248175 -0.031179 23.690000
0.256730 -0.015738 23.690000
0.264724 0.000000 23.690000

