0.252072 0.000000 21.710000
0.244469 0.014991 21.710000
0.236327 0.029696 21.710000
0.228066 0.044334 21.710000
0.219752 0.058943 21.710000
0.211406 0.073533 21.710000
0.203038 0.088110 21.710000
0.194650 0.102677 21.710000
0.186246 0.117234 21.710000
0.177825 0.131781 21.710000
0.169385 0.146317 21.710000
0.160922 0.160839 21.710000
0.152427 0.175344 21.710000
0.143880 0.189817 21.710000
0.135217 0.204221 21.710000
0.126036 0.218301 21.710000
0.109252 0.219212 21.710000
0.092446 0.219513 21.710000
0.075638 0.219678 21.710000
0.058830 0.219782 21.710000
0.042022 0.219850 21.710000
0.025213 0.219891 21.710000
0.008404 0.219911 21.710000
-0.008404 0.219911 21.710000
-0.025213 0.219891 21.710000
-0.042022 0.219850 21.710000
-0.058830 0.219782 21.710000
-0.075638 0.219678 21.710000
-0.092446 0.219513 21.710000
-0.109252 0.219212 21.710000
-0.126036 0.218301 21.710000
-0.135217 0.204221 21.710000
-0.143880 0.189817 21.710000
-0.152427 0.175344 21.710000
-0.160922 0.160839 21.710000
-0.169385 0.146317 21.710000
-0.177825 0.131781 21.710000
-0.186246 0.117234 21.710000
-0.194650 0.102677 21.710000
-0.203038 0.088110 21.710000
-0.211406 0.073533 21.710000
-0.219752 0.058943 21.710000
-0.228066 0.044334 21.710000
-0.236327 0.029696 21.710000
-0.244469 0.014991 21.710000
-0.252072 0.000000 21.710000
-0.244469 -0.014991 21.710000
-0.236327 -0.029696 21.710000
-0.228066 -0.044334 21.710000
-0.219752 -0.058943 21.710000
-0.211406 -0.073533 21.710000
-0.203038 -0.088110 21.710000
-0.194650 -0.102677 21.710000
-0.186246 -0.117234 21.710000
-0.177825 -0.131781 21.710000
-0.169385 -0.146317 21.710000
-0.160922 -0.160839 21.710000
-0.152427 -0.175344 21.710000
-0.143880 -0.189817 21.710000
-0.135217 -0.204221 21.710000
-0.126036 -0.218301 21.710000
-0.109252 -0.219212 21.710000
-0.092446 -0.219513 21.710000
-0.075638 -0.219678 21.710000
-0.058830 -0.219782 21.710000
-0.042022 -0.219850 21.710000
-0.025213 -0.219891 21.710000
-0.008404 -0.219911 21.710000
0.008404 -0.219911 21.710000
0.025213 -0.219891 21.710000
0.042022 -0.219850 21.710000
0.058830 -0.219782 21.710000
0.075638 -0.219678 21.710000
0.092446 -0.219513 21.710000
0.109252 -0.219212 21.710000
0.126036 -0.218301 21.710000
0.135217 -0.204221 21.710000
0.143880 -0.189817 21.710000
0.152427 -0.175344 21.710000
0.160922 -0.160839 21.710000
0.169385 -0.146317 21.710000
0.177825 -0.131781 21.710000
0.186246 -0.117234 21.710000
0.194650 -0.102677 21.710000
0.203038 -0.088110 21.710000
0.211406 -0.073533 21.710000
0.219752 -0.058943 21.710000
0.228066 -0.044334 21.710000
0.236327 -0.029696 21.710000
0.244469 -0.014991 21.710000
0.252072 0.000000 21.710000

