0.313535 0.000000 31.870000
0.304027 0.018619 31.870000
0.293876 0.036896 31.870000
0.283585 0.055095 31.870000
0.273233 0.073258 31.870000
0.262843 0.091401 31.870000
0.252428 0.109528 31.870000
0.241993 0.127644 31.870000
0.231540 0.145750 31.870000
0.221069 0.163845 31.870000
0.210577 0.181929 31.870000
0.200060 0.199997 31.870000
0.189506 0.218045 31.870000
0.178891 0.236056 31.870000
0.168138 0.253985 31.870000
0.156767 0.271529 31.870000
0.135888 0.272605 31.870000
0.114985 0.272952 31.870000
0.094079 0.273140 31.870000
0.073173 0.273256 31.870000
0.052266 0.273329 31.870000
0.031360 0.273374 31.870000
0.010453 0.273394 31.870000
-0.010453 0.273394 31.870000
-0.031360 0.273374 31.870000
-0.052266 0.273329 31.870000
-0.073173 0.273256 31.870000
-0.094079 0.273140 31.870000
-0.114985 0.272952 31.870000
-0.135888 0.272605 31.870000
-0.156767 0.271529 31.870000
-0.168138 0.253985 31.870000
-0.178891 0.236056 31.870000
-0.189506 0.218045 31.870000
-0.200060 0.199997 31.870000
-0.210577 0.181929 31.870000
-0.221069 0.163845 31.870000
-0.231540 0.145750 31.870000
-0.241993 0.127644 31.870000
-0.252428 0.109528 31.870000
-0.262843 0.091401 31.870000
-0.273233 0.073258 31.870000
-0.283585 0.055095 31.870000
-0.293876 0.036896 31.870000
-0.304027 0.018619 31.870000
-0.313535 0.000000 31.870000
-0.304027 -0.018619 31.870000
-0.293876 -0.036896 31.870000
-0.283585 -0.055095 31.870000
-0.273233 -0.073258 31.870000
-0.262843 -0.091401 31.870000
-0.252428 -0.109528 31.870000
-0.241993 -0.127644 31.870000
-0.231540 -0.145750 31.870000
-0.221069 -0.163845 31.870000
-0.210577 -0.181929 31.870000
-0.200060 -0.199997 31.870000
-0.189506 -0.218045 31.870000
-0.178891 -0.236056 31.870000
-0.168138 -0.253985 31.870000
-0.156767 -0.271529 31.870000
-0.135888 -0.272605 31.870000
-0.114985 -0.272952 31.870000
-0.094079 -0.273140 31.870000
-0.073173 -0.273256 31.870000
-0.052266 -0.273329 31.870000
-0.031360 -0.273374 31.870000
-0.010453 -0.273394 31.870000
0.010453 -0.273394 31.870000
0.031360 -0.273374 31.870000
0.052266 -0.273329 31.870000
0.073173 -0.273256 31.870000
0.094079 -0.273140 31.870000
0.114985 -0.272952 31.870000
0.135888 -0.272605 31.870000
0.156767 -0.271529 31.870000
0.168138 -0.253985 31.870000
0.178891 -0.236056 31.870000
0.189506 -0.218045 31.870000
0.200060 -0.199997 31.870000
0.210577 -0.181929 31.870000
0.221069 -0.163845 31.870000
0.231540 -0.145750 31.870000
0.241993 -0.127644 31.870000
0.252428 -0.109528 31.870000
0.262843 -0.091401 31.870000
0.273233 -0.073258 31.870000
0.283585 -0.055095 31.870000
0.293876 -0.036896 31.870000
0.304027 -0.018619 31.870000
0.313535 0.000000 31.870000

