0.297201 0.000000 29.040000
0.288201 0.017656 29.040000
0.278585 0.034984 29.040000
0.268834 0.052237 29.040000
0.259023 0.069456 29.040000
0.249178 0.086655 29.040000
0.239307 0.103839 29.040000
0.229416 0.121012 29.040000
0.219507 0.138174 29.040000
0.209580 0.155326 29.040000
0.199634 0.172467 29.040000
0.189662 0.189593 29.040000
0.179655 0.206698 29.040000
0.169589 0.223769 29.040000
0.159391 0.240761 29.040000
0.148601 0.257384 29.040000
0.128810 0.258417 29.040000
0.108995 0.258753 29.040000
0.089179 0.258935 29.040000
0.069361 0.259049 29.040000
0.049544 0.259121 29.040000
0.029726 0.259165 29.040000
0.009909 0.259186 29.040000
-0.009909 0.259186 29.040000
-0.029726 0.259165 29.040000
-0.049544 0.259121 29.040000
-0.069361 0.259049 29.040000
-0.089179 0.258935 29.040000
-0.108995 0.258753 29.040000
-0.128810 0.258417 29.040000
-0.148601 0.257384 29.040000
-0.159391 0.240761 29.040000
-0.169589 0.223769 29.040000
-0.179655 0.206698 29.040000
-0.189662 0.189593 29.040000
-0.199634 0.172467 29.040000
-0.209580 0.155326 29.040000
-0.219507 0.138174 29.040000
-0.229416 0.121012 29.040000
-0.239307 0.103839 29.040000
-0.249178 0.086655 29.040000
-0.259023 0.069456 29.040000
-0.268834 0.052237 29.040000
-0.278585 0.034984 29.040000
-0.288201 0.017656 29.040000
-0.297201 0.000000 29.040000
-0.288201 -0.017656 29.040000
-0.278585 -0.034984 29.040000
-0.268834 -0.052237 29.040000
-0.259023 -0.069456 29.040000
-0.249178 -0.086655 29.040000
-0.239307 -0.103839 29.040000
-0.229416 -0.121012 29.040000
-0.219507 -0.138174 29.040000
-0.209580 -0.155326 29.040000
-0.199634 -0.172467 29.040000
-0.189662 -0.189593 29.040000
-0.179655 -0.206698 29.040000
-0.169589 -0.223769 29.040000
-0.159391 -0.240761 29.040000
-0.148601 -0.257384 29.040000
-0.128810 -0.258417 29.040000
-0.108995 -0.258753 29.040000
-0.089179 -0.258935 29.040000
-0.069361 -0.259049 29.040000
-0.049544 -0.259121 29.040000
-0.029726 -0.259165 29.040000
-0.009909 -0.259186 29.040000
0.009909 -0.259186 29.040000
0.029726 -0.259165 29.040000
0.049544 -0.259121 29.040000
0.069361 -0.259049 29.040000
0.089179 -0.258935 29.040000
0.108995 -0.258753 29.040000
0.128810 -0.258417 29.040000
0.148601 -0.257384 29.040000
0.159391 -0.240761 29.040000
0.169589 -0.223769 29.040000
0.179655 -0.206698 29.040000
0.189662 -0.189593 29.040000
0.199634 -0.172467 29.040000
0.209580 -0.155326 29.040000
0.219507 -0.138174 29.040000
0.229416 -0.121012 29.040000
0.239307 -0.103839 29.040000
0.249178 -0.086655 29.040000
0.259023 -0.069456 29.040000
0.268834 -0.052237 29.040000
0.278585 -0.034984 29.040000
0.288201 -0.017656 29.040000
0.297201 0.000000 29.040000

