0.255303 0.000000 22.210000
0.247601 0.015182 22.210000
0.239353 0.030075 22.210000
0.230985 0.044900 22.210000
0.222564 0.059696 22.210000
0.214111 0.074473 22.210000
0.205635 0.089237 22.210000
0.197140 0.103990 22.210000
0.188628 0.118733 22.210000
0.180099 0.133467 22.210000
0.171551 0.148189 22.210000
0.162980 0.162898 22.210000
0.154377 0.177589 22.210000
0.145722 0.192248 22.210000
0.136948 0.206838 22.210000
0.127652 0.221099 22.210000
0.110653 0.222019 22.210000
0.093631 0.222323 22.210000
0.076608 0.222489 22.210000
0.059584 0.222594 22.210000
0.042560 0.222662 22.210000
0.025536 0.222704 22.210000
0.008512 0.222724 22.210000
-0.008512 0.222724 22.210000
-0.025536 0.222704 22.210000
-0.042560 0.222662 22.210000
-0.059584 0.222594 22.210000
-0.076608 0.222489 22.210000
-0.093631 0.222323 22.210000
-0.110653 0.222019 22.210000
-0.127652 0.221099 22.210000
-0.136948 0.206838 22.210000
-0.145722 0.192248 22.210000
-0.154377 0.177589 22.210000
-0.162980 0.162898 22.210000
-0.171551 0.148189 22.210000
-0.180099 0.133467 22.210000
-0.188628 0.118733 22.210000
-0.197140 0.103990 22.210000
-0.205635 0.089237 22.210000
-0.214111 0.074473 22.210000
-0.222564 0.059696 22.210000
-0.230985 0.044900 22.210000
-0.239353 0.030075 22.210000
-0.247601 0.015182 22.210000
-0.255303 0.000000 22.210000
-0.247601 -0.015182 22.210000
-0.239353 -0.030075 22.210000
-0.230985 -0.044900 22.210000
-0.222564 -0.059696 22.210000
-0.214111 -0.074473 22.210000
-0.205635 -0.089237 22.210000
-0.197140 -0.103990 22.210000
-0.188628 -0.118733 22.210000
-0.180099 -0.133467 22.210000
-0.171551 -0.148189 22.210000
-0.162980 -0.162898 22.210000
-0.154377 -0.177589 22.210000
-0.145722 -0.192248 22.210000
-0.136948 -0.206838 22.210000
-0.127652 -0.221099 22.210000
-0.110653 -0.222019 22.210000
-0.093631 -0.222323 22.210000
-0.076608 -0.222489 22.210000
-0.059584 -0.222594 22.210000
-0.042560 -0.222662 22.210000
-0.025536 -0.222704 22.210000
-0.008512 -0.222724 22.210000
0.008512 -0.222724 22.210000
0.025536 -0.222704 22.210000
0.042560 -0.222662 22.210000
0.059584 -0.222594 22.210000
0.076608 -0.222489 22.210000
0.093631 -0.222323 22.210000
0.110653 -0.222019 22.210000
0.127652 -0.221099 22.210000
0.136948 -0.206838 22.210000
0.145722 -0.192248 22.210000
0.154377 -0.177589 22.210000
0.162980 -0.162898 22.210000
0.171551 -0.148189 22.210000
0.180099 -0.133467 22.210000
0.188628 -0.118733 22.210000
0.197140 -0.103990 22.210000
0.205635 -0.089237 22.210000
0.214111 -0.074473 22.210000
0.222564 -0.059696 22.210000
0.230985 -0.044900 22.210000
0.239353 -0.030075 22.210000
0.247601 -0.015182 22.210000
0.255303 0.000000 22.210000

