0.286645 0.000000 27.260000
0.277973 0.017033 27.260000
0.268702 0.033748 27.260000
0.259300 0.050389 27.260000
0.249840 0.066998 27.260000
0.240345 0.083586 27.260000
0.230825 0.100161 27.260000
0.221286 0.116724 27.260000
0.211729 0.133277 27.260000
0.202155 0.149820 27.260000
0.192560 0.166351 27.260000
0.182941 0.182869 27.260000
0.173288 0.199365 27.260000
0.163577 0.215829 27.260000
0.153737 0.232215 27.260000
0.143323 0.248242 27.260000
0.124235 0.249248 27.260000
0.105124 0.249576 27.260000
0.086012 0.249755 27.260000
0.066898 0.249866 27.260000
0.047784 0.249938 27.260000
0.028671 0.249981 27.260000
0.009557 0.250002 27.260000
-0.009557 0.250002 27.260000
-0.028671 0.249981 27.260000
-0.047784 0.249938 27.260000
-0.066898 0.249866 27.260000
-0.086012 0.249755 27.260000
-0.105124 0.249576 27.260000
-0.124235 0.249248 27.260000
-0.143323 0.248242 27.260000
-0.153737 0.232215 27.260000
-0.163577 0.215829 27.260000
-0.173288 0.199365 27.260000
-0.182941 0.182869 27.260000
-0.192560 0.166351 27.260000
-0.202155 0.149820 27.260000
-0.211729 0.133277 27.260000
-0.221286 0.116724 27.260000
-0.230825 0.100161 27.260000
-0.240345 0.083586 27.260000
-0.249840 0.066998 27.260000
-0.259300 0.050389 27.260000
-0.268702 0.033748 27.260000
-0.277973 0.017033 27.260000
-0.286645 0.000000 27.260000
-0.277973 -0.017033 27.260000
-0.268702 -0.033748 27.260000
-0.259300 -0.050389 27.260000
-0.249840 -0.066998 27.260000
-0.240345 -0.083586 27.260000
-0.230825 -0.100161 27.260000
-0.221286 -0.116724 27.260000
-0.211729 -0.133277 27.260000
-0.202155 -0.149820 27.260000
-0.192560 -0.166351 27.260000
-0.182941 -0.182869 27.260000
-0.173288 -0.199365 27.260000
-0.163577 -0.215829 27.260000
-0.153737 -0.232215 27.260000
-0.143323 -0.248242 27.260000
-0.124235 -0.249248 27.260000
-0.105124 -0.249576 27.260000
-0.086012 -0.249755 27.260000
-0.066898 -0.249866 27.260000
-0.047784 -0.249938 27.260000
-0.028671 -0.249981 27.260000
-0.009557 -0.250002 27.260000
0.009557 -0.250002 27.260000
0.028671 -0.249981 27.260000
0.047784 -0.249938 27.260000
0.066898 -0.249866 27.260000
0.086012 -0.249755 27.260000
0.105124 -0.249576 27.260000
0.124235 -0.249248 27.260000
0.143323 -0.248242 27.260000
0.153737 -0.232215 27.260000
0.163577 -0.215829 27.260000
0.173288 -0.199365 27.260000
0.182941 -0.182869 27.260000
0.192560 -0.166351 27.260000
0.202155 -0.149820 27.260000
0.211729 -0.133277 27.260000
0.221286 -0.116724 27.260000
0.230825 -0.100161 27.260000
0.240345 -0.083586 27.260000
0.249840 -0.066998 27.260000
0.259300 -0.050389 27.260000
0.268702 -0.033748 27.260000
0.277973 -0.017033 27.260000
0.286645 0.000000 27.260000

