0.292426 0.000000 28.230000
0.283574 0.017374 28.230000
0.274114 0.034425 28.230000
0.264521 0.051401 28.230000
0.254869 0.068344 28.230000
0.245182 0.085267 28.230000
0.235470 0.102175 28.230000
0.225739 0.119072 28.230000
0.215989 0.135959 28.230000
0.206222 0.152836 28.230000
0.196434 0.169701 28.230000
0.186622 0.186551 28.230000
0.176775 0.203381 28.230000
0.166870 0.220177 28.230000
0.156834 0.236895 28.230000
0.146213 0.253249 28.230000
0.126741 0.254270 28.230000
0.107244 0.254602 28.230000
0.087746 0.254782 28.230000
0.068247 0.254895 28.230000
0.048748 0.254968 28.230000
0.029249 0.255011 28.230000
0.009750 0.255031 28.230000
-0.009750 0.255031 28.230000
-0.029249 0.255011 28.230000
-0.048748 0.254968 28.230000
-0.068247 0.254895 28.230000
-0.087746 0.254782 28.230000
-0.107244 0.254602 28.230000
-0.126741 0.254270 28.230000
-0.146213 0.253249 28.230000
-0.156834 0.236895 28.230000
-0.166870 0.220177 28.230000
-0.176775 0.203381 28.230000
-0.186622 0.186551 28.230000
-0.196434 0.169701 28.230000
-0.206222 0.152836 28.230000
-0.215989 0.135959 28.230000
-0.225739 0.119072 28.230000
-0.235470 0.102175 28.230000
-0.245182 0.085267 28.230000
-0.254869 0.068344 28.230000
-0.264521 0.051401 28.230000
-0.274114 0.034425 28.230000
-0.283574 0.017374 28.230000
-0.292426 0.000000 28.230000
-0.283574 -0.017374 28.230000
-0.274114 -0.034425 28.230000
-0.264521 -0.051401 28.230000
-0.254869 -0.068344 28.230000
-0.245182 -0.085267 28.230000
-0.235470 -0.102175 28.230000
-0.225739 -0.119072 28.230000
-0.215989 -0.135959 28.230000
-0.206222 -0.152836 28.230000
-0.196434 -0.169701 28.230000
-0.186622 -0.186551 28.230000
-0.176775 -0.203381 28.230000
-0.166870 -0.220177 28.230000
-0.156834 -0.236895 28.230000
-0.146213 -0.253249 28.230000
-0.126741 -0.254270 28.230000
-0.107244 -0.254602 28.230000
-0.087746 -0.254782 28.230000
-0.068247 -0.254895 28.230000
-0.048748 -0.254968 28.230000
-0.029249 -0.255011 28.230000
-0.009750 -0.255031 28.230000
0.009750 -0.255031 28.230000
0.029249 -0.255011 28.230000
0.048748 -0.254968 28.230000
0.068247 -0.254895 28.230000
0.087746 -0.254782 28.230000
0.107244 -0.254602 28.230000
0.126741 -0.254270 28.230000
0.146213 -0.253249 28.230000
0.156834 -0.236895 28.230000
0.166870 -0.220177 28.230000
0.176775 -0.203381 28.230000
0.186622 -0.186551 28.230000
0.196434 -0.169701 28.230000
0.206222 -0.152836 28.230000
0.215989 -0.135959 28.230000
0.225739 -0.119072 28.230000
0.235470 -0.102175 28.230000
0.245182 -0.085267 28.230000
0.254869 -0.068344 28.230000
0.264521 -0.051401 28.230000
0.274114 -0.034425 28.230000
0.283574 -0.017374 28.230000
0.292426 0.000000 28.230000

