0.212163 0.000000 15.870000
0.205788 0.012630 15.870000
0.198945 0.025013 15.870000
0.191999 0.037338 15.870000
0.185006 0.049637 15.870000
0.177986 0.061919 15.870000
0.170945 0.074190 15.870000
0.163886 0.086452 15.870000
0.156813 0.098704 15.870000
0.149723 0.110947 15.870000
0.142617 0.123181 15.870000
0.135490 0.135402 15.870000
0.128335 0.147607 15.870000
0.121134 0.159785 15.870000
0.113832 0.171903 15.870000
0.106081 0.183739 15.870000
0.091956 0.184533 15.870000
0.077811 0.184798 15.870000
0.063664 0.184945 15.870000
0.049517 0.185039 15.870000
0.035369 0.185100 15.870000
0.021221 0.185138 15.870000
0.007074 0.185156 15.870000
-0.007074 0.185156 15.870000
-0.021221 0.185138 15.870000
-0.035369 0.185100 15.870000
-0.049517 0.185039 15.870000
-0.063664 0.184945 15.870000
-0.077811 0.184798 15.870000
-0.091956 0.184533 15.870000
-0.106081 0.183739 15.870000
-0.113832 0.171903 15.870000
-0.121134 0.159785 15.870000
-0.128335 0.147607 15.870000
-0.135490 0.135402 15.870000
-0.142617 0.123181 15.870000
-0.149723 0.110947 15.870000
-0.156813 0.098704 15.870000
-0.163886 0.086452 15.870000
-0.170945 0.074190 15.870000
-0.177986 0.061919 15.870000
-0.185006 0.049637 15.870000
-0.191999 0.037338 15.870000
-0.198945 0.025013 15.870000
-0.205788 0.012630 15.870000
-0.212163 0.000000 15.870000
-0.205788 -0.012630 15.870000
-0.198945 -0.025013 15.870000
-0.191999 -0.037338 15.870000
-0.185006 -0.049637 15.870000
-0.177986 -0.061919 15.870000
-0.170945 -0.074190 15.870000
-0.163886 -0.086452 15.870000
-0.156813 -0.098704 15.870000
-0.149723 -0.110947 15.870000
-0.142617 -0.123181 15.870000
-0.135490 -0.135402 15.870000
-0.128335 -0.147607 15.870000
-0.121134 -0.159785 15.870000
-0.113832 -0.171903 15.870000
-0.106081 -0.183739 15.870000
-0.091956 -0.184533 15.870000
-0.077811 -0.184798 15.870000
-0.063664 -0.184945 15.870000
-0.049517 -0.185039 15.870000
-0.035369 -0.185100 15.870000
-0.021221 -0.185138 15.870000
-0.007074 -0.185156 15.870000
0.007074 -0.185156 15.870000
0.021221 -0.185138 15.870000
0.035369 -0.185100 15.870000
0.049517 -0.185039 15.870000
0.063664 -0.184945 15.870000
0.077811 -0.184798 15.870000
0.091956 -0.184533 15.870000
0.106081 -0.183739 15.870000
0.113832 -0.171903 15.870000
0.121134 -0.159785 15.870000
0.128335 -0.147607 15.870000
0.135490 -0.135402 15.870000
0.142617 -0.123181 15.870000
0.149723 -0.110947 15.870000
0.156813 -0.098704 15.870000
0.163886 -0.086452 15.870000
0.170945 -0.074190 15.870000
0.177986 -0.061919 15.870000
0.185006 -0.049637 15.870000
0.191999 -0.037338 15.870000
0.198945 -0.025013 15.870000
0.205788 -0.012630 15.870000
0.212163 0.000000 15.870000

