0.380209 0.000000 44.320000
0.368618 0.022547 44.320000
0.356281 0.044695 44.320000
0.343783 0.066751 44.320000
0.331213 0.088768 44.320000
0.318602 0.110760 44.320000
0.305963 0.132737 44.320000
0.293304 0.154703 44.320000
0.280629 0.176658 44.320000
0.267936 0.198603 44.320000
0.255222 0.220537 44.320000
0.242481 0.242455 44.320000
0.229700 0.264349 44.320000
0.216848 0.286201 44.320000
0.203836 0.307959 44.320000
0.190104 0.329271 44.320000
0.164783 0.330506 44.320000
0.139434 0.330896 44.320000
0.114083 0.331100 44.320000
0.088731 0.331223 44.320000
0.063380 0.331298 44.320000
0.038028 0.331341 44.320000
0.012676 0.331360 44.320000
-0.012676 0.331360 44.320000
-0.038028 0.331341 44.320000
-0.063380 0.331298 44.320000
-0.088731 0.331223 44.320000
-0.114083 0.331100 44.320000
-0.139434 0.330896 44.320000
-0.164783 0.330506 44.320000
-0.190104 0.329271 44.320000
-0.203836 0.307959 44.320000
-0.216848 0.286201 44.320000
-0.229700 0.264349 44.320000
-0.242481 0.242455 44.320000
-0.255222 0.220537 44.320000
-0.267936 0.198603 44.320000
-0.280629 0.176658 44.320000
-0.293304 0.154703 44.320000
-0.305963 0.132737 44.320000
-0.318602 0.110760 44.320000
-0.331213 0.088768 44.320000
-0.343783 0.066751 44.320000
-0.356281 0.044695 44.320000
-0.368618 0.022547 44.320000
-0.380209 0.000000 44.320000
-0.368618 -0.022547 44.320000
-0.356281 -0.044695 44.320000
-0.343783 -0.066751 44.320000
-0.331213 -0.088768 44.320000
-0.318602 -0.110760 44.320000
-0.305963 -0.132737 44.320000
-0.293304 -0.154703 44.320000
-0.280629 -0.176658 44.320000
-0.267936 -0.198603 44.320000
-0.255222 -0.220537 44.320000
-0.242481 -0.242455 44.320000
-0.229700 -0.264349 44.320000
-0.216848 -0.286201 44.320000
-0.203836 -0.307959 44.320000
-0.190104 -0.329271 44.320000
-0.164783 -0.330506 44.320000
-0.139434 -0.330896 44.320000
-0.114083 -0.331100 44.320000
-0.088731 -0.331223 44.320000
-0.063380 -0.331298 44.320000
-0.038028 -0.331341 44.320000
-0.012676 -0.331360 44.320000
0.012676 -0.331360 44.320000
0.038028 -0.331341 44.320000
0.063380 -0.331298 44.320000
0.088731 -0.331223 44.320000
0.114083 -0.331100 44.320000
0.139434 -0.330896 44.320000
0.164783 -0.330506 44.320000
0.190104 -0.329271 44.320000
0.203836 -0.307959 44.320000
0.216848 -0.286201 44.320000
0.229700 -0.264349 44.320000
0.242481 -0.242455 44.320000
0.255222 -0.220537 44.320000
0.267936 -0.198603 44.320000
0.280629 -0.176658 44.320000
0.293304 -0.154703 44.320000
0.305963 -0.132737 44.320000
0.318602 -0.110760 44.320000
0.331213 -0.088768 44.320000
0.343783 -0.066751 44.320000
0.356281 -0.044695 44.320000
0.368618 -0.022547 44.320000
0.380209 0.000000 44.320000

