0.295497 0.000000 28.750000
0.286550 0.017555 28.750000
0.276989 0.034784 28.750000
0.267295 0.051939 28.750000
0.257541 0.069059 28.750000
0.247752 0.086159 28.750000
0.237938 0.103245 28.750000
0.228103 0.120319 28.750000
0.218251 0.137384 28.750000
0.208382 0.154437 28.750000
0.198492 0.171480 28.750000
0.188577 0.188507 28.750000
0.178627 0.205515 28.750000
0.168619 0.222487 28.750000
0.158478 0.239382 28.750000
0.147748 0.255908 28.750000
0.128071 0.256937 28.750000
0.108370 0.257272 28.750000
0.088667 0.257453 28.750000
0.068964 0.257566 28.750000
0.049260 0.257639 28.750000
0.029556 0.257683 28.750000
0.009852 0.257703 28.750000
-0.009852 0.257703 28.750000
-0.029556 0.257683 28.750000
-0.049260 0.257639 28.750000
-0.068964 0.257566 28.750000
-0.088667 0.257453 28.750000
-0.108370 0.257272 28.750000
-0.128071 0.256937 28.750000
-0.147748 0.255908 28.750000
-0.158478 0.239382 28.750000
-0.168619 0.222487 28.750000
-0.178627 0.205515 28.750000
-0.188577 0.188507 28.750000
-0.198492 0.171480 28.750000
-0.208382 0.154437 28.750000
-0.218251 0.137384 28.750000
-0.228103 0.120319 28.750000
-0.237938 0.103245 28.750000
-0.247752 0.086159 28.750000
-0.257541 0.069059 28.750000
-0.267295 0.051939 28.750000
-0.276989 0.034784 28.750000
-0.286550 0.017555 28.750000
-0.295497 0.000000 28.750000
-0.286550 -0.017555 28.750000
-0.276989 -0.034784 28.750000
-0.267295 -0.051939 28.750000
-0.257541 -0.069059 28.750000
-0.247752 -0.086159 28.750000
-0.237938 -0.103245 28.750000
-0.228103 -0.120319 28.750000
-0.218251 -0.137384 28.750000
-0.208382 -0.154437 28.750000
-0.198492 -0.171480 28.750000
-0.188577 -0.188507 28.750000
-0.178627 -0.205515 28.750000
-0.168619 -0.222487 28.750000
-0.158478 -0.239382 28.750000
-0.147748 -0.255908 28.750000
-0.128071 -0.256937 28.750000
-0.108370 -0.257272 28.750000
-0.088667 -0.257453 28.750000
-0.068964 -0.257566 28.750000
-0.049260 -0.257639 28.750000
-0.029556 -0.257683 28.750000
-0.009852 -0.257703 28.750000
0.009852 -0.257703 28.750000
0.029556 -0.257683 28.750000
0.049260 -0.257639 28.750000
0.068964 -0.257566 28.750000
0.088667 -0.257453 28.750000
0.108370 -0.257272 28.750000
0.128071 -0.256937 28.750000
0.147748 -0.255908 28.750000
0.158478 -0.239382 28.750000
0.168619 -0.222487 28.750000
0.178627 -0.205515 28.750000
0.188577 -0.188507 28.750000
0.198492 -0.171480 28.750000
0.208382 -0.154437 28.750000
0.218251 -0.137384 28.750000
0.228103 -0.120319 28.750000
0.237938 -0.103245 28.750000
0.247752 -0.086159 28.750000
0.257541 -0.069059 28.750000
0.267295 -0.051939 28.750000
0.276989 -0.034784 28.750000
0.286550 -0.017555 28.750000
0.295497 0.000000 28.750000

