0.194250 0.000000 13.460000
0.188424 0.011569 13.460000
0.182164 0.022909 13.460000
0.175806 0.034195 13.460000
0.169406 0.045457 13.460000
0.162980 0.056704 13.460000
0.156534 0.067939 13.460000
0.150072 0.079166 13.460000
0.143596 0.090384 13.460000
0.137104 0.101593 13.460000
0.130597 0.112793 13.460000
0.124070 0.123982 13.460000
0.117517 0.135155 13.460000
0.110922 0.146304 13.460000
0.104231 0.157396 13.460000
0.097125 0.168226 13.460000
0.084193 0.168965 13.460000
0.071242 0.169213 13.460000
0.058289 0.169350 13.460000
0.045336 0.169439 13.460000
0.032383 0.169497 13.460000
0.019430 0.169532 13.460000
0.006477 0.169549 13.460000
-0.006477 0.169549 13.460000
-0.019430 0.169532 13.460000
-0.032383 0.169497 13.460000
-0.045336 0.169439 13.460000
-0.058289 0.169350 13.460000
-0.071242 0.169213 13.460000
-0.084193 0.168965 13.460000
-0.097125 0.168226 13.460000
-0.104231 0.157396 13.460000
-0.110922 0.146304 13.460000
-0.117517 0.135155 13.460000
-0.124070 0.123982 13.460000
-0.130597 0.112793 13.460000
-0.137104 0.101593 13.460000
-0.143596 0.090384 13.460000
-0.150072 0.079166 13.460000
-0.156534 0.067939 13.460000
-0.162980 0.056704 13.460000
-0.169406 0.045457 13.460000
-0.175806 0.034195 13.460000
-0.182164 0.022909 13.460000
-0.188424 0.011569 13.460000
-0.194250 0.000000 13.460000
-0.188424 -0.011569 13.460000
-0.182164 -0.022909 13.460000
-0.175806 -0.034195 13.460000
-0.169406 -0.045457 13.460000
-0.162980 -0.056704 13.460000
-0.156534 -0.067939 13.460000
-0.150072 -0.079166 13.460000
-0.143596 -0.090384 13.460000
-0.137104 -0.101593 13.460000
-0.130597 -0.112793 13.460000
-0.124070 -0.123982 13.460000
-0.117517 -0.135155 13.460000
-0.110922 -0.146304 13.460000
-0.104231 -0.157396 13.460000
-0.097125 -0.168226 13.460000
-0.084193 -0.168965 13.460000
-0.071242 -0.169213 13.460000
-0.058289 -0.169350 13.460000
-0.045336 -0.169439 13.460000
-0.032383 -0.169497 13.460000
-0.019430 -0.169532 13.460000
-0.006477 -0.169549 13.460000
0.006477 -0.169549 13.460000
0.019430 -0.169532 13.460000
0.032383 -0.169497 13.460000
0.045336 -0.169439 13.460000
0.058289 -0.169350 13.460000
0.071242 -0.169213 13.460000
0.084193 -0.168965 13.460000
0.097125 -0.168226 13.460000
0.104231 -0.157396 13.460000
0.110922 -0.146304 13.460000
0.117517 -0.135155 13.460000
0.124070 -0.123982 13.460000
0.130597 -0.112793 13.460000
0.137104 -0.101593 13.460000
0.143596 -0.090384 13.460000
0.150072 -0.079166 13.460000
0.156534 -0.067939 13.460000
0.162980 -0.056704 13.460000
0.169406 -0.045457 13.460000
0.175806 -0.034195 13.460000
0.182164 -0.022909 13.460000
0.188424 -0.011569 13.460000
0.194250 0.000000 13.460000

