0.291002 0.000000 27.990000
0.282195 0.017290 27.990000
0.272781 0.034258 27.990000
0.263235 0.051152 27.990000
0.253630 0.068012 27.990000
0.243991 0.084853 27.990000
0.234326 0.101679 27.990000
0.224642 0.118494 27.990000
0.214940 0.135299 27.990000
0.205220 0.152093 27.990000
0.195480 0.168876 27.990000
0.185716 0.185644 27.990000
0.175916 0.202392 27.990000
0.166059 0.219106 27.990000
0.156071 0.235743 27.990000
0.145501 0.252016 27.990000
0.126124 0.253033 27.990000
0.106722 0.253364 27.990000
0.087319 0.253544 27.990000
0.067915 0.253657 27.990000
0.048511 0.253729 27.990000
0.029106 0.253772 27.990000
0.009702 0.253793 27.990000
-0.009702 0.253793 27.990000
-0.029106 0.253772 27.990000
-0.048511 0.253729 27.990000
-0.067915 0.253657 27.990000
-0.087319 0.253544 27.990000
-0.106722 0.253364 27.990000
-0.126124 0.253033 27.990000
-0.145501 0.252016 27.990000
-0.156071 0.235743 27.990000
-0.166059 0.219106 27.990000
-0.175916 0.202392 27.990000
-0.185716 0.185644 27.990000
-0.195480 0.168876 27.990000
-0.205220 0.152093 27.990000
-0.214940 0.135299 27.990000
-0.224642 0.118494 27.990000
-0.234326 0.101679 27.990000
-0.243991 0.084853 27.990000
-0.253630 0.068012 27.990000
-0.263235 0.051152 27.990000
-0.272781 0.034258 27.990000
-0.282195 0.017290 27.990000
-0.291002 0.000000 27.990000
-0.282195 -0.017290 27.990000
-0.272781 -0.034258 27.990000
-0.263235 -0.051152 27.990000
-0.253630 -0.068012 27.990000
-0.243991 -0.084853 27.990000
-0.234326 -0.101679 27.990000
-0.224642 -0.118494 27.990000
-0.214940 -0.135299 27.990000
-0.205220 -0.152093 27.990000
-0.195480 -0.168876 27.990000
-0.185716 -0.185644 27.990000
-0.175916 -0.202392 27.990000
-0.166059 -0.219106 27.990000
-0.156071 -0.235743 27.990000
-0.145501 -0.252016 27.990000
-0.126124 -0.253033 27.990000
-0.106722 -0.253364 27.990000
-0.087319 -0.253544 27.990000
-0.067915 -0.253657 27.990000
-0.048511 -0.253729 27.990000
-0.029106 -0.253772 27.990000
-0.009702 -0.253793 27.990000
0.009702 -0.253793 27.990000
0.029106 -0.253772 27.990000
0.048511 -0.253729 27.990000
0.067915 -0.253657 27.990000
0.087319 -0.253544 27.990000
0.106722 -0.253364 27.990000
0.126124 -0.253033 27.990000
0.145501 -0.252016 27.990000
0.156071 -0.235743 27.990000
0.166059 -0.219106 27.990000
0.175916 -0.202392 27.990000
0.185716 -0.185644 27.990000
0.195480 -0.168876 27.990000
0.205220 -0.152093 27.990000
0.214940 -0.135299 27.990000
0.224642 -0.118494 27.990000
0.234326 -0.101679 27.990000
0.243991 -0.084853 27.990000
0.253630 -0.068012 27.990000
0.263235 -0.051152 27.990000
0.272781 -0.034258 27.990000
0.282195 -0.017290 27.990000
0.291002 0.000000 27.990000

