0.363551 0.000000 41.080000
0.352483 0.021567 41.080000
0.340693 0.042748 41.080000
0.328746 0.063841 41.080000
0.316731 0.084895 41.080000
0.304675 0.105926 41.080000
0.292593 0.126941 41.080000
0.280489 0.147945 41.080000
0.268369 0.168939 41.080000
0.256231 0.189922 41.080000
0.244072 0.210894 41.080000
0.231886 0.231849 41.080000
0.219661 0.252782 41.080000
0.207367 0.273675 41.080000
0.194919 0.294476 41.080000
0.181776 0.314845 41.080000
0.157564 0.316042 41.080000
0.133326 0.316422 41.080000
0.109085 0.316623 41.080000
0.084844 0.316744 41.080000
0.060603 0.316819 41.080000
0.036362 0.316863 41.080000
0.012121 0.316883 41.080000
-0.012121 0.316883 41.080000
-0.036362 0.316863 41.080000
-0.060603 0.316819 41.080000
-0.084844 0.316744 41.080000
-0.109085 0.316623 41.080000
-0.133326 0.316422 41.080000
-0.157564 0.316042 41.080000
-0.181776 0.314845 41.080000
-0.194919 0.294476 41.080000
-0.207367 0.273675 41.080000
-0.219661 0.252782 41.080000
-0.231886 0.231849 41.080000
-0.244072 0.210894 41.080000
-0.256231 0.189922 41.080000
-0.268369 0.168939 41.080000
-0.280489 0.147945 41.080000
-0.292593 0.126941 41.080000
-0.304675 0.105926 41.080000
-0.316731 0.084895 41.080000
-0.328746 0.063841 41.080000
-0.340693 0.042748 41.080000
-0.352483 0.021567 41.080000
-0.363551 0.000000 41.080000
-0.352483 -0.021567 41.080000
-0.340693 -0.042748 41.080000
-0.328746 -0.063841 41.080000
-0.316731 -0.084895 41.080000
-0.304675 -0.105926 41.080000
-0.292593 -0.126941 41.080000
-0.280489 -0.147945 41.080000
-0.268369 -0.168939 41.080000
-0.256231 -0.189922 41.080000
-0.244072 -0.210894 41.080000
-0.231886 -0.231849 41.080000
-0.219661 -0.252782 41.080000
-0.207367 -0.273675 41.080000
-0.194919 -0.294476 41.080000
-0.181776 -0.314845 41.080000
-0.157564 -0.316042 41.080000
-0.133326 -0.316422 41.080000
-0.109085 -0.316623 41.080000
-0.084844 -0.316744 41.080000
-0.060603 -0.316819 41.080000
-0.036362 -0.316863 41.080000
-0.012121 -0.316883 41.080000
0.012121 -0.316883 41.080000
0.036362 -0.316863 41.080000
0.060603 -0.316819 41.080000
0.084844 -0.316744 41.080000
0.109085 -0.316623 41.080000
0.133326 -0.316422 41.080000
0.157564 -0.316042 41.080000
0.181776 -0.314845 41.080000
0.194919 -0.294476 41.080000
0.207367 -0.273675 41.080000
0.219661 -0.252782 41.080000
0.231886 -0.231849 41.080000
0.244072 -0.210894 41.080000
0.256231 -0.189922 41.080000
0.268369 -0.168939 41.080000
0.280489 -0.147945 41.080000
0.292593 -0.126941 41.080000
0.304675 -0.105926 41.080000
0.316731 -0.084895 41.080000
0.328746 -0.063841 41.080000
0.340693 -0.042748 41.080000
0.352483 -0.021567 41.080000
0.363551 0.000000 41.080000

