0.294790 0.000000 28.630000
0.285865 0.017514 28.630000
0.276327 0.034702 28.630000
0.266656 0.051815 28.630000
0.256926 0.068894 28.630000
0.247160 0.085954 28.630000
0.237370 0.102999 28.630000
0.227559 0.120032 28.630000
0.217731 0.137056 28.630000
0.207884 0.154069 28.630000
0.198018 0.171070 28.630000
0.188127 0.188057 28.630000
0.178201 0.205024 28.630000
0.168216 0.221956 28.630000
0.158100 0.238809 28.630000
0.147395 0.255296 28.630000
0.127765 0.256323 28.630000
0.108111 0.256657 28.630000
0.088455 0.256838 28.630000
0.068799 0.256951 28.630000
0.049142 0.257024 28.630000
0.029485 0.257068 28.630000
0.009828 0.257088 28.630000
-0.009828 0.257088 28.630000
-0.029485 0.257068 28.630000
-0.049142 0.257024 28.630000
-0.068799 0.256951 28.630000
-0.088455 0.256838 28.630000
-0.108111 0.256657 28.630000
-0.127765 0.256323 28.630000
-0.147395 0.255296 28.630000
-0.158100 0.238809 28.630000
-0.168216 0.221956 28.630000
-0.178201 0.205024 28.630000
-0.188127 0.188057 28.630000
-0.198018 0.171070 28.630000
-0.207884 0.154069 28.630000
-0.217731 0.137056 28.630000
-0.227559 0.120032 28.630000
-0.237370 0.102999 28.630000
-0.247160 0.085954 28.630000
-0.256926 0.068894 28.630000
-0.266656 0.051815 28.630000
-0.276327 0.034702 28.630000
-0.285865 0.017514 28.630000
-0.294790 0.000000 28.630000
-0.285865 -0.017514 28.630000
-0.276327 -0.034702 28.630000
-0.266656 -0.051815 28.630000
-0.256926 -0.068894 28.630000
-0.247160 -0.085954 28.630000
-0.237370 -0.102999 28.630000
-0.227559 -0.120032 28.630000
-0.217731 -0.137056 28.630000
-0.207884 -0.154069 28.630000
-0.198018 -0.171070 28.630000
-0.188127 -0.188057 28.630000
-0.178201 -0.205024 28.630000
-0.168216 -0.221956 28.630000
-0.158100 -0.238809 28.630000
-0.147395 -0.255296 28.630000
-0.127765 -0.256323 28.630000
-0.108111 -0.256657 28.630000
-0.088455 -0.256838 28.630000
-0.068799 -0.256951 28.630000
-0.049142 -0.257024 28.630000
-0.029485 -0.257068 28.630000
-0.009828 -0.257088 28.630000
0.009828 -0.257088 28.630000
0.029485 -0.257068 28.630000
0.049142 -0.257024 28.630000
0.068799 -0.256951 28.630000
0.088455 -0.256838 28.630000
0.108111 -0.256657 28.630000
0.127765 -0.256323 28.630000
0.147395 -0.255296 28.630000
0.158100 -0.238809 28.630000
0.168216 -0.221956 28.630000
0.178201 -0.205024 28.630000
0.188127 -0.188057 28.630000
0.198018 -0.171070 28.630000
0.207884 -0.154069 28.630000
0.217731 -0.137056 28.630000
0.227559 -0.120032 28.630000
0.237370 -0.102999 28.630000
0.247160 -0.085954 28.630000
0.256926 -0.068894 28.630000
0.266656 -0.051815 28.630000
0.276327 -0.034702 28.630000
0.285865 -0.017514 28.630000
0.294790 0.000000 28.630000

