0.209768 0.000000 15.540000
0.203467 0.012488 15.540000
0.196702 0.024732 15.540000
0.189834 0.036918 15.540000
0.182921 0.049078 15.540000
0.175980 0.061222 15.540000
0.169018 0.073355 15.540000
0.162040 0.085478 15.540000
0.155046 0.097592 15.540000
0.148036 0.109697 15.540000
0.141010 0.121792 15.540000
0.133963 0.133875 15.540000
0.126889 0.145943 15.540000
0.119769 0.157983 15.540000
0.112549 0.169963 15.540000
0.104884 0.181665 15.540000
0.090918 0.182452 15.540000
0.076933 0.182715 15.540000
0.062946 0.182860 15.540000
0.048958 0.182953 15.540000
0.034970 0.183014 15.540000
0.020982 0.183052 15.540000
0.006994 0.183070 15.540000
-0.006994 0.183070 15.540000
-0.020982 0.183052 15.540000
-0.034970 0.183014 15.540000
-0.048958 0.182953 15.540000
-0.062946 0.182860 15.540000
-0.076933 0.182715 15.540000
-0.090918 0.182452 15.540000
-0.104884 0.181665 15.540000
-0.112549 0.169963 15.540000
-0.119769 0.157983 15.540000
-0.126889 0.145943 15.540000
-0.133963 0.133875 15.540000
-0.141010 0.121792 15.540000
-0.148036 0.109697 15.540000
-0.155046 0.097592 15.540000
-0.162040 0.085478 15.540000
-0.169018 0.073355 15.540000
-0.175980 0.061222 15.540000
-0.182921 0.049078 15.540000
-0.189834 0.036918 15.540000
-0.196702 0.024732 15.540000
-0.203467 0.012488 15.540000
-0.209768 0.000000 15.540000
-0.203467 -0.012488 15.540000
-0.196702 -0.024732 15.540000
-0.189834 -0.036918 15.540000
-0.182921 -0.049078 15.540000
-0.175980 -0.061222 15.540000
-0.169018 -0.073355 15.540000
-0.162040 -0.085478 15.540000
-0.155046 -0.097592 15.540000
-0.148036 -0.109697 15.540000
-0.141010 -0.121792 15.540000
-0.133963 -0.133875 15.540000
-0.126889 -0.145943 15.540000
-0.119769 -0.157983 15.540000
-0.112549 -0.169963 15.540000
-0.104884 -0.181665 15.540000
-0.090918 -0.182452 15.540000
-0.076933 -0.182715 15.540000
-0.062946 -0.182860 15.540000
-0.048958 -0.182953 15.540000
-0.034970 -0.183014 15.540000
-0.020982 -0.183052 15.540000
-0.006994 -0.183070 15.540000
0.006994 -0.183070 15.540000
0.020982 -0.183052 15.540000
0.034970 -0.183014 15.540000
0.048958 -0.182953 15.540000
0.062946 -0.182860 15.540000
0.076933 -0.182715 15.540000
0.090918 -0.182452 15.540000
0.104884 -0.181665 15.540000
0.112549 -0.169963 15.540000
0.119769 -0.157983 15.540000
0.126889 -0.145943 15.540000
0.133963 -0.133875 15.540000
0.141010 -0.121792 15.540000
0.148036 -0.109697 15.540000
0.155046 -0.097592 15.540000
0.162040 -0.085478 15.540000
0.169018 -0.073355 15.540000
0.175980 -0.061222 15.540000
0.182921 -0.049078 15.540000
0.189834 -0.036918 15.540000
0.196702 -0.024732 15.540000
0.203467 -0.012488 15.540000
0.209768 0.000000 15.540000

