0.371625 0.000000 42.640000
0.360304 0.022042 42.640000
0.348249 0.043691 42.640000
0.336034 0.065252 42.640000
0.323750 0.086772 42.640000
0.311426 0.108269 42.640000
0.299074 0.129751 42.640000
0.286701 0.151220 42.640000
0.274311 0.172680 42.640000
0.261904 0.194130 42.640000
0.249477 0.215568 42.640000
0.237022 0.236990 42.640000
0.224527 0.258388 42.640000
0.211962 0.279746 42.640000
0.199241 0.301011 42.640000
0.185813 0.321837 42.640000
0.161063 0.323053 42.640000
0.136286 0.323438 42.640000
0.111508 0.323640 42.640000
0.086728 0.323762 42.640000
0.061949 0.323837 42.640000
0.037169 0.323881 42.640000
0.012390 0.323901 42.640000
-0.012390 0.323901 42.640000
-0.037169 0.323881 42.640000
-0.061949 0.323837 42.640000
-0.086728 0.323762 42.640000
-0.111508 0.323640 42.640000
-0.136286 0.323438 42.640000
-0.161063 0.323053 42.640000
-0.185813 0.321837 42.640000
-0.199241 0.301011 42.640000
-0.211962 0.279746 42.640000
-0.224527 0.258388 42.640000
-0.237022 0.236990 42.640000
-0.249477 0.215568 42.640000
-0.261904 0.194130 42.640000
-0.274311 0.172680 42.640000
-0.286701 0.151220 42.640000
-0.299074 0.129751 42.640000
-0.311426 0.108269 42.640000
-0.323750 0.086772 42.640000
-0.336034 0.065252 42.640000
-0.348249 0.043691 42.640000
-0.360304 0.022042 42.640000
-0.371625 0.000000 42.640000
-0.360304 -0.022042 42.640000
-0.348249 -0.043691 42.640000
-0.336034 -0.065252 42.640000
-0.323750 -0.086772 42.640000
-0.311426 -0.108269 42.640000
-0.299074 -0.129751 42.640000
-0.286701 -0.151220 42.640000
-0.274311 -0.172680 42.640000
-0.261904 -0.194130 42.640000
-0.249477 -0.215568 42.640000
-0.237022 -0.236990 42.640000
-0.224527 -0.258388 42.640000
-0.211962 -0.279746 42.640000
-0.199241 -0.301011 42.640000
-0.185813 -0.321837 42.640000
-0.161063 -0.323053 42.640000
-0.136286 -0.323438 42.640000
-0.111508 -0.323640 42.640000
-0.086728 -0.323762 42.640000
-0.061949 -0.323837 42.640000
-0.037169 -0.323881 42.640000
-0.012390 -0.323901 42.640000
0.012390 -0.323901 42.640000
0.037169 -0.323881 42.640000
0.061949 -0.323837 42.640000
0.086728 -0.323762 42.640000
0.111508 -0.323640 42.640000
0.136286 -0.323438 42.640000
0.161063 -0.323053 42.640000
0.185813 -0.321837 42.640000
0.199241 -0.301011 42.640000
0.211962 -0.279746 42.640000
0.224527 -0.258388 42.640000
0.237022 -0.236990 42.640000
0.249477 -0.215568 42.640000
0.261904 -0.194130 42.640000
0.274311 -0.172680 42.640000
0.286701 -0.151220 42.640000
0.299074 -0.129751 42.640000
0.311426 -0.108269 42.640000
0.323750 -0.086772 42.640000
0.336034 -0.065252 42.640000
0.348249 -0.043691 42.640000
0.360304 -0.022042 42.640000
0.371625 0.000000 42.640000

