0.269979 0.000000 24.530000
0.261823 0.016049 24.530000
0.253096 0.031795 24.530000
0.244244 0.047471 24.530000
0.235337 0.063115 24.530000
0.226396 0.078741 24.530000
0.217432 0.094353 24.530000
0.208448 0.109954 24.530000
0.199447 0.125544 24.530000
0.190428 0.141125 24.530000
0.181390 0.156694 24.530000
0.172328 0.172250 24.530000
0.163233 0.187786 24.530000
0.154083 0.203290 24.530000
0.144810 0.218721 24.530000
0.134990 0.233809 24.530000
0.117013 0.234770 24.530000
0.099013 0.235085 24.530000
0.081011 0.235257 24.530000
0.063009 0.235365 24.530000
0.045006 0.235435 24.530000
0.027004 0.235478 24.530000
0.009001 0.235498 24.530000
-0.009001 0.235498 24.530000
-0.027004 0.235478 24.530000
-0.045006 0.235435 24.530000
-0.063009 0.235365 24.530000
-0.081011 0.235257 24.530000
-0.099013 0.235085 24.530000
-0.117013 0.234770 24.530000
-0.134990 0.233809 24.530000
-0.144810 0.218721 24.530000
-0.154083 0.203290 24.530000
-0.163233 0.187786 24.530000
-0.172328 0.172250 24.530000
-0.181390 0.156694 24.530000
-0.190428 0.141125 24.530000
-0.199447 0.125544 24.530000
-0.208448 0.109954 24.530000
-0.217432 0.094353 24.530000
-0.226396 0.078741 24.530000
-0.235337 0.063115 24.530000
-0.244244 0.047471 24.530000
-0.253096 0.031795 24.530000
-0.261823 0.016049 24.530000
-0.269979 0.000000 24.530000
-0.261823 -0.016049 24.530000
-0.253096 -0.031795 24.530000
-0.244244 -0.047471 24.530000
-0.235337 -0.063115 24.530000
-0.226396 -0.078741 24.530000
-0.217432 -0.094353 24.530000
-0.208448 -0.109954 24.530000
-0.199447 -0.125544 24.530000
-0.190428 -0.141125 24.530000
-0.181390 -0.156694 24.530000
-0.172328 -0.172250 24.530000
-0.163233 -0.187786 24.530000
-0.154083 -0.203290 24.530000
-0.144810 -0.218721 24.530000
-0.134990 -0.233809 24.530000
-0.117013 -0.234770 24.530000
-0.099013 -0.235085 24.530000
-0.081011 -0.235257 24.530000
-0.063009 -0.235365 24.530000
-0.045006 -0.235435 24.530000
-0.027004 -0.235478 24.530000
-0.009001 -0.235498 24.530000
0.009001 -0.235498 24.530000
0.027004 -0.235478 24.530000
0.045006 -0.235435 24.530000
0.063009 -0.235365 24.530000
0.081011 -0.235257 24.530000
0.099013 -0.235085 24.530000
0.117013 -0.234770 24.530000
0.134990 -0.233809 24.530000
0.144810 -0.218721 24.530000
0.154083 -0.203290 24.530000
0.163233 -0.187786 24.530000
0.172328 -0.172250 24.530000
0.181390 -0.156694 24.530000
0.190428 -0.141125 24.530000
0.199447 -0.125544 24.530000
0.208448 -0.109954 24.530000
0.217432 -0.094353 24.530000
0.226396 -0.078741 24.530000
0.235337 -0.063115 24.530000
0.244244 -0.047471 24.530000
0.253096 -0.031795 24.530000
0.261823 -0.016049 24.530000
0.269979 0.000000 24.530000

