0.225632 0.000000 17.770000
0.218843 0.013427 17.770000
0.211562 0.026594 17.770000
0.204172 0.039700 17.770000
0.196734 0.052778 17.770000
0.189267 0.065840 17.770000
0.181778 0.078889 17.770000
0.174271 0.091929 17.770000
0.166748 0.104959 17.770000
0.159209 0.117979 17.770000
0.151652 0.130990 17.770000
0.144074 0.143988 17.770000
0.136467 0.156969 17.770000
0.128812 0.169921 17.770000
0.121050 0.182810 17.770000
0.112816 0.195403 17.770000
0.097793 0.196237 17.770000
0.082750 0.196515 17.770000
0.067705 0.196668 17.770000
0.052660 0.196766 17.770000
0.037614 0.196830 17.770000
0.022569 0.196869 17.770000
0.007523 0.196887 17.770000
-0.007523 0.196887 17.770000
-0.022569 0.196869 17.770000
-0.037614 0.196830 17.770000
-0.052660 0.196766 17.770000
-0.067705 0.196668 17.770000
-0.082750 0.196515 17.770000
-0.097793 0.196237 17.770000
-0.112816 0.195403 17.770000
-0.121050 0.182810 17.770000
-0.128812 0.169921 17.770000
-0.136467 0.156969 17.770000
-0.144074 0.143988 17.770000
-0.151652 0.130990 17.770000
-0.159209 0.117979 17.770000
-0.166748 0.104959 17.770000
-0.174271 0.091929 17.770000
-0.181778 0.078889 17.770000
-0.189267 0.065840 17.770000
-0.196734 0.052778 17.770000
-0.204172 0.039700 17.770000
-0.211562 0.026594 17.770000
-0.218843 0.013427 17.770000
-0.225632 0.000000 17.770000
-0.218843 -0.013427 17.770000
-0.211562 -0.026594 17.770000
-0.204172 -0.039700 17.770000
-0.196734 -0.052778 17.770000
-0.189267 -0.065840 17.770000
-0.181778 -0.078889 17.770000
-0.174271 -0.091929 17.770000
-0.166748 -0.104959 17.770000
-0.159209 -0.117979 17.770000
-0.151652 -0.130990 17.770000
-0.144074 -0.143988 17.770000
-0.136467 -0.156969 17.770000
-0.128812 -0.169921 17.770000
-0.121050 -0.182810 17.770000
-0.112816 -0.195403 17.770000
-0.097793 -0.196237 17.770000
-0.082750 -0.196515 17.770000
-0.067705 -0.196668 17.770000
-0.052660 -0.196766 17.770000
-0.037614 -0.196830 17.770000
-0.022569 -0.196869 17.770000
-0.007523 -0.196887 17.770000
0.007523 -0.196887 17.770000
0.022569 -0.196869 17.770000
0.037614 -0.196830 17.770000
0.052660 -0.196766 17.770000
0.067705 -0.196668 17.770000
0.082750 -0.196515 17.770000
0.097793 -0.196237 17.770000
0.112816 -0.195403 17.770000
0.121050 -0.182810 17.770000
0.128812 -0.169921 17.770000
0.136467 -0.156969 17.770000
0.144074 -0.143988 17.770000
0.151652 -0.130990 17.770000
0.159209 -0.117979 17.770000
0.166748 -0.104959 17.770000
0.174271 -0.091929 17.770000
0.181778 -0.078889 17.770000
0.189267 -0.065840 17.770000
0.196734 -0.052778 17.770000
0.204172 -0.039700 17.770000
0.211562 -0.026594 17.770000
0.218843 -0.013427 17.770000
0.225632 0.000000 17.770000

