0.333389 0.000000 35.430000
0.323262 0.019790 35.430000
0.312461 0.039220 35.430000
0.301514 0.058568 35.430000
0.290502 0.077879 35.430000
0.279451 0.097168 35.430000
0.268374 0.116442 35.430000
0.257277 0.135704 35.430000
0.246162 0.154956 35.430000
0.235029 0.174198 35.430000
0.223876 0.193428 35.430000
0.212696 0.212642 35.430000
0.201478 0.231835 35.430000
0.190196 0.250990 35.430000
0.178770 0.270058 35.430000
0.166694 0.288723 35.430000
0.144493 0.289848 35.430000
0.122265 0.290209 35.430000
0.100036 0.290402 35.430000
0.077806 0.290521 35.430000
0.055576 0.290596 35.430000
0.033345 0.290640 35.430000
0.011115 0.290661 35.430000
-0.011115 0.290661 35.430000
-0.033345 0.290640 35.430000
-0.055576 0.290596 35.430000
-0.077806 0.290521 35.430000
-0.100036 0.290402 35.430000
-0.122265 0.290209 35.430000
-0.144493 0.289848 35.430000
-0.166694 0.288723 35.430000
-0.178770 0.270058 35.430000
-0.190196 0.250990 35.430000
-0.201478 0.231835 35.430000
-0.212696 0.212642 35.430000
-0.223876 0.193428 35.430000
-0.235029 0.174198 35.430000
-0.246162 0.154956 35.430000
-0.257277 0.135704 35.430000
-0.268374 0.116442 35.430000
-0.279451 0.097168 35.430000
-0.290502 0.077879 35.430000
-0.301514 0.058568 35.430000
-0.312461 0.039220 35.430000
-0.323262 0.019790 35.430000
-0.333389 0.000000 35.430000
-0.323262 -0.019790 35.430000
-0.312461 -0.039220 35.430000
-0.301514 -0.058568 35.430000
-0.290502 -0.077879 35.430000
-0.279451 -0.097168 35.430000
-0.268374 -0.116442 35.430000
-0.257277 -0.135704 35.430000
-0.246162 -0.154956 35.430000
-0.235029 -0.174198 35.430000
-0.223876 -0.193428 35.430000
-0.212696 -0.212642 35.430000
-0.201478 -0.231835 35.430000
-0.190196 -0.250990 35.430000
-0.178770 -0.270058 35.430000
-0.166694 -0.288723 35.430000
-0.144493 -0.289848 35.430000
-0.122265 -0.290209 35.430000
-0.100036 -0.290402 35.430000
-0.077806 -0.290521 35.430000
-0.055576 -0.290596 35.430000
-0.033345 -0.290640 35.430000
-0.011115 -0.290661 35.430000
0.011115 -0.290661 35.430000
0.033345 -0.290640 35.430000
0.055576 -0.290596 35.430000
0.077806 -0.290521 35.430000
0.100036 -0.290402 35.430000
0.122265 -0.290209 35.430000
0.144493 -0.289848 35.430000
0.166694 -0.288723 35.430000
0.178770 -0.270058 35.430000
0.190196 -0.250990 35.430000
0.201478 -0.231835 35.430000
0.212696 -0.212642 35.430000
0.223876 -0.193428 35.430000
0.235029 -0.174198 35.430000
0.246162 -0.154956 35.430000
0.257277 -0.135704 35.430000
0.268374 -0.116442 35.430000
0.279451 -0.097168 35.430000
0.290502 -0.077879 35.430000
0.301514 -0.058568 35.430000
0.312461 -0.039220 35.430000
0.323262 -0.019790 35.430000
0.333389 0.000000 35.430000

