0.311200 0.000000 31.460000
0.301765 0.018482 31.460000
0.291691 0.036623 31.460000
0.281477 0.054686 31.460000
0.271202 0.072715 31.460000
0.260891 0.090723 31.460000
0.250553 0.108715 31.460000
0.240196 0.126696 31.460000
0.229820 0.144667 31.460000
0.219427 0.162628 31.460000
0.209013 0.180577 31.460000
0.198574 0.198510 31.460000
0.188098 0.216423 31.460000
0.177562 0.234300 31.460000
0.166888 0.252095 31.460000
0.155600 0.269507 31.460000
0.134877 0.270577 31.460000
0.114129 0.270923 31.460000
0.093379 0.271110 31.460000
0.072628 0.271225 31.460000
0.051877 0.271299 31.460000
0.031126 0.271343 31.460000
0.010375 0.271364 31.460000
-0.010375 0.271364 31.460000
-0.031126 0.271343 31.460000
-0.051877 0.271299 31.460000
-0.072628 0.271225 31.460000
-0.093379 0.271110 31.460000
-0.114129 0.270923 31.460000
-0.134877 0.270577 31.460000
-0.155600 0.269507 31.460000
-0.166888 0.252095 31.460000
-0.177562 0.234300 31.460000
-0.188098 0.216423 31.460000
-0.198574 0.198510 31.460000
-0.209013 0.180577 31.460000
-0.219427 0.162628 31.460000
-0.229820 0.144667 31.460000
-0.240196 0.126696 31.460000
-0.250553 0.108715 31.460000
-0.260891 0.090723 31.460000
-0.271202 0.072715 31.460000
-0.281477 0.054686 31.460000
-0.291691 0.036623 31.460000
-0.301765 0.018482 31.460000
-0.311200 0.000000 31.460000
-0.301765 -0.018482 31.460000
-0.291691 -0.036623 31.460000
-0.281477 -0.054686 31.460000
-0.271202 -0.072715 31.460000
-0.260891 -0.090723 31.460000
-0.250553 -0.108715 31.460000
-0.240196 -0.126696 31.460000
-0.229820 -0.144667 31.460000
-0.219427 -0.162628 31.460000
-0.209013 -0.180577 31.460000
-0.198574 -0.198510 31.460000
-0.188098 -0.216423 31.460000
-0.177562 -0.234300 31.460000
-0.166888 -0.252095 31.460000
-0.155600 -0.269507 31.460000
-0.134877 -0.270577 31.460000
-0.114129 -0.270923 31.460000
-0.093379 -0.271110 31.460000
-0.072628 -0.271225 31.460000
-0.051877 -0.271299 31.460000
-0.031126 -0.271343 31.460000
-0.010375 -0.271364 31.460000
0.010375 -0.271364 31.460000
0.031126 -0.271343 31.460000
0.051877 -0.271299 31.460000
0.072628 -0.271225 31.460000
0.093379 -0.271110 31.460000
0.114129 -0.270923 31.460000
0.134877 -0.270577 31.460000
0.155600 -0.269507 31.460000
0.166888 -0.252095 31.460000
0.177562 -0.234300 31.460000
0.188098 -0.216423 31.460000
0.198574 -0.198510 31.460000
0.209013 -0.180577 31.460000
0.219427 -0.162628 31.460000
0.229820 -0.144667 31.460000
0.240196 -0.126696 31.460000
0.250553 -0.108715 31.460000
0.260891 -0.090723 31.460000
0.271202 -0.072715 31.460000
0.281477 -0.054686 31.460000
0.291691 -0.036623 31.460000
0.301765 -0.018482 31.460000
0.311200 0.000000 31.460000

