0.258637 0.000000 22.730000
0.250832 0.015379 22.730000
0.242475 0.030465 22.730000
0.233997 0.045484 22.730000
0.225466 0.060473 22.730000
0.216902 0.075443 22.730000
0.208315 0.090399 22.730000
0.199709 0.105345 22.730000
0.191086 0.120281 22.730000
0.182446 0.135207 22.730000
0.173787 0.150122 22.730000
0.165104 0.165023 22.730000
0.156389 0.179906 22.730000
0.147621 0.194757 22.730000
0.138734 0.209537 22.730000
0.129319 0.223986 22.730000
0.112097 0.224916 22.730000
0.094854 0.225222 22.730000
0.077608 0.225390 22.730000
0.060362 0.225496 22.730000
0.043116 0.225564 22.730000
0.025870 0.225606 22.730000
0.008623 0.225626 22.730000
-0.008623 0.225626 22.730000
-0.025870 0.225606 22.730000
-0.043116 0.225564 22.730000
-0.060362 0.225496 22.730000
-0.077608 0.225390 22.730000
-0.094854 0.225222 22.730000
-0.112097 0.224916 22.730000
-0.129319 0.223986 22.730000
-0.138734 0.209537 22.730000
-0.147621 0.194757 22.730000
-0.156389 0.179906 22.730000
-0.165104 0.165023 22.730000
-0.173787 0.150122 22.730000
-0.182446 0.135207 22.730000
-0.191086 0.120281 22.730000
-0.199709 0.105345 22.730000
-0.208315 0.090399 22.730000
-0.216902 0.075443 22.730000
-0.225466 0.060473 22.730000
-0.233997 0.045484 22.730000
-0.242475 0.030465 22.730000
-0.250832 0.015379 22.730000
-0.258637 0.000000 22.730000
-0.250832 -0.015379 22.730000
-0.242475 -0.030465 22.730000
-0.233997 -0.045484 22.730000
-0.225466 -0.060473 22.730000
-0.216902 -0.075443 22.730000
-0.208315 -0.090399 22.730000
-0.199709 -0.105345 22.730000
-0.191086 -0.120281 22.730000
-0.182446 -0.135207 22.730000
-0.173787 -0.150122 22.730000
-0.165104 -0.165023 22.730000
-0.156389 -0.179906 22.730000
-0.147621 -0.194757 22.730000
-0.138734 -0.209537 22.730000
-0.129319 -0.223986 22.730000
-0.112097 -0.224916 22.730000
-0.094854 -0.225222 22.730000
-0.077608 -0.225390 22.730000
-0.060362 -0.225496 22.730000
-0.043116 -0.225564 22.730000
-0.025870 -0.225606 22.730000
-0.008623 -0.225626 22.730000
0.008623 -0.225626 22.730000
0.025870 -0.225606 22.730000
0.043116 -0.225564 22.730000
0.060362 -0.225496 22.730000
0.077608 -0.225390 22.730000
0.094854 -0.225222 22.730000
0.112097 -0.224916 22.730000
0.129319 -0.223986 22.730000
0.138734 -0.209537 22.730000
0.147621 -0.194757 22.730000
0.156389 -0.179906 22.730000
0.165104 -0.165023 22.730000
0.173787 -0.150122 22.730000
0.182446 -0.135207 22.730000
0.191086 -0.120281 22.730000
0.199709 -0.105345 22.730000
0.208315 -0.090399 22.730000
0.216902 -0.075443 22.730000
0.225466 -0.060473 22.730000
0.233997 -0.045484 22.730000
0.242475 -0.030465 22.730000
0.250832 -0.015379 22.730000
0.258637 0.000000 22.730000

