0.244144 0.000000 20.500000
0.236785 0.014522 20.500000
0.228901 0.028766 20.500000
0.220901 0.042945 20.500000
0.212850 0.057095 20.500000
0.204768 0.071227 20.500000
0.196663 0.085346 20.500000
0.188540 0.099454 20.500000
0.180400 0.113553 20.500000
0.172243 0.127643 20.500000
0.164068 0.141721 20.500000
0.155871 0.155787 20.500000
0.147642 0.169834 20.500000
0.139362 0.183851 20.500000
0.130969 0.197801 20.500000
0.122072 0.211435 20.500000
0.105816 0.212323 20.500000
0.089539 0.212617 20.500000
0.073260 0.212779 20.500000
0.056980 0.212881 20.500000
0.040700 0.212948 20.500000
0.024420 0.212988 20.500000
0.008140 0.213008 20.500000
-0.008140 0.213008 20.500000
-0.024420 0.212988 20.500000
-0.040700 0.212948 20.500000
-0.056980 0.212881 20.500000
-0.073260 0.212779 20.500000
-0.089539 0.212617 20.500000
-0.105816 0.212323 20.500000
-0.122072 0.211435 20.500000
-0.130969 0.197801 20.500000
-0.139362 0.183851 20.500000
-0.147642 0.169834 20.500000
-0.155871 0.155787 20.500000
-0.164068 0.141721 20.500000
-0.172243 0.127643 20.500000
-0.180400 0.113553 20.500000
-0.188540 0.099454 20.500000
-0.196663 0.085346 20.500000
-0.204768 0.071227 20.500000
-0.212850 0.057095 20.500000
-0.220901 0.042945 20.500000
-0.228901 0.028766 20.500000
-0.236785 0.014522 20.500000
-0.244144 0.000000 20.500000
-0.236785 -0.014522 20.500000
-0.228901 -0.028766 20.500000
-0.220901 -0.042945 20.500000
-0.212850 -0.057095 20.500000
-0.204768 -0.071227 20.500000
-0.196663 -0.085346 20.500000
-0.188540 -0.099454 20.500000
-0.180400 -0.113553 20.500000
-0.172243 -0.127643 20.500000
-0.164068 -0.141721 20.500000
-0.155871 -0.155787 20.500000
-0.147642 -0.169834 20.500000
-0.139362 -0.183851 20.500000
-0.130969 -0.197801 20.500000
-0.122072 -0.211435 20.500000
-0.105816 -0.212323 20.500000
-0.089539 -0.212617 20.500000
-0.073260 -0.212779 20.500000
-0.056980 -0.212881 20.500000
-0.040700 -0.212948 20.500000
-0.024420 -0.212988 20.500000
-0.008140 -0.213008 20.500000
0.008140 -0.213008 20.500000
0.024420 -0.212988 20.500000
0.040700 -0.212948 20.500000
0.056980 -0.212881 20.500000
0.073260 -0.212779 20.500000
0.089539 -0.212617 20.500000
0.105816 -0.212323 20.500000
0.122072 -0.211435 20.500000
0.130969 -0.197801 20.500000
0.139362 -0.183851 20.500000
0.147642 -0.169834 20.500000
0.155871 -0.155787 20.500000
0.164068 -0.141721 20.500000
0.172243 -0.127643 20.500000
0.180400 -0.113553 20.500000
0.188540 -0.099454 20.500000
0.196663 -0.085346 20.500000
0.204768 -0.071227 20.500000
0.212850 -0.057095 20.500000
0.220901 -0.042945 20.500000
0.228901 -0.028766 20.500000
0.236785 -0.014522 20.500000
0.244144 0.000000 20.500000

