0.084586 -0.000000 1.990000
0.082079 0.005053 1.990000
0.079365 0.009998 1.990000
0.076604 0.014917 1.990000
0.073822 0.019824 1.990000
0.071027 0.024724 1.990000
0.068223 0.029618 1.990000
0.065410 0.034508 1.990000
0.062589 0.039393 1.990000
0.059761 0.044274 1.990000
0.056925 0.049150 1.990000
0.054079 0.054020 1.990000
0.051221 0.058883 1.990000
0.048341 0.063733 1.990000
0.045415 0.068556 1.990000
0.042293 0.073254 1.990000
0.036663 0.073609 1.990000
0.031024 0.073731 1.990000
0.025383 0.073800 1.990000
0.019743 0.073844 1.990000
0.014102 0.073874 1.990000
0.008461 0.073892 1.990000
0.002820 0.073900 1.990000
-0.002820 0.073900 1.990000
-0.008461 0.073892 1.990000
-0.014102 0.073874 1.990000
-0.019743 0.073844 1.990000
-0.025383 0.073800 1.990000
-0.031024 0.073731 1.990000
-0.036663 0.073609 1.990000
-0.042293 0.073254 1.990000
-0.045415 0.068556 1.990000
-0.048341 0.063733 1.990000
-0.051221 0.058883 1.990000
-0.054079 0.054020 1.990000
-0.056925 0.049150 1.990000
-0.059761 0.044274 1.990000
-0.062589 0.039393 1.990000
-0.065410 0.034508 1.990000
-0.068223 0.029618 1.990000
-0.071027 0.024724 1.990000
-0.073822 0.019824 1.990000
-0.076604 0.014917 1.990000
-0.079365 0.009998 1.990000
-0.082079 0.005053 1.990000
-0.084586 -0.000000 1.990000
-0.082079 -0.005053 1.990000
-0.079365 -0.009998 1.990000
-0.076604 -0.014917 1.990000
-0.073822 -0.019824 1.990000
-0.071027 -0.024724 1.990000
-0.068223 -0.029618 1.990000
-0.065410 -0.034508 1.990000
-0.062589 -0.039393 1.990000
-0.059761 -0.044274 1.990000
-0.056925 -0.049150 1.990000
-0.054079 -0.054020 1.990000
-0.051221 -0.058883 1.990000
-0.048341 -0.063733 1.990000
-0.045415 -0.068556 1.990000
-0.042293 -0.073254 1.990000
-0.036663 -0.073609 1.990000
-0.031024 -0.073731 1.990000
-0.025383 -0.073800 1.990000
-0.019743 -0.073844 1.990000
-0.014102 -0.073874 1.990000
-0.008461 -0.073892 1.990000
-0.002820 -0.073900 1.990000
0.002820 -0.073900 1.990000
0.008461 -0.073892 1.990000
0.014102 -0.073874 1.990000
0.019743 -0.073844 1.990000
0.025383 -0.073800 1.990000
0.031024 -0.073731 1.990000
0.036663 -0.073609 1.990000
0.042293 -0.073254 1.990000
0.045415 -0.068556 1.990000
0.048341 -0.063733 1.990000
0.051221 -0.058883 1.990000
0.054079 -0.054020 1.990000
0.056925 -0.049150 1.990000
0.059761 -0.044274 1.990000
0.062589 -0.039393 1.990000
0.065410 -0.034508 1.990000
0.068223 -0.029618 1.990000
0.071027 -0.024724 1.990000
0.073822 -0.019824 1.990000
0.076604 -0.014917 1.990000
0.079365 -0.009998 1.990000
0.082079 -0.005053 1.990000
0.084586 -0.000000 1.990000

