0.349966 0.000000 38.500000
0.339322 0.020767 38.500000
0.327978 0.041159 38.500000
0.316481 0.061466 38.500000
0.304918 0.081735 38.500000
0.293315 0.101982 38.500000
0.281686 0.122213 38.500000
0.270036 0.142432 38.500000
0.258368 0.162642 38.500000
0.246683 0.182841 38.500000
0.234977 0.203028 38.500000
0.223244 0.223199 38.500000
0.211472 0.243348 38.500000
0.199634 0.263458 38.500000
0.187645 0.283478 38.500000
0.174983 0.303080 38.500000
0.151677 0.304245 38.500000
0.128344 0.304617 38.500000
0.105009 0.304814 38.500000
0.081674 0.304934 38.500000
0.058339 0.305010 38.500000
0.035003 0.305054 38.500000
0.011668 0.305074 38.500000
-0.011668 0.305074 38.500000
-0.035003 0.305054 38.500000
-0.058339 0.305010 38.500000
-0.081674 0.304934 38.500000
-0.105009 0.304814 38.500000
-0.128344 0.304617 38.500000
-0.151677 0.304245 38.500000
-0.174983 0.303080 38.500000
-0.187645 0.283478 38.500000
-0.199634 0.263458 38.500000
-0.211472 0.243348 38.500000
-0.223244 0.223199 38.500000
-0.234977 0.203028 38.500000
-0.246683 0.182841 38.500000
-0.258368 0.162642 38.500000
-0.270036 0.142432 38.500000
-0.281686 0.122213 38.500000
-0.293315 0.101982 38.500000
-0.304918 0.081735 38.500000
-0.316481 0.061466 38.500000
-0.327978 0.041159 38.500000
-0.339322 0.020767 38.500000
-0.349966 0.000000 38.500000
-0.339322 -0.020767 38.500000
-0.327978 -0.041159 38.500000
-0.316481 -0.061466 38.500000
-0.304918 -0.081735 38.500000
-0.293315 -0.101982 38.500000
-0.281686 -0.122213 38.500000
-0.270036 -0.142432 38.500000
-0.258368 -0.162642 38.500000
-0.246683 -0.182841 38.500000
-0.234977 -0.203028 38.500000
-0.223244 -0.223199 38.500000
-0.211472 -0.243348 38.500000
-0.199634 -0.263458 38.500000
-0.187645 -0.283478 38.500000
-0.174983 -0.303080 38.500000
-0.151677 -0.304245 38.500000
-0.128344 -0.304617 38.500000
-0.105009 -0.304814 38.500000
-0.081674 -0.304934 38.500000
-0.058339 -0.305010 38.500000
-0.035003 -0.305054 38.500000
-0.011668 -0.305074 38.500000
0.011668 -0.305074 38.500000
0.035003 -0.305054 38.500000
0.058339 -0.305010 38.500000
0.081674 -0.304934 38.500000
0.105009 -0.304814 38.500000
0.128344 -0.304617 38.500000
0.151677 -0.304245 38.500000
0.174983 -0.303080 38.500000
0.187645 -0.283478 38.500000
0.199634 -0.263458 38.500000
0.211472 -0.243348 38.500000
0.223244 -0.223199 38.500000
0.234977 -0.203028 38.500000
0.246683 -0.182841 38.500000
0.258368 -0.162642 38.500000
0.270036 -0.142432 38.500000
0.281686 -0.122213 38.500000
0.293315 -0.101982 38.500000
0.304918 -0.081735 38.500000
0.316481 -0.061466 38.500000
0.327978 -0.041159 38.500000
0.339322 -0.020767 38.500000
0.349966 0.000000 38.500000

