0.153820 -0.000000 8.540000
0.149226 0.009171 8.540000
0.144276 0.018155 8.540000
0.139248 0.027096 8.540000
0.134183 0.036016 8.540000
0.129097 0.044923 8.540000
0.123994 0.053822 8.540000
0.118878 0.062712 8.540000
0.113749 0.071595 8.540000
0.108608 0.080471 8.540000
0.103453 0.089339 8.540000
0.098282 0.098198 8.540000
0.093089 0.107044 8.540000
0.087861 0.115869 8.540000
0.082555 0.124648 8.540000
0.076910 0.133212 8.540000
0.066671 0.133819 8.540000
0.056415 0.134025 8.540000
0.046158 0.134140 8.540000
0.035901 0.134214 8.540000
0.025644 0.134263 8.540000
0.015386 0.134293 8.540000
0.005129 0.134307 8.540000
-0.005129 0.134307 8.540000
-0.015386 0.134293 8.540000
-0.025644 0.134263 8.540000
-0.035901 0.134214 8.540000
-0.046158 0.134140 8.540000
-0.056415 0.134025 8.540000
-0.066671 0.133819 8.540000
-0.076910 0.133212 8.540000
-0.082555 0.124648 8.540000
-0.087861 0.115869 8.540000
-0.093089 0.107044 8.540000
-0.098282 0.098198 8.540000
-0.103453 0.089339 8.540000
-0.108608 0.080471 8.540000
-0.113749 0.071595 8.540000
-0.118878 0.062712 8.540000
-0.123994 0.053822 8.540000
-0.129097 0.044923 8.540000
-0.134183 0.036016 8.540000
-0.139248 0.027096 8.540000
-0.144276 0.018155 8.540000
-0.149226 0.009171 8.540000
-0.153820 -0.000000 8.540000
-0.149226 -0.009171 8.540000
-0.144276 -0.018155 8.540000
-0.139248 -0.027096 8.540000
-0.134183 -0.036016 8.540000
-0.129097 -0.044923 8.540000
-0.123994 -0.053822 8.540000
-0.118878 -0.062712 8.540000
-0.113749 -0.071595 8.540000
-0.108608 -0.080471 8.540000
-0.103453 -0.089339 8.540000
-0.098282 -0.098198 8.540000
-0.093089 -0.107044 8.540000
-0.087861 -0.115869 8.540000
-0.082555 -0.124648 8.540000
-0.076910 -0.133212 8.540000
-0.066671 -0.133819 8.540000
-0.056415 -0.134025 8.540000
-0.046158 -0.134140 8.540000
-0.035901 -0.134214 8.540000
-0.025644 -0.134263 8.540000
-0.015386 -0.134293 8.540000
-0.005129 -0.134307 8.540000
0.005129 -0.134307 8.540000
0.015386 -0.134293 8.540000
0.025644 -0.134263 8.540000
0.035901 -0.134214 8.540000
0.046158 -0.134140 8.540000
0.056415 -0.134025 8.540000
0.066671 -0.133819 8.540000
0.076910 -0.133212 8.540000
0.082555 -0.124648 8.540000
0.087861 -0.115869 8.540000
0.093089 -0.107044 8.540000
0.098282 -0.098198 8.540000
0.103453 -0.089339 8.540000
0.108608 -0.080471 8.540000
0.113749 -0.071595 8.540000
0.118878 -0.062712 8.540000
0.123994 -0.053822 8.540000
0.129097 -0.044923 8.540000
0.134183 -0.036016 8.540000
0.139248 -0.027096 8.540000
0.144276 -0.018155 8.540000
0.149226 -0.009171 8.540000
0.153820 -0.000000 8.540000

