0.371677 0.000000 42.650000
0.360353 0.022045 42.650000
0.348297 0.043698 42.650000
0.336081 0.065261 42.650000
0.323795 0.086784 42.650000
0.311469 0.108284 42.650000
0.299115 0.129769 42.650000
0.286741 0.151241 42.650000
0.274349 0.172704 42.650000
0.261940 0.194157 42.650000
0.249511 0.215598 42.650000
0.237055 0.237023 42.650000
0.224558 0.258424 42.650000
0.211991 0.279785 42.650000
0.199268 0.301053 42.650000
0.185838 0.321881 42.650000
0.161085 0.323098 42.650000
0.136305 0.323482 42.650000
0.111523 0.323685 42.650000
0.086740 0.323807 42.650000
0.061957 0.323882 42.650000
0.037174 0.323925 42.650000
0.012391 0.323945 42.650000
-0.012391 0.323945 42.650000
-0.037174 0.323925 42.650000
-0.061957 0.323882 42.650000
-0.086740 0.323807 42.650000
-0.111523 0.323685 42.650000
-0.136305 0.323482 42.650000
-0.161085 0.323098 42.650000
-0.185838 0.321881 42.650000
-0.199268 0.301053 42.650000
-0.211991 0.279785 42.650000
-0.224558 0.258424 42.650000
-0.237055 0.237023 42.650000
-0.249511 0.215598 42.650000
-0.261940 0.194157 42.650000
-0.274349 0.172704 42.650000
-0.286741 0.151241 42.650000
-0.299115 0.129769 42.650000
-0.311469 0.108284 42.650000
-0.323795 0.086784 42.650000
-0.336081 0.065261 42.650000
-0.348297 0.043698 42.650000
-0.360353 0.022045 42.650000
-0.371677 0.000000 42.650000
-0.360353 -0.022045 42.650000
-0.348297 -0.043698 42.650000
-0.336081 -0.065261 42.650000
-0.323795 -0.086784 42.650000
-0.311469 -0.108284 42.650000
-0.299115 -0.129769 42.650000
-0.286741 -0.151241 42.650000
-0.274349 -0.172704 42.650000
-0.261940 -0.194157 42.650000
-0.249511 -0.215598 42.650000
-0.237055 -0.237023 42.650000
-0.224558 -0.258424 42.650000
-0.211991 -0.279785 42.650000
-0.199268 -0.301053 42.650000
-0.185838 -0.321881 42.650000
-0.161085 -0.323098 42.650000
-0.136305 -0.323482 42.650000
-0.111523 -0.323685 42.650000
-0.086740 -0.323807 42.650000
-0.061957 -0.323882 42.650000
-0.037174 -0.323925 42.650000
-0.012391 -0.323945 42.650000
0.012391 -0.323945 42.650000
0.037174 -0.323925 42.650000
0.061957 -0.323882 42.650000
0.086740 -0.323807 42.650000
0.111523 -0.323685 42.650000
0.136305 -0.323482 42.650000
0.161085 -0.323098 42.650000
0.185838 -0.321881 42.650000
0.199268 -0.301053 42.650000
0.211991 -0.279785 42.650000
0.224558 -0.258424 42.650000
0.237055 -0.237023 42.650000
0.249511 -0.215598 42.650000
0.261940 -0.194157 42.650000
0.274349 -0.172704 42.650000
0.286741 -0.151241 42.650000
0.299115 -0.129769 42.650000
0.311469 -0.108284 42.650000
0.323795 -0.086784 42.650000
0.336081 -0.065261 42.650000
0.348297 -0.043698 42.650000
0.360353 -0.022045 42.650000
0.371677 0.000000 42.650000

