0.144649 -0.000000 7.530000
0.140333 0.008626 7.530000
0.135680 0.017076 7.530000
0.130952 0.025484 7.530000
0.126191 0.033873 7.530000
0.121408 0.042250 7.530000
0.116610 0.050617 7.530000
0.111799 0.058978 7.530000
0.106976 0.067332 7.530000
0.102141 0.075678 7.530000
0.097293 0.084018 7.530000
0.092430 0.092348 7.530000
0.087546 0.100666 7.530000
0.082629 0.108964 7.530000
0.077637 0.117219 7.530000
0.072324 0.125270 7.530000
0.062696 0.125845 7.530000
0.053052 0.126041 7.530000
0.043406 0.126150 7.530000
0.033761 0.126221 7.530000
0.024115 0.126267 7.530000
0.014469 0.126296 7.530000
0.004823 0.126310 7.530000
-0.004823 0.126310 7.530000
-0.014469 0.126296 7.530000
-0.024115 0.126267 7.530000
-0.033761 0.126221 7.530000
-0.043406 0.126150 7.530000
-0.053052 0.126041 7.530000
-0.062696 0.125845 7.530000
-0.072324 0.125270 7.530000
-0.077637 0.117219 7.530000
-0.082629 0.108964 7.530000
-0.087546 0.100666 7.530000
-0.092430 0.092348 7.530000
-0.097293 0.084018 7.530000
-0.102141 0.075678 7.530000
-0.106976 0.067332 7.530000
-0.111799 0.058978 7.530000
-0.116610 0.050617 7.530000
-0.121408 0.042250 7.530000
-0.126191 0.033873 7.530000
-0.130952 0.025484 7.530000
-0.135680 0.017076 7.530000
-0.140333 0.008626 7.530000
-0.144649 -0.000000 7.530000
-0.140333 -0.008626 7.530000
-0.135680 -0.017076 7.530000
-0.130952 -0.025484 7.530000
-0.126191 -0.033873 7.530000
-0.121408 -0.042250 7.530000
-0.116610 -0.050617 7.530000
-0.111799 -0.058978 7.530000
-0.106976 -0.067332 7.530000
-0.102141 -0.075678 7.530000
-0.097293 -0.084018 7.530000
-0.092430 -0.092348 7.530000
-0.087546 -0.100666 7.530000
-0.082629 -0.108964 7.530000
-0.077637 -0.117219 7.530000
-0.072324 -0.125270 7.530000
-0.062696 -0.125845 7.530000
-0.053052 -0.126041 7.530000
-0.043406 -0.126150 7.530000
-0.033761 -0.126221 7.530000
-0.024115 -0.126267 7.530000
-0.014469 -0.126296 7.530000
-0.004823 -0.126310 7.530000
0.004823 -0.126310 7.530000
0.014469 -0.126296 7.530000
0.024115 -0.126267 7.530000
0.033761 -0.126221 7.530000
0.043406 -0.126150 7.530000
0.053052 -0.126041 7.530000
0.062696 -0.125845 7.530000
0.072324 -0.125270 7.530000
0.077637 -0.117219 7.530000
0.082629 -0.108964 7.530000
0.087546 -0.100666 7.530000
0.092430 -0.092348 7.530000
0.097293 -0.084018 7.530000
0.102141 -0.075678 7.530000
0.106976 -0.067332 7.530000
0.111799 -0.058978 7.530000
0.116610 -0.050617 7.530000
0.121408 -0.042250 7.530000
0.126191 -0.033873 7.530000
0.130952 -0.025484 7.530000
0.135680 -0.017076 7.530000
0.140333 -0.008626 7.530000
0.144649 -0.000000 7.530000

