0.333005 0.000000 35.360000
0.322891 0.019767 35.360000
0.312102 0.039175 35.360000
0.301167 0.058501 35.360000
0.290168 0.077789 35.360000
0.279130 0.097057 35.360000
0.268066 0.116309 35.360000
0.256982 0.135549 35.360000
0.245880 0.154779 35.360000
0.234759 0.173998 35.360000
0.223619 0.193206 35.360000
0.212452 0.212398 35.360000
0.201247 0.231568 35.360000
0.189978 0.250701 35.360000
0.178564 0.269748 35.360000
0.166503 0.288391 35.360000
0.144326 0.289515 35.360000
0.122125 0.289876 35.360000
0.099921 0.290069 35.360000
0.077716 0.290188 35.360000
0.055512 0.290262 35.360000
0.033307 0.290307 35.360000
0.011102 0.290327 35.360000
-0.011102 0.290327 35.360000
-0.033307 0.290307 35.360000
-0.055512 0.290262 35.360000
-0.077716 0.290188 35.360000
-0.099921 0.290069 35.360000
-0.122125 0.289876 35.360000
-0.144326 0.289515 35.360000
-0.166503 0.288391 35.360000
-0.178564 0.269748 35.360000
-0.189978 0.250701 35.360000
-0.201247 0.231568 35.360000
-0.212452 0.212398 35.360000
-0.223619 0.193206 35.360000
-0.234759 0.173998 35.360000
-0.245880 0.154779 35.360000
-0.256982 0.135549 35.360000
-0.268066 0.116309 35.360000
-0.279130 0.097057 35.360000
-0.290168 0.077789 35.360000
-0.301167 0.058501 35.360000
-0.312102 0.039175 35.360000
-0.322891 0.019767 35.360000
-0.333005 0.000000 35.360000
-0.322891 -0.019767 35.360000
-0.312102 -0.039175 35.360000
-0.301167 -0.058501 35.360000
-0.290168 -0.077789 35.360000
-0.279130 -0.097057 35.360000
-0.268066 -0.116309 35.360000
-0.256982 -0.135549 35.360000
-0.245880 -0.154779 35.360000
-0.234759 -0.173998 35.360000
-0.223619 -0.193206 35.360000
-0.212452 -0.212398 35.360000
-0.201247 -0.231568 35.360000
-0.189978 -0.250701 35.360000
-0.178564 -0.269748 35.360000
-0.166503 -0.288391 35.360000
-0.144326 -0.289515 35.360000
-0.122125 -0.289876 35.360000
-0.099921 -0.290069 35.360000
-0.077716 -0.290188 35.360000
-0.055512 -0.290262 35.360000
-0.033307 -0.290307 35.360000
-0.011102 -0.290327 35.360000
0.011102 -0.290327 35.360000
0.033307 -0.290307 35.360000
0.055512 -0.290262 35.360000
0.077716 -0.290188 35.360000
0.099921 -0.290069 35.360000
0.122125 -0.289876 35.360000
0.144326 -0.289515 35.360000
0.166503 -0.288391 35.360000
0.178564 -0.269748 35.360000
0.189978 -0.250701 35.360000
0.201247 -0.231568 35.360000
0.212452 -0.212398 35.360000
0.223619 -0.193206 35.360000
0.234759 -0.173998 35.360000
0.245880 -0.154779 35.360000
0.256982 -0.135549 35.360000
0.268066 -0.116309 35.360000
0.279130 -0.097057 35.360000
0.290168 -0.077789 35.360000
0.301167 -0.058501 35.360000
0.312102 -0.039175 35.360000
0.322891 -0.019767 35.360000
0.333005 0.000000 35.360000

