0.088625 -0.000000 2.300000
0.085997 0.005294 2.300000
0.083153 0.010475 2.300000
0.080260 0.015628 2.300000
0.077345 0.020770 2.300000
0.074417 0.025903 2.300000
0.071478 0.031031 2.300000
0.068531 0.036154 2.300000
0.065576 0.041272 2.300000
0.062613 0.046386 2.300000
0.059641 0.051495 2.300000
0.056660 0.056598 2.300000
0.053664 0.061693 2.300000
0.050648 0.066775 2.300000
0.047583 0.071829 2.300000
0.044312 0.076751 2.300000
0.038414 0.077122 2.300000
0.032505 0.077250 2.300000
0.026595 0.077321 2.300000
0.020685 0.077368 2.300000
0.014775 0.077398 2.300000
0.008865 0.077417 2.300000
0.002955 0.077426 2.300000
-0.002955 0.077426 2.300000
-0.008865 0.077417 2.300000
-0.014775 0.077398 2.300000
-0.020685 0.077368 2.300000
-0.026595 0.077321 2.300000
-0.032505 0.077250 2.300000
-0.038414 0.077122 2.300000
-0.044312 0.076751 2.300000
-0.047583 0.071829 2.300000
-0.050648 0.066775 2.300000
-0.053664 0.061693 2.300000
-0.056660 0.056598 2.300000
-0.059641 0.051495 2.300000
-0.062613 0.046386 2.300000
-0.065576 0.041272 2.300000
-0.068531 0.036154 2.300000
-0.071478 0.031031 2.300000
-0.074417 0.025903 2.300000
-0.077345 0.020770 2.300000
-0.080260 0.015628 2.300000
-0.083153 0.010475 2.300000
-0.085997 0.005294 2.300000
-0.088625 -0.000000 2.300000
-0.085997 -0.005294 2.300000
-0.083153 -0.010475 2.300000
-0.080260 -0.015628 2.300000
-0.077345 -0.020770 2.300000
-0.074417 -0.025903 2.300000
-0.071478 -0.031031 2.300000
-0.068531 -0.036154 2.300000
-0.065576 -0.041272 2.300000
-0.062613 -0.046386 2.300000
-0.059641 -0.051495 2.300000
-0.056660 -0.056598 2.300000
-0.053664 -0.061693 2.300000
-0.050648 -0.066775 2.300000
-0.047583 -0.071829 2.300000
-0.044312 -0.076751 2.300000
-0.038414 -0.077122 2.300000
-0.032505 -0.077250 2.300000
-0.026595 -0.077321 2.300000
-0.020685 -0.077368 2.300000
-0.014775 -0.077398 2.300000
-0.008865 -0.077417 2.300000
-0.002955 -0.077426 2.300000
0.002955 -0.077426 2.300000
0.008865 -0.077417 2.300000
0.014775 -0.077398 2.300000
0.020685 -0.077368 2.300000
0.026595 -0.077321 2.300000
0.032505 -0.077250 2.300000
0.038414 -0.077122 2.300000
0.044312 -0.076751 2.300000
0.047583 -0.071829 2.300000
0.050648 -0.066775 2.300000
0.053664 -0.061693 2.300000
0.056660 -0.056598 2.300000
0.059641 -0.051495 2.300000
0.062613 -0.046386 2.300000
0.065576 -0.041272 2.300000
0.068531 -0.036154 2.300000
0.071478 -0.031031 2.300000
0.074417 -0.025903 2.300000
0.077345 -0.020770 2.300000
0.080260 -0.015628 2.300000
0.083153 -0.010475 2.300000
0.085997 -0.005294 2.300000
0.088625 -0.000000 2.300000

