0.203518 0.000000 14.690000
0.197408 0.012118 14.690000
0.190847 0.023998 14.690000
0.184185 0.035821 14.690000
0.177478 0.047620 14.690000
0.170745 0.059403 14.690000
0.163991 0.071174 14.690000
0.157220 0.082936 14.690000
0.150435 0.094689 14.690000
0.143634 0.106433 14.690000
0.136816 0.118168 14.690000
0.129979 0.129891 14.690000
0.123115 0.141598 14.690000
0.116206 0.153279 14.690000
0.109199 0.164902 14.690000
0.101759 0.176252 14.690000
0.088210 0.177020 14.690000
0.074641 0.177277 14.690000
0.061070 0.177419 14.690000
0.047499 0.177511 14.690000
0.033928 0.177570 14.690000
0.020357 0.177607 14.690000
0.006786 0.177625 14.690000
-0.006786 0.177625 14.690000
-0.020357 0.177607 14.690000
-0.033928 0.177570 14.690000
-0.047499 0.177511 14.690000
-0.061070 0.177419 14.690000
-0.074641 0.177277 14.690000
-0.088210 0.177020 14.690000
-0.101759 0.176252 14.690000
-0.109199 0.164902 14.690000
-0.116206 0.153279 14.690000
-0.123115 0.141598 14.690000
-0.129979 0.129891 14.690000
-0.136816 0.118168 14.690000
-0.143634 0.106433 14.690000
-0.150435 0.094689 14.690000
-0.157220 0.082936 14.690000
-0.163991 0.071174 14.690000
-0.170745 0.059403 14.690000
-0.177478 0.047620 14.690000
-0.184185 0.035821 14.690000
-0.190847 0.023998 14.690000
-0.197408 0.012118 14.690000
-0.203518 0.000000 14.690000
-0.197408 -0.012118 14.690000
-0.190847 -0.023998 14.690000
-0.184185 -0.035821 14.690000
-0.177478 -0.047620 14.690000
-0.170745 -0.059403 14.690000
-0.163991 -0.071174 14.690000
-0.157220 -0.082936 14.690000
-0.150435 -0.094689 14.690000
-0.143634 -0.106433 14.690000
-0.136816 -0.118168 14.690000
-0.129979 -0.129891 14.690000
-0.123115 -0.141598 14.690000
-0.116206 -0.153279 14.690000
-0.109199 -0.164902 14.690000
-0.101759 -0.176252 14.690000
-0.088210 -0.177020 14.690000
-0.074641 -0.177277 14.690000
-0.061070 -0.177419 14.690000
-0.047499 -0.177511 14.690000
-0.033928 -0.177570 14.690000
-0.020357 -0.177607 14.690000
-0.006786 -0.177625 14.690000
0.006786 -0.177625 14.690000
0.020357 -0.177607 14.690000
0.033928 -0.177570 14.690000
0.047499 -0.177511 14.690000
0.061070 -0.177419 14.690000
0.074641 -0.177277 14.690000
0.088210 -0.177020 14.690000
0.101759 -0.176252 14.690000
0.109199 -0.164902 14.690000
0.116206 -0.153279 14.690000
0.123115 -0.141598 14.690000
0.129979 -0.129891 14.690000
0.136816 -0.118168 14.690000
0.143634 -0.106433 14.690000
0.150435 -0.094689 14.690000
0.157220 -0.082936 14.690000
0.163991 -0.071174 14.690000
0.170745 -0.059403 14.690000
0.177478 -0.047620 14.690000
0.184185 -0.035821 14.690000
0.190847 -0.023998 14.690000
0.197408 -0.012118 14.690000
0.203518 0.000000 14.690000

