0.408357 0.000000 49.980000
0.395883 0.024203 49.980000
0.382621 0.047983 49.980000
0.369188 0.071668 49.980000
0.355680 0.095310 49.980000
0.342130 0.118927 49.980000
0.328552 0.142528 49.980000
0.314953 0.166118 49.980000
0.301339 0.189699 49.980000
0.287709 0.213270 49.980000
0.274059 0.236830 49.980000
0.260381 0.260373 49.980000
0.246660 0.283892 49.980000
0.232865 0.307368 49.980000
0.218902 0.330743 49.980000
0.204179 0.353648 49.980000
0.176981 0.354946 49.980000
0.149756 0.355351 49.980000
0.122528 0.355560 49.980000
0.095300 0.355683 49.980000
0.068071 0.355757 49.980000
0.040843 0.355798 49.980000
0.013614 0.355817 49.980000
-0.013614 0.355817 49.980000
-0.040843 0.355798 49.980000
-0.068071 0.355757 49.980000
-0.095300 0.355683 49.980000
-0.122528 0.355560 49.980000
-0.149756 0.355351 49.980000
-0.176981 0.354946 49.980000
-0.204179 0.353648 49.980000
-0.218902 0.330743 49.980000
-0.232865 0.307368 49.980000
-0.246660 0.283892 49.980000
-0.260381 0.260373 49.980000
-0.274059 0.236830 49.980000
-0.287709 0.213270 49.980000
-0.301339 0.189699 49.980000
-0.314953 0.166118 49.980000
-0.328552 0.142528 49.980000
-0.342130 0.118927 49.980000
-0.355680 0.095310 49.980000
-0.369188 0.071668 49.980000
-0.382621 0.047983 49.980000
-0.395883 0.024203 49.980000
-0.408357 0.000000 49.980000
-0.395883 -0.024203 49.980000
-0.382621 -0.047983 49.980000
-0.369188 -0.071668 49.980000
-0.355680 -0.095310 49.980000
-0.342130 -0.118927 49.980000
-0.328552 -0.142528 49.980000
-0.314953 -0.166118 49.980000
-0.301339 -0.189699 49.980000
-0.287709 -0.213270 49.980000
-0.274059 -0.236830 49.980000
-0.260381 -0.260373 49.980000
-0.246660 -0.283892 49.980000
-0.232865 -0.307368 49.980000
-0.218902 -0.330743 49.980000
-0.204179 -0.353648 49.980000
-0.176981 -0.354946 49.980000
-0.149756 -0.355351 49.980000
-0.122528 -0.355560 49.980000
-0.095300 -0.355683 49.980000
-0.068071 -0.355757 49.980000
-0.040843 -0.355798 49.980000
-0.013614 -0.355817 49.980000
0.013614 -0.355817 49.980000
0.040843 -0.355798 49.980000
0.068071 -0.355757 49.980000
0.095300 -0.355683 49.980000
0.122528 -0.355560 49.980000
0.149756 -0.355351 49.980000
0.176981 -0.354946 49.980000
0.204179 -0.353648 49.980000
0.218902 -0.330743 49.980000
0.232865 -0.307368 49.980000
0.246660 -0.283892 49.980000
0.260381 -0.260373 49.980000
0.274059 -0.236830 49.980000
0.287709 -0.213270 49.980000
0.301339 -0.189699 49.980000
0.314953 -0.166118 49.980000
0.328552 -0.142528 49.980000
0.342130 -0.118927 49.980000
0.355680 -0.095310 49.980000
0.369188 -0.071668 49.980000
0.382621 -0.047983 49.980000
0.395883 -0.024203 49.980000
0.408357 0.000000 49.980000

