0.333663 0.000000 35.480000
0.323528 0.019806 35.480000
0.312718 0.039252 35.480000
0.301761 0.058616 35.480000
0.290740 0.077942 35.480000
0.279680 0.097248 35.480000
0.268594 0.116537 35.480000
0.257488 0.135816 35.480000
0.246364 0.155083 35.480000
0.235222 0.174341 35.480000
0.224059 0.193586 35.480000
0.212870 0.212817 35.480000
0.201643 0.232025 35.480000
0.190352 0.251196 35.480000
0.178916 0.270280 35.480000
0.166831 0.288960 35.480000
0.144611 0.290086 35.480000
0.122366 0.290447 35.480000
0.100118 0.290641 35.480000
0.077870 0.290759 35.480000
0.055621 0.290834 35.480000
0.033373 0.290878 35.480000
0.011124 0.290899 35.480000
-0.011124 0.290899 35.480000
-0.033373 0.290878 35.480000
-0.055621 0.290834 35.480000
-0.077870 0.290759 35.480000
-0.100118 0.290641 35.480000
-0.122366 0.290447 35.480000
-0.144611 0.290086 35.480000
-0.166831 0.288960 35.480000
-0.178916 0.270280 35.480000
-0.190352 0.251196 35.480000
-0.201643 0.232025 35.480000
-0.212870 0.212817 35.480000
-0.224059 0.193586 35.480000
-0.235222 0.174341 35.480000
-0.246364 0.155083 35.480000
-0.257488 0.135816 35.480000
-0.268594 0.116537 35.480000
-0.279680 0.097248 35.480000
-0.290740 0.077942 35.480000
-0.301761 0.058616 35.480000
-0.312718 0.039252 35.480000
-0.323528 0.019806 35.480000
-0.333663 0.000000 35.480000
-0.323528 -0.019806 35.480000
-0.312718 -0.039252 35.480000
-0.301761 -0.058616 35.480000
-0.290740 -0.077942 35.480000
-0.279680 -0.097248 35.480000
-0.268594 -0.116537 35.480000
-0.257488 -0.135816 35.480000
-0.246364 -0.155083 35.480000
-0.235222 -0.174341 35.480000
-0.224059 -0.193586 35.480000
-0.212870 -0.212817 35.480000
-0.201643 -0.232025 35.480000
-0.190352 -0.251196 35.480000
-0.178916 -0.270280 35.480000
-0.166831 -0.288960 35.480000
-0.144611 -0.290086 35.480000
-0.122366 -0.290447 35.480000
-0.100118 -0.290641 35.480000
-0.077870 -0.290759 35.480000
-0.055621 -0.290834 35.480000
-0.033373 -0.290878 35.480000
-0.011124 -0.290899 35.480000
0.011124 -0.290899 35.480000
0.033373 -0.290878 35.480000
0.055621 -0.290834 35.480000
0.077870 -0.290759 35.480000
0.100118 -0.290641 35.480000
0.122366 -0.290447 35.480000
0.144611 -0.290086 35.480000
0.166831 -0.288960 35.480000
0.178916 -0.270280 35.480000
0.190352 -0.251196 35.480000
0.201643 -0.232025 35.480000
0.212870 -0.212817 35.480000
0.224059 -0.193586 35.480000
0.235222 -0.174341 35.480000
0.246364 -0.155083 35.480000
0.257488 -0.135816 35.480000
0.268594 -0.116537 35.480000
0.279680 -0.097248 35.480000
0.290740 -0.077942 35.480000
0.301761 -0.058616 35.480000
0.312718 -0.039252 35.480000
0.323528 -0.019806 35.480000
0.333663 0.000000 35.480000

