0.400612 0.000000 48.400000
0.388381 0.023748 48.400000
0.375374 0.047079 48.400000
0.362198 0.070315 48.400000
0.348949 0.093510 48.400000
0.335657 0.116680 48.400000
0.322337 0.139835 48.400000
0.308997 0.162978 48.400000
0.295641 0.186111 48.400000
0.282269 0.209235 48.400000
0.268877 0.232347 48.400000
0.255456 0.255443 48.400000
0.241994 0.278515 48.400000
0.228458 0.301544 48.400000
0.214757 0.324474 48.400000
0.200306 0.346940 48.400000
0.173625 0.348222 48.400000
0.146916 0.348623 48.400000
0.120204 0.348830 48.400000
0.093492 0.348953 48.400000
0.066780 0.349028 48.400000
0.040068 0.349069 48.400000
0.013356 0.349088 48.400000
-0.013356 0.349088 48.400000
-0.040068 0.349069 48.400000
-0.066780 0.349028 48.400000
-0.093492 0.348953 48.400000
-0.120204 0.348830 48.400000
-0.146916 0.348623 48.400000
-0.173625 0.348222 48.400000
-0.200306 0.346940 48.400000
-0.214757 0.324474 48.400000
-0.228458 0.301544 48.400000
-0.241994 0.278515 48.400000
-0.255456 0.255443 48.400000
-0.268877 0.232347 48.400000
-0.282269 0.209235 48.400000
-0.295641 0.186111 48.400000
-0.308997 0.162978 48.400000
-0.322337 0.139835 48.400000
-0.335657 0.116680 48.400000
-0.348949 0.093510 48.400000
-0.362198 0.070315 48.400000
-0.375374 0.047079 48.400000
-0.388381 0.023748 48.400000
-0.400612 0.000000 48.400000
-0.388381 -0.023748 48.400000
-0.375374 -0.047079 48.400000
-0.362198 -0.070315 48.400000
-0.348949 -0.093510 48.400000
-0.335657 -0.116680 48.400000
-0.322337 -0.139835 48.400000
-0.308997 -0.162978 48.400000
-0.295641 -0.186111 48.400000
-0.282269 -0.209235 48.400000
-0.268877 -0.232347 48.400000
-0.255456 -0.255443 48.400000
-0.241994 -0.278515 48.400000
-0.228458 -0.301544 48.400000
-0.214757 -0.324474 48.400000
-0.200306 -0.346940 48.400000
-0.173625 -0.348222 48.400000
-0.146916 -0.348623 48.400000
-0.120204 -0.348830 48.400000
-0.093492 -0.348953 48.400000
-0.066780 -0.349028 48.400000
-0.040068 -0.349069 48.400000
-0.013356 -0.349088 48.400000
0.013356 -0.349088 48.400000
0.040068 -0.349069 48.400000
0.066780 -0.349028 48.400000
0.093492 -0.348953 48.400000
0.120204 -0.348830 48.400000
0.146916 -0.348623 48.400000
0.173625 -0.348222 48.400000
0.200306 -0.346940 48.400000
0.214757 -0.324474 48.400000
0.228458 -0.301544 48.400000
0.241994 -0.278515 48.400000
0.255456 -0.255443 48.400000
0.268877 -0.232347 48.400000
0.282269 -0.209235 48.400000
0.295641 -0.186111 48.400000
0.308997 -0.162978 48.400000
0.322337 -0.139835 48.400000
0.335657 -0.116680 48.400000
0.348949 -0.093510 48.400000
0.362198 -0.070315 48.400000
0.375374 -0.047079 48.400000
0.388381 -0.023748 48.400000
0.400612 0.000000 48.400000

