0.122673 -0.000000 5.280000
0.119021 0.007320 5.280000
0.115079 0.014488 5.280000
0.111072 0.021620 5.280000
0.107035 0.028735 5.280000
0.102980 0.035840 5.280000
0.098911 0.042937 5.280000
0.094832 0.050028 5.280000
0.090741 0.057113 5.280000
0.086641 0.064191 5.280000
0.082529 0.071263 5.280000
0.078403 0.078327 5.280000
0.074260 0.085381 5.280000
0.070087 0.092417 5.280000
0.065850 0.099415 5.280000
0.061337 0.106238 5.280000
0.053171 0.106736 5.280000
0.044992 0.106906 5.280000
0.036812 0.107001 5.280000
0.028632 0.107063 5.280000
0.020451 0.107103 5.280000
0.012271 0.107129 5.280000
0.004090 0.107141 5.280000
-0.004090 0.107141 5.280000
-0.012271 0.107129 5.280000
-0.020451 0.107103 5.280000
-0.028632 0.107063 5.280000
-0.036812 0.107001 5.280000
-0.044992 0.106906 5.280000
-0.053171 0.106736 5.280000
-0.061337 0.106238 5.280000
-0.065850 0.099415 5.280000
-0.070087 0.092417 5.280000
-0.074260 0.085381 5.280000
-0.078403 0.078327 5.280000
-0.082529 0.071263 5.280000
-0.086641 0.064191 5.280000
-0.090741 0.057113 5.280000
-0.094832 0.050028 5.280000
-0.098911 0.042937 5.280000
-0.102980 0.035840 5.280000
-0.107035 0.028735 5.280000
-0.111072 0.021620 5.280000
-0.115079 0.014488 5.280000
-0.119021 0.007320 5.280000
-0.122673 -0.000000 5.280000
-0.119021 -0.007320 5.280000
-0.115079 -0.014488 5.280000
-0.111072 -0.021620 5.280000
-0.107035 -0.028735 5.280000
-0.102980 -0.035840 5.280000
-0.098911 -0.042937 5.280000
-0.094832 -0.050028 5.280000
-0.090741 -0.057113 5.280000
-0.086641 -0.064191 5.280000
-0.082529 -0.071263 5.280000
-0.078403 -0.078327 5.280000
-0.074260 -0.085381 5.280000
-0.070087 -0.092417 5.280000
-0.065850 -0.099415 5.280000
-0.061337 -0.106238 5.280000
-0.053171 -0.106736 5.280000
-0.044992 -0.106906 5.280000
-0.036812 -0.107001 5.280000
-0.028632 -0.107063 5.280000
-0.020451 -0.107103 5.280000
-0.012271 -0.107129 5.280000
-0.004090 -0.107141 5.280000
0.004090 -0.107141 5.280000
0.012271 -0.107129 5.280000
0.020451 -0.107103 5.280000
0.028632 -0.107063 5.280000
0.036812 -0.107001 5.280000
0.044992 -0.106906 5.280000
0.053171 -0.106736 5.280000
0.061337 -0.106238 5.280000
0.065850 -0.099415 5.280000
0.070087 -0.092417 5.280000
0.074260 -0.085381 5.280000
0.078403 -0.078327 5.280000
0.082529 -0.071263 5.280000
0.086641 -0.064191 5.280000
0.090741 -0.057113 5.280000
0.094832 -0.050028 5.280000
0.098911 -0.042937 5.280000
0.102980 -0.035840 5.280000
0.107035 -0.028735 5.280000
0.111072 -0.021620 5.280000
0.115079 -0.014488 5.280000
0.119021 -0.007320 5.280000
0.122673 -0.000000 5.280000

