0.364696 0.000000 41.300000
0.353592 0.021634 41.300000
0.341764 0.042881 41.300000
0.329779 0.064041 41.300000
0.317726 0.085161 41.300000
0.305632 0.106258 41.300000
0.293512 0.127340 41.300000
0.281370 0.148409 41.300000
0.269211 0.169469 41.300000
0.257035 0.190519 41.300000
0.244839 0.211556 41.300000
0.232615 0.232578 41.300000
0.220351 0.253577 41.300000
0.208018 0.274536 41.300000
0.195531 0.295402 41.300000
0.182348 0.315836 41.300000
0.158060 0.317036 41.300000
0.133746 0.317417 41.300000
0.109429 0.317618 41.300000
0.085111 0.317739 41.300000
0.060794 0.317815 41.300000
0.036476 0.317858 41.300000
0.012159 0.317879 41.300000
-0.012159 0.317879 41.300000
-0.036476 0.317858 41.300000
-0.060794 0.317815 41.300000
-0.085111 0.317739 41.300000
-0.109429 0.317618 41.300000
-0.133746 0.317417 41.300000
-0.158060 0.317036 41.300000
-0.182348 0.315836 41.300000
-0.195531 0.295402 41.300000
-0.208018 0.274536 41.300000
-0.220351 0.253577 41.300000
-0.232615 0.232578 41.300000
-0.244839 0.211556 41.300000
-0.257035 0.190519 41.300000
-0.269211 0.169469 41.300000
-0.281370 0.148409 41.300000
-0.293512 0.127340 41.300000
-0.305632 0.106258 41.300000
-0.317726 0.085161 41.300000
-0.329779 0.064041 41.300000
-0.341764 0.042881 41.300000
-0.353592 0.021634 41.300000
-0.364696 0.000000 41.300000
-0.353592 -0.021634 41.300000
-0.341764 -0.042881 41.300000
-0.329779 -0.064041 41.300000
-0.317726 -0.085161 41.300000
-0.305632 -0.106258 41.300000
-0.293512 -0.127340 41.300000
-0.281370 -0.148409 41.300000
-0.269211 -0.169469 41.300000
-0.257035 -0.190519 41.300000
-0.244839 -0.211556 41.300000
-0.232615 -0.232578 41.300000
-0.220351 -0.253577 41.300000
-0.208018 -0.274536 41.300000
-0.195531 -0.295402 41.300000
-0.182348 -0.315836 41.300000
-0.158060 -0.317036 41.300000
-0.133746 -0.317417 41.300000
-0.109429 -0.317618 41.300000
-0.085111 -0.317739 41.300000
-0.060794 -0.317815 41.300000
-0.036476 -0.317858 41.300000
-0.012159 -0.317879 41.300000
0.012159 -0.317879 41.300000
0.036476 -0.317858 41.300000
0.060794 -0.317815 41.300000
0.085111 -0.317739 41.300000
0.109429 -0.317618 41.300000
0.133746 -0.317417 41.300000
0.158060 -0.317036 41.300000
0.182348 -0.315836 41.300000
0.195531 -0.295402 41.300000
0.208018 -0.274536 41.300000
0.220351 -0.253577 41.300000
0.232615 -0.232578 41.300000
0.244839 -0.211556 41.300000
0.257035 -0.190519 41.300000
0.269211 -0.169469 41.300000
0.281370 -0.148409 41.300000
0.293512 -0.127340 41.300000
0.305632 -0.106258 41.300000
0.317726 -0.085161 41.300000
0.329779 -0.064041 41.300000
0.341764 -0.042881 41.300000
0.353592 -0.021634 41.300000
0.364696 0.000000 41.300000

