0.179908 0.000000 11.630000
0.174519 0.010719 11.630000
0.168724 0.021223 11.630000
0.162839 0.031678 11.630000
0.156913 0.042109 11.630000
0.150962 0.052526 11.630000
0.144993 0.062932 11.630000
0.139008 0.073330 11.630000
0.133010 0.083720 11.630000
0.126997 0.094101 11.630000
0.120970 0.104474 11.630000
0.114924 0.114836 11.630000
0.108853 0.125184 11.630000
0.102742 0.135508 11.630000
0.096543 0.145779 11.630000
0.089954 0.155805 11.630000
0.077977 0.156498 11.630000
0.065982 0.156731 11.630000
0.053986 0.156861 11.630000
0.041989 0.156945 11.630000
0.029992 0.157000 11.630000
0.017995 0.157034 11.630000
0.005998 0.157050 11.630000
-0.005998 0.157050 11.630000
-0.017995 0.157034 11.630000
-0.029992 0.157000 11.630000
-0.041989 0.156945 11.630000
-0.053986 0.156861 11.630000
-0.065982 0.156731 11.630000
-0.077977 0.156498 11.630000
-0.089954 0.155805 11.630000
-0.096543 0.145779 11.630000
-0.102742 0.135508 11.630000
-0.108853 0.125184 11.630000
-0.114924 0.114836 11.630000
-0.120970 0.104474 11.630000
-0.126997 0.094101 11.630000
-0.133010 0.083720 11.630000
-0.139008 0.073330 11.630000
-0.144993 0.062932 11.630000
-0.150962 0.052526 11.630000
-0.156913 0.042109 11.630000
-0.162839 0.031678 11.630000
-0.168724 0.021223 11.630000
-0.174519 0.010719 11.630000
-0.179908 -0.000000 11.630000
-0.174519 -0.010719 11.630000
-0.168724 -0.021223 11.630000
-0.162839 -0.031678 11.630000
-0.156913 -0.042109 11.630000
-0.150962 -0.052526 11.630000
-0.144993 -0.062932 11.630000
-0.139008 -0.073330 11.630000
-0.133010 -0.083720 11.630000
-0.126997 -0.094101 11.630000
-0.120970 -0.104474 11.630000
-0.114924 -0.114836 11.630000
-0.108853 -0.125184 11.630000
-0.102742 -0.135508 11.630000
-0.096543 -0.145779 11.630000
-0.089954 -0.155805 11.630000
-0.077977 -0.156498 11.630000
-0.065982 -0.156731 11.630000
-0.053986 -0.156861 11.630000
-0.041989 -0.156945 11.630000
-0.029992 -0.157000 11.630000
-0.017995 -0.157034 11.630000
-0.005998 -0.157050 11.630000
0.005998 -0.157050 11.630000
0.017995 -0.157034 11.630000
0.029992 -0.157000 11.630000
0.041989 -0.156945 11.630000
0.053986 -0.156861 11.630000
0.065982 -0.156731 11.630000
0.077977 -0.156498 11.630000
0.089954 -0.155805 11.630000
0.096543 -0.145779 11.630000
0.102742 -0.135508 11.630000
0.108853 -0.125184 11.630000
0.114924 -0.114836 11.630000
0.120970 -0.104474 11.630000
0.126997 -0.094101 11.630000
0.133010 -0.083720 11.630000
0.139008 -0.073330 11.630000
0.144993 -0.062932 11.630000
0.150962 -0.052526 11.630000
0.156913 -0.042109 11.630000
0.162839 -0.031678 11.630000
0.168724 -0.021223 11.630000
0.174519 -0.010719 11.630000
0.179908 0.000000 11.630000

