0.208162 0.000000 15.320000
0.201910 0.012393 15.320000
0.195197 0.024543 15.320000
0.188383 0.036636 15.320000
0.181523 0.048703 15.320000
0.174635 0.060755 15.320000
0.167726 0.072794 15.320000
0.160801 0.084825 15.320000
0.153861 0.096846 15.320000
0.146905 0.108858 15.320000
0.139932 0.120861 15.320000
0.132940 0.132851 15.320000
0.125919 0.144826 15.320000
0.118854 0.156774 15.320000
0.111688 0.168663 15.320000
0.104081 0.180274 15.320000
0.090222 0.181056 15.320000
0.076344 0.181317 15.320000
0.062464 0.181462 15.320000
0.048583 0.181555 15.320000
0.034702 0.181615 15.320000
0.020821 0.181653 15.320000
0.006940 0.181670 15.320000
-0.006940 0.181670 15.320000
-0.020821 0.181653 15.320000
-0.034702 0.181615 15.320000
-0.048583 0.181555 15.320000
-0.062464 0.181462 15.320000
-0.076344 0.181317 15.320000
-0.090222 0.181056 15.320000
-0.104081 0.180274 15.320000
-0.111688 0.168663 15.320000
-0.118854 0.156774 15.320000
-0.125919 0.144826 15.320000
-0.132940 0.132851 15.320000
-0.139932 0.120861 15.320000
-0.146905 0.108858 15.320000
-0.153861 0.096846 15.320000
-0.160801 0.084825 15.320000
-0.167726 0.072794 15.320000
-0.174635 0.060755 15.320000
-0.181523 0.048703 15.320000
-0.188383 0.036636 15.320000
-0.195197 0.024543 15.320000
-0.201910 0.012393 15.320000
-0.208162 0.000000 15.320000
-0.201910 -0.012393 15.320000
-0.195197 -0.024543 15.320000
-0.188383 -0.036636 15.320000
-0.181523 -0.048703 15.320000
-0.174635 -0.060755 15.320000
-0.167726 -0.072794 15.320000
-0.160801 -0.084825 15.320000
-0.153861 -0.096846 15.320000
-0.146905 -0.108858 15.320000
-0.139932 -0.120861 15.320000
-0.132940 -0.132851 15.320000
-0.125919 -0.144826 15.320000
-0.118854 -0.156774 15.320000
-0.111688 -0.168663 15.320000
-0.104081 -0.180274 15.320000
-0.090222 -0.181056 15.320000
-0.076344 -0.181317 15.320000
-0.062464 -0.181462 15.320000
-0.048583 -0.181555 15.320000
-0.034702 -0.181615 15.320000
-0.020821 -0.181653 15.320000
-0.006940 -0.181670 15.320000
0.006940 -0.181670 15.320000
0.020821 -0.181653 15.320000
0.034702 -0.181615 15.320000
0.048583 -0.181555 15.320000
0.062464 -0.181462 15.320000
0.076344 -0.181317 15.320000
0.090222 -0.181056 15.320000
0.104081 -0.180274 15.320000
0.111688 -0.168663 15.320000
0.118854 -0.156774 15.320000
0.125919 -0.144826 15.320000
0.132940 -0.132851 15.320000
0.139932 -0.120861 15.320000
0.146905 -0.108858 15.320000
0.153861 -0.096846 15.320000
0.160801 -0.084825 15.320000
0.167726 -0.072794 15.320000
0.174635 -0.060755 15.320000
0.181523 -0.048703 15.320000
0.188383 -0.036636 15.320000
0.195197 -0.024543 15.320000
0.201910 -0.012393 15.320000
0.208162 0.000000 15.320000

