0.094525 -0.000000 2.770000
0.091720 0.005645 2.770000
0.088686 0.011171 2.770000
0.085600 0.016667 2.770000
0.082491 0.022151 2.770000
0.079368 0.027626 2.770000
0.076233 0.033095 2.770000
0.073090 0.038559 2.770000
0.069938 0.044018 2.770000
0.066778 0.049472 2.770000
0.063609 0.054921 2.770000
0.060429 0.060364 2.770000
0.057234 0.065799 2.770000
0.054017 0.071219 2.770000
0.050749 0.076610 2.770000
0.047263 0.081861 2.770000
0.040971 0.082255 2.770000
0.034669 0.082390 2.770000
0.028366 0.082466 2.770000
0.022063 0.082515 2.770000
0.015759 0.082547 2.770000
0.009455 0.082567 2.770000
0.003152 0.082577 2.770000
-0.003152 0.082577 2.770000
-0.009455 0.082567 2.770000
-0.015759 0.082547 2.770000
-0.022063 0.082515 2.770000
-0.028366 0.082466 2.770000
-0.034669 0.082390 2.770000
-0.040971 0.082255 2.770000
-0.047263 0.081861 2.770000
-0.050749 0.076610 2.770000
-0.054017 0.071219 2.770000
-0.057234 0.065799 2.770000
-0.060429 0.060364 2.770000
-0.063609 0.054921 2.770000
-0.066778 0.049472 2.770000
-0.069938 0.044018 2.770000
-0.073090 0.038559 2.770000
-0.076233 0.033095 2.770000
-0.079368 0.027626 2.770000
-0.082491 0.022151 2.770000
-0.085600 0.016667 2.770000
-0.088686 0.011171 2.770000
-0.091720 0.005645 2.770000
-0.094525 -0.000000 2.770000
-0.091720 -0.005645 2.770000
-0.088686 -0.011171 2.770000
-0.085600 -0.016667 2.770000
-0.082491 -0.022151 2.770000
-0.079368 -0.027626 2.770000
-0.076233 -0.033095 2.770000
-0.073090 -0.038559 2.770000
-0.069938 -0.044018 2.770000
-0.066778 -0.049472 2.770000
-0.063609 -0.054921 2.770000
-0.060429 -0.060364 2.770000
-0.057234 -0.065799 2.770000
-0.054017 -0.071219 2.770000
-0.050749 -0.076610 2.770000
-0.047263 -0.081861 2.770000
-0.040971 -0.082255 2.770000
-0.034669 -0.082390 2.770000
-0.028366 -0.082466 2.770000
-0.022063 -0.082515 2.770000
-0.015759 -0.082547 2.770000
-0.009455 -0.082567 2.770000
-0.003152 -0.082577 2.770000
0.003152 -0.082577 2.770000
0.009455 -0.082567 2.770000
0.015759 -0.082547 2.770000
0.022063 -0.082515 2.770000
0.028366 -0.082466 2.770000
0.034669 -0.082390 2.770000
0.040971 -0.082255 2.770000
0.047263 -0.081861 2.770000
0.050749 -0.076610 2.770000
0.054017 -0.071219 2.770000
0.057234 -0.065799 2.770000
0.060429 -0.060364 2.770000
0.063609 -0.054921 2.770000
0.066778 -0.049472 2.770000
0.069938 -0.044018 2.770000
0.073090 -0.038559 2.770000
0.076233 -0.033095 2.770000
0.079368 -0.027626 2.770000
0.082491 -0.022151 2.770000
0.085600 -0.016667 2.770000
0.088686 -0.011171 2.770000
0.091720 -0.005645 2.770000
0.094525 -0.000000 2.770000

