0.206622 0.000000 15.110000
0.200417 0.012302 15.110000
0.193754 0.024362 15.110000
0.186990 0.036366 15.110000
0.180181 0.048344 15.110000
0.173344 0.060306 15.110000
0.166487 0.072257 15.110000
0.159613 0.084198 15.110000
0.152724 0.096130 15.110000
0.145820 0.108054 15.110000
0.138899 0.119967 15.110000
0.131957 0.131869 15.110000
0.124989 0.143755 15.110000
0.117975 0.155615 15.110000
0.110862 0.167415 15.110000
0.103311 0.178940 15.110000
0.089555 0.179717 15.110000
0.075779 0.179977 15.110000
0.062001 0.180121 15.110000
0.048224 0.180213 15.110000
0.034445 0.180274 15.110000
0.020667 0.180311 15.110000
0.006889 0.180328 15.110000
-0.006889 0.180328 15.110000
-0.020667 0.180311 15.110000
-0.034445 0.180274 15.110000
-0.048224 0.180213 15.110000
-0.062001 0.180121 15.110000
-0.075779 0.179977 15.110000
-0.089555 0.179717 15.110000
-0.103311 0.178940 15.110000
-0.110862 0.167415 15.110000
-0.117975 0.155615 15.110000
-0.124989 0.143755 15.110000
-0.131957 0.131869 15.110000
-0.138899 0.119967 15.110000
-0.145820 0.108054 15.110000
-0.152724 0.096130 15.110000
-0.159613 0.084198 15.110000
-0.166487 0.072257 15.110000
-0.173344 0.060306 15.110000
-0.180181 0.048344 15.110000
-0.186990 0.036366 15.110000
-0.193754 0.024362 15.110000
-0.200417 0.012302 15.110000
-0.206622 0.000000 15.110000
-0.200417 -0.012302 15.110000
-0.193754 -0.024362 15.110000
-0.186990 -0.036366 15.110000
-0.180181 -0.048344 15.110000
-0.173344 -0.060306 15.110000
-0.166487 -0.072257 15.110000
-0.159613 -0.084198 15.110000
-0.152724 -0.096130 15.110000
-0.145820 -0.108054 15.110000
-0.138899 -0.119967 15.110000
-0.131957 -0.131869 15.110000
-0.124989 -0.143755 15.110000
-0.117975 -0.155615 15.110000
-0.110862 -0.167415 15.110000
-0.103311 -0.178940 15.110000
-0.089555 -0.179717 15.110000
-0.075779 -0.179977 15.110000
-0.062001 -0.180121 15.110000
-0.048224 -0.180213 15.110000
-0.034445 -0.180274 15.110000
-0.020667 -0.180311 15.110000
-0.006889 -0.180328 15.110000
0.006889 -0.180328 15.110000
0.020667 -0.180311 15.110000
0.034445 -0.180274 15.110000
0.048224 -0.180213 15.110000
0.062001 -0.180121 15.110000
0.075779 -0.179977 15.110000
0.089555 -0.179717 15.110000
0.103311 -0.178940 15.110000
0.110862 -0.167415 15.110000
0.117975 -0.155615 15.110000
0.124989 -0.143755 15.110000
0.131957 -0.131869 15.110000
0.138899 -0.119967 15.110000
0.145820 -0.108054 15.110000
0.152724 -0.096130 15.110000
0.159613 -0.084198 15.110000
0.166487 -0.072257 15.110000
0.173344 -0.060306 15.110000
0.180181 -0.048344 15.110000
0.186990 -0.036366 15.110000
0.193754 -0.024362 15.110000
0.200417 -0.012302 15.110000
0.206622 0.000000 15.110000

