0.380463 0.000000 44.370000
0.368864 0.022562 44.370000
0.356519 0.044724 44.370000
0.344012 0.066796 44.370000
0.331433 0.088827 44.370000
0.318814 0.110834 44.370000
0.306167 0.132826 44.370000
0.293500 0.154805 44.370000
0.280815 0.176775 44.370000
0.268114 0.198736 44.370000
0.255392 0.220684 44.370000
0.242643 0.242616 44.370000
0.229853 0.264525 44.370000
0.216992 0.286392 44.370000
0.203971 0.308165 44.370000
0.190231 0.329490 44.370000
0.164893 0.330727 44.370000
0.139527 0.331117 44.370000
0.114159 0.331321 44.370000
0.088791 0.331443 44.370000
0.063422 0.331518 44.370000
0.038053 0.331561 44.370000
0.012684 0.331581 44.370000
-0.012684 0.331581 44.370000
-0.038053 0.331561 44.370000
-0.063422 0.331518 44.370000
-0.088791 0.331443 44.370000
-0.114159 0.331321 44.370000
-0.139527 0.331117 44.370000
-0.164893 0.330727 44.370000
-0.190231 0.329490 44.370000
-0.203971 0.308165 44.370000
-0.216992 0.286392 44.370000
-0.229853 0.264525 44.370000
-0.242643 0.242616 44.370000
-0.255392 0.220684 44.370000
-0.268114 0.198736 44.370000
-0.280815 0.176775 44.370000
-0.293500 0.154805 44.370000
-0.306167 0.132826 44.370000
-0.318814 0.110834 44.370000
-0.331433 0.088827 44.370000
-0.344012 0.066796 44.370000
-0.356519 0.044724 44.370000
-0.368864 0.022562 44.370000
-0.380463 0.000000 44.370000
-0.368864 -0.022562 44.370000
-0.356519 -0.044724 44.370000
-0.344012 -0.066796 44.370000
-0.331433 -0.088827 44.370000
-0.318814 -0.110834 44.370000
-0.306167 -0.132826 44.370000
-0.293500 -0.154805 44.370000
-0.280815 -0.176775 44.370000
-0.268114 -0.198736 44.370000
-0.255392 -0.220684 44.370000
-0.242643 -0.242616 44.370000
-0.229853 -0.264525 44.370000
-0.216992 -0.286392 44.370000
-0.203971 -0.308165 44.370000
-0.190231 -0.329490 44.370000
-0.164893 -0.330727 44.370000
-0.139527 -0.331117 44.370000
-0.114159 -0.331321 44.370000
-0.088791 -0.331443 44.370000
-0.063422 -0.331518 44.370000
-0.038053 -0.331561 44.370000
-0.012684 -0.331581 44.370000
0.012684 -0.331581 44.370000
0.038053 -0.331561 44.370000
0.063422 -0.331518 44.370000
0.088791 -0.331443 44.370000
0.114159 -0.331321 44.370000
0.139527 -0.331117 44.370000
0.164893 -0.330727 44.370000
0.190231 -0.329490 44.370000
0.203971 -0.308165 44.370000
0.216992 -0.286392 44.370000
0.229853 -0.264525 44.370000
0.242643 -0.242616 44.370000
0.255392 -0.220684 44.370000
0.268114 -0.198736 44.370000
0.280815 -0.176775 44.370000
0.293500 -0.154805 44.370000
0.306167 -0.132826 44.370000
0.318814 -0.110834 44.370000
0.331433 -0.088827 44.370000
0.344012 -0.066796 44.370000
0.356519 -0.044724 44.370000
0.368864 -0.022562 44.370000
0.380463 0.000000 44.370000

