0.308626 0.000000 31.010000
0.299271 0.018330 31.010000
0.289281 0.036322 31.010000
0.279152 0.054236 31.010000
0.268963 0.072116 31.010000
0.258737 0.089975 31.010000
0.248485 0.107819 31.010000
0.238214 0.125651 31.010000
0.227924 0.143473 31.010000
0.217616 0.161285 31.010000
0.207289 0.179085 31.010000
0.196935 0.196871 31.010000
0.186546 0.214635 31.010000
0.176096 0.232364 31.010000
0.165510 0.250011 31.010000
0.154313 0.267278 31.010000
0.133761 0.268341 31.010000
0.113185 0.268685 31.010000
0.092606 0.268871 31.010000
0.072027 0.268986 31.010000
0.051448 0.269060 31.010000
0.030869 0.269104 31.010000
0.010290 0.269125 31.010000
-0.010290 0.269125 31.010000
-0.030869 0.269104 31.010000
-0.051448 0.269060 31.010000
-0.072027 0.268986 31.010000
-0.092606 0.268871 31.010000
-0.113185 0.268685 31.010000
-0.133761 0.268341 31.010000
-0.154313 0.267278 31.010000
-0.165510 0.250011 31.010000
-0.176096 0.232364 31.010000
-0.186546 0.214635 31.010000
-0.196935 0.196871 31.010000
-0.207289 0.179085 31.010000
-0.217616 0.161285 31.010000
-0.227924 0.143473 31.010000
-0.238214 0.125651 31.010000
-0.248485 0.107819 31.010000
-0.258737 0.089975 31.010000
-0.268963 0.072116 31.010000
-0.279152 0.054236 31.010000
-0.289281 0.036322 31.010000
-0.299271 0.018330 31.010000
-0.308626 0.000000 31.010000
-0.299271 -0.018330 31.010000
-0.289281 -0.036322 31.010000
-0.279152 -0.054236 31.010000
-0.268963 -0.072116 31.010000
-0.258737 -0.089975 31.010000
-0.248485 -0.107819 31.010000
-0.238214 -0.125651 31.010000
-0.227924 -0.143473 31.010000
-0.217616 -0.161285 31.010000
-0.207289 -0.179085 31.010000
-0.196935 -0.196871 31.010000
-0.186546 -0.214635 31.010000
-0.176096 -0.232364 31.010000
-0.165510 -0.250011 31.010000
-0.154313 -0.267278 31.010000
-0.133761 -0.268341 31.010000
-0.113185 -0.268685 31.010000
-0.092606 -0.268871 31.010000
-0.072027 -0.268986 31.010000
-0.051448 -0.269060 31.010000
-0.030869 -0.269104 31.010000
-0.010290 -0.269125 31.010000
0.010290 -0.269125 31.010000
0.030869 -0.269104 31.010000
0.051448 -0.269060 31.010000
0.072027 -0.268986 31.010000
0.092606 -0.268871 31.010000
0.113185 -0.268685 31.010000
0.133761 -0.268341 31.010000
0.154313 -0.267278 31.010000
0.165510 -0.250011 31.010000
0.176096 -0.232364 31.010000
0.186546 -0.214635 31.010000
0.196935 -0.196871 31.010000
0.207289 -0.179085 31.010000
0.217616 -0.161285 31.010000
0.227924 -0.143473 31.010000
0.238214 -0.125651 31.010000
0.248485 -0.107819 31.010000
0.258737 -0.089975 31.010000
0.268963 -0.072116 31.010000
0.279152 -0.054236 31.010000
0.289281 -0.036322 31.010000
0.299271 -0.018330 31.010000
0.308626 0.000000 31.010000

