0.213462 0.000000 16.050000
0.207047 0.012707 16.050000
0.200162 0.025165 16.050000
0.193173 0.037566 16.050000
0.186138 0.049940 16.050000
0.179074 0.062298 16.050000
0.171989 0.074644 16.050000
0.164888 0.086980 16.050000
0.157771 0.099307 16.050000
0.150638 0.111625 16.050000
0.143488 0.123934 16.050000
0.136318 0.136230 16.050000
0.129119 0.148510 16.050000
0.121875 0.160763 16.050000
0.114528 0.172955 16.050000
0.106731 0.184863 16.050000
0.092519 0.185661 16.050000
0.078287 0.185928 16.050000
0.064054 0.186076 16.050000
0.049820 0.186170 16.050000
0.035586 0.186231 16.050000
0.021351 0.186269 16.050000
0.007117 0.186287 16.050000
-0.007117 0.186287 16.050000
-0.021351 0.186269 16.050000
-0.035586 0.186231 16.050000
-0.049820 0.186170 16.050000
-0.064054 0.186076 16.050000
-0.078287 0.185928 16.050000
-0.092519 0.185661 16.050000
-0.106731 0.184863 16.050000
-0.114528 0.172955 16.050000
-0.121875 0.160763 16.050000
-0.129119 0.148510 16.050000
-0.136318 0.136230 16.050000
-0.143488 0.123934 16.050000
-0.150638 0.111625 16.050000
-0.157771 0.099307 16.050000
-0.164888 0.086980 16.050000
-0.171989 0.074644 16.050000
-0.179074 0.062298 16.050000
-0.186138 0.049940 16.050000
-0.193173 0.037566 16.050000
-0.200162 0.025165 16.050000
-0.207047 0.012707 16.050000
-0.213462 0.000000 16.050000
-0.207047 -0.012707 16.050000
-0.200162 -0.025165 16.050000
-0.193173 -0.037566 16.050000
-0.186138 -0.049940 16.050000
-0.179074 -0.062298 16.050000
-0.171989 -0.074644 16.050000
-0.164888 -0.086980 16.050000
-0.157771 -0.099307 16.050000
-0.150638 -0.111625 16.050000
-0.143488 -0.123934 16.050000
-0.136318 -0.136230 16.050000
-0.129119 -0.148510 16.050000
-0.121875 -0.160763 16.050000
-0.114528 -0.172955 16.050000
-0.106731 -0.184863 16.050000
-0.092519 -0.185661 16.050000
-0.078287 -0.185928 16.050000
-0.064054 -0.186076 16.050000
-0.049820 -0.186170 16.050000
-0.035586 -0.186231 16.050000
-0.021351 -0.186269 16.050000
-0.007117 -0.186287 16.050000
0.007117 -0.186287 16.050000
0.021351 -0.186269 16.050000
0.035586 -0.186231 16.050000
0.049820 -0.186170 16.050000
0.064054 -0.186076 16.050000
0.078287 -0.185928 16.050000
0.092519 -0.185661 16.050000
0.106731 -0.184863 16.050000
0.114528 -0.172955 16.050000
0.121875 -0.160763 16.050000
0.129119 -0.148510 16.050000
0.136318 -0.136230 16.050000
0.143488 -0.123934 16.050000
0.150638 -0.111625 16.050000
0.157771 -0.099307 16.050000
0.164888 -0.086980 16.050000
0.171989 -0.074644 16.050000
0.179074 -0.062298 16.050000
0.186138 -0.049940 16.050000
0.193173 -0.037566 16.050000
0.200162 -0.025165 16.050000
0.207047 -0.012707 16.050000
0.213462 0.000000 16.050000

