0.339979 0.000000 36.640000
0.329647 0.020178 36.640000
0.318630 0.039991 36.640000
0.307464 0.059720 36.640000
0.296233 0.079412 36.640000
0.284963 0.099082 36.640000
0.273667 0.118736 36.640000
0.262350 0.138379 36.640000
0.251015 0.158012 36.640000
0.239662 0.177634 36.640000
0.228289 0.197244 36.640000
0.216889 0.216839 36.640000
0.205451 0.236412 36.640000
0.193948 0.255946 36.640000
0.182298 0.275393 36.640000
0.169989 0.294430 36.640000
0.147349 0.295572 36.640000
0.124682 0.295937 36.640000
0.102013 0.296132 36.640000
0.079344 0.296251 36.640000
0.056674 0.296326 36.640000
0.034004 0.296370 36.640000
0.011335 0.296391 36.640000
-0.011335 0.296391 36.640000
-0.034004 0.296370 36.640000
-0.056674 0.296326 36.640000
-0.079344 0.296251 36.640000
-0.102013 0.296132 36.640000
-0.124682 0.295937 36.640000
-0.147349 0.295572 36.640000
-0.169989 0.294430 36.640000
-0.182298 0.275393 36.640000
-0.193948 0.255946 36.640000
-0.205451 0.236412 36.640000
-0.216889 0.216839 36.640000
-0.228289 0.197244 36.640000
-0.239662 0.177634 36.640000
-0.251015 0.158012 36.640000
-0.262350 0.138379 36.640000
-0.273667 0.118736 36.640000
-0.284963 0.099082 36.640000
-0.296233 0.079412 36.640000
-0.307464 0.059720 36.640000
-0.318630 0.039991 36.640000
-0.329647 0.020178 36.640000
-0.339979 0.000000 36.640000
-0.329647 -0.020178 36.640000
-0.318630 -0.039991 36.640000
-0.307464 -0.059720 36.640000
-0.296233 -0.079412 36.640000
-0.284963 -0.099082 36.640000
-0.273667 -0.118736 36.640000
-0.262350 -0.138379 36.640000
-0.251015 -0.158012 36.640000
-0.239662 -0.177634 36.640000
-0.228289 -0.197244 36.640000
-0.216889 -0.216839 36.640000
-0.205451 -0.236412 36.640000
-0.193948 -0.255946 36.640000
-0.182298 -0.275393 36.640000
-0.169989 -0.294430 36.640000
-0.147349 -0.295572 36.640000
-0.124682 -0.295937 36.640000
-0.102013 -0.296132 36.640000
-0.079344 -0.296251 36.640000
-0.056674 -0.296326 36.640000
-0.034004 -0.296370 36.640000
-0.011335 -0.296391 36.640000
0.011335 -0.296391 36.640000
0.034004 -0.296370 36.640000
0.056674 -0.296326 36.640000
0.079344 -0.296251 36.640000
0.102013 -0.296132 36.640000
0.124682 -0.295937 36.640000
0.147349 -0.295572 36.640000
0.169989 -0.294430 36.640000
0.182298 -0.275393 36.640000
0.193948 -0.255946 36.640000
0.205451 -0.236412 36.640000
0.216889 -0.216839 36.640000
0.228289 -0.197244 36.640000
0.239662 -0.177634 36.640000
0.251015 -0.158012 36.640000
0.262350 -0.138379 36.640000
0.273667 -0.118736 36.640000
0.284963 -0.099082 36.640000
0.296233 -0.079412 36.640000
0.307464 -0.059720 36.640000
0.318630 -0.039991 36.640000
0.329647 -0.020178 36.640000
0.339979 0.000000 36.640000

