0.130369 -0.000000 6.040000
0.126485 0.007778 6.040000
0.122294 0.015395 6.040000
0.118034 0.022974 6.040000
0.113744 0.030535 6.040000
0.109434 0.038085 6.040000
0.105110 0.045627 6.040000
0.100774 0.053163 6.040000
0.096427 0.060692 6.040000
0.092069 0.068214 6.040000
0.087700 0.075730 6.040000
0.083316 0.083238 6.040000
0.078913 0.090734 6.040000
0.074479 0.098212 6.040000
0.069978 0.105650 6.040000
0.065184 0.112903 6.040000
0.056507 0.113428 6.040000
0.047815 0.113607 6.040000
0.039121 0.113708 6.040000
0.030428 0.113772 6.040000
0.021734 0.113815 6.040000
0.013041 0.113842 6.040000
0.004347 0.113854 6.040000
-0.004347 0.113854 6.040000
-0.013041 0.113842 6.040000
-0.021734 0.113815 6.040000
-0.030428 0.113772 6.040000
-0.039121 0.113708 6.040000
-0.047815 0.113607 6.040000
-0.056507 0.113428 6.040000
-0.065184 0.112903 6.040000
-0.069978 0.105650 6.040000
-0.074479 0.098212 6.040000
-0.078913 0.090734 6.040000
-0.083316 0.083238 6.040000
-0.087700 0.075730 6.040000
-0.092069 0.068214 6.040000
-0.096427 0.060692 6.040000
-0.100774 0.053163 6.040000
-0.105110 0.045627 6.040000
-0.109434 0.038085 6.040000
-0.113744 0.030535 6.040000
-0.118034 0.022974 6.040000
-0.122294 0.015395 6.040000
-0.126485 0.007778 6.040000
-0.130369 -0.000000 6.040000
-0.126485 -0.007778 6.040000
-0.122294 -0.015395 6.040000
-0.118034 -0.022974 6.040000
-0.113744 -0.030535 6.040000
-0.109434 -0.038085 6.040000
-0.105110 -0.045627 6.040000
-0.100774 -0.053163 6.040000
-0.096427 -0.060692 6.040000
-0.092069 -0.068214 6.040000
-0.087700 -0.075730 6.040000
-0.083316 -0.083238 6.040000
-0.078913 -0.090734 6.040000
-0.074479 -0.098212 6.040000
-0.069978 -0.105650 6.040000
-0.065184 -0.112903 6.040000
-0.056507 -0.113428 6.040000
-0.047815 -0.113607 6.040000
-0.039121 -0.113708 6.040000
-0.030428 -0.113772 6.040000
-0.021734 -0.113815 6.040000
-0.013041 -0.113842 6.040000
-0.004347 -0.113854 6.040000
0.004347 -0.113854 6.040000
0.013041 -0.113842 6.040000
0.021734 -0.113815 6.040000
0.030428 -0.113772 6.040000
0.039121 -0.113708 6.040000
0.047815 -0.113607 6.040000
0.056507 -0.113428 6.040000
0.065184 -0.112903 6.040000
0.069978 -0.105650 6.040000
0.074479 -0.098212 6.040000
0.078913 -0.090734 6.040000
0.083316 -0.083238 6.040000
0.087700 -0.075730 6.040000
0.092069 -0.068214 6.040000
0.096427 -0.060692 6.040000
0.100774 -0.053163 6.040000
0.105110 -0.045627 6.040000
0.109434 -0.038085 6.040000
0.113744 -0.030535 6.040000
0.118034 -0.022974 6.040000
0.122294 -0.015395 6.040000
0.126485 -0.007778 6.040000
0.130369 -0.000000 6.040000

