0.393579 0.000000 46.980000
0.381569 0.023334 46.980000
0.368793 0.046257 46.980000
0.355851 0.069087 46.980000
0.342835 0.091875 46.980000
0.329778 0.114640 46.980000
0.316693 0.137388 46.980000
0.303589 0.160125 46.980000
0.290467 0.182853 46.980000
0.277329 0.205570 46.980000
0.264170 0.228276 46.980000
0.250984 0.250966 46.980000
0.237756 0.273632 46.980000
0.224456 0.296255 46.980000
0.210992 0.318782 46.980000
0.196790 0.340850 46.980000
0.170577 0.342115 46.980000
0.144337 0.342513 46.980000
0.118094 0.342719 46.980000
0.091851 0.342842 46.980000
0.065608 0.342916 46.980000
0.039365 0.342959 46.980000
0.013122 0.342978 46.980000
-0.013122 0.342978 46.980000
-0.039365 0.342959 46.980000
-0.065608 0.342916 46.980000
-0.091851 0.342842 46.980000
-0.118094 0.342719 46.980000
-0.144337 0.342513 46.980000
-0.170577 0.342115 46.980000
-0.196790 0.340850 46.980000
-0.210992 0.318782 46.980000
-0.224456 0.296255 46.980000
-0.237756 0.273632 46.980000
-0.250984 0.250966 46.980000
-0.264170 0.228276 46.980000
-0.277329 0.205570 46.980000
-0.290467 0.182853 46.980000
-0.303589 0.160125 46.980000
-0.316693 0.137388 46.980000
-0.329778 0.114640 46.980000
-0.342835 0.091875 46.980000
-0.355851 0.069087 46.980000
-0.368793 0.046257 46.980000
-0.381569 0.023334 46.980000
-0.393579 0.000000 46.980000
-0.381569 -0.023334 46.980000
-0.368793 -0.046257 46.980000
-0.355851 -0.069087 46.980000
-0.342835 -0.091875 46.980000
-0.329778 -0.114640 46.980000
-0.316693 -0.137388 46.980000
-0.303589 -0.160125 46.980000
-0.290467 -0.182853 46.980000
-0.277329 -0.205570 46.980000
-0.264170 -0.228276 46.980000
-0.250984 -0.250966 46.980000
-0.237756 -0.273632 46.980000
-0.224456 -0.296255 46.980000
-0.210992 -0.318782 46.980000
-0.196790 -0.340850 46.980000
-0.170577 -0.342115 46.980000
-0.144337 -0.342513 46.980000
-0.118094 -0.342719 46.980000
-0.091851 -0.342842 46.980000
-0.065608 -0.342916 46.980000
-0.039365 -0.342959 46.980000
-0.013122 -0.342978 46.980000
0.013122 -0.342978 46.980000
0.039365 -0.342959 46.980000
0.065608 -0.342916 46.980000
0.091851 -0.342842 46.980000
0.118094 -0.342719 46.980000
0.144337 -0.342513 46.980000
0.170577 -0.342115 46.980000
0.196790 -0.340850 46.980000
0.210992 -0.318782 46.980000
0.224456 -0.296255 46.980000
0.237756 -0.273632 46.980000
0.250984 -0.250966 46.980000
0.264170 -0.228276 46.980000
0.277329 -0.205570 46.980000
0.290467 -0.182853 46.980000
0.303589 -0.160125 46.980000
0.316693 -0.137388 46.980000
0.329778 -0.114640 46.980000
0.342835 -0.091875 46.980000
0.355851 -0.069087 46.980000
0.368793 -0.046257 46.980000
0.381569 -0.023334 46.980000
0.393579 0.000000 46.980000

