0.360628 0.000000 40.520000
0.349651 0.021394 40.520000
0.337957 0.042406 40.520000
0.326107 0.063330 40.520000
0.314189 0.084215 40.520000
0.302231 0.105077 40.520000
0.290246 0.125924 40.520000
0.278240 0.146759 40.520000
0.266217 0.167584 40.520000
0.254176 0.188398 40.520000
0.242115 0.209201 40.520000
0.230027 0.229988 40.520000
0.217899 0.250752 40.520000
0.205703 0.271476 40.520000
0.193353 0.292109 40.520000
0.180314 0.312313 40.520000
0.156297 0.313504 40.520000
0.132254 0.313882 40.520000
0.108208 0.314082 40.520000
0.084162 0.314203 40.520000
0.060116 0.314278 40.520000
0.036070 0.314322 40.520000
0.012023 0.314342 40.520000
-0.012023 0.314342 40.520000
-0.036070 0.314322 40.520000
-0.060116 0.314278 40.520000
-0.084162 0.314203 40.520000
-0.108208 0.314082 40.520000
-0.132254 0.313882 40.520000
-0.156297 0.313504 40.520000
-0.180314 0.312313 40.520000
-0.193353 0.292109 40.520000
-0.205703 0.271476 40.520000
-0.217899 0.250752 40.520000
-0.230027 0.229988 40.520000
-0.242115 0.209201 40.520000
-0.254176 0.188398 40.520000
-0.266217 0.167584 40.520000
-0.278240 0.146759 40.520000
-0.290246 0.125924 40.520000
-0.302231 0.105077 40.520000
-0.314189 0.084215 40.520000
-0.326107 0.063330 40.520000
-0.337957 0.042406 40.520000
-0.349651 0.021394 40.520000
-0.360628 0.000000 40.520000
-0.349651 -0.021394 40.520000
-0.337957 -0.042406 40.520000
-0.326107 -0.063330 40.520000
-0.314189 -0.084215 40.520000
-0.302231 -0.105077 40.520000
-0.290246 -0.125924 40.520000
-0.278240 -0.146759 40.520000
-0.266217 -0.167584 40.520000
-0.254176 -0.188398 40.520000
-0.242115 -0.209201 40.520000
-0.230027 -0.229988 40.520000
-0.217899 -0.250752 40.520000
-0.205703 -0.271476 40.520000
-0.193353 -0.292109 40.520000
-0.180314 -0.312313 40.520000
-0.156297 -0.313504 40.520000
-0.132254 -0.313882 40.520000
-0.108208 -0.314082 40.520000
-0.084162 -0.314203 40.520000
-0.060116 -0.314278 40.520000
-0.036070 -0.314322 40.520000
-0.012023 -0.314342 40.520000
0.012023 -0.314342 40.520000
0.036070 -0.314322 40.520000
0.060116 -0.314278 40.520000
0.084162 -0.314203 40.520000
0.108208 -0.314082 40.520000
0.132254 -0.313882 40.520000
0.156297 -0.313504 40.520000
0.180314 -0.312313 40.520000
0.193353 -0.292109 40.520000
0.205703 -0.271476 40.520000
0.217899 -0.250752 40.520000
0.230027 -0.229988 40.520000
0.242115 -0.209201 40.520000
0.254176 -0.188398 40.520000
0.266217 -0.167584 40.520000
0.278240 -0.146759 40.520000
0.290246 -0.125924 40.520000
0.302231 -0.105077 40.520000
0.314189 -0.084215 40.520000
0.326107 -0.063330 40.520000
0.337957 -0.042406 40.520000
0.349651 -0.021394 40.520000
0.360628 0.000000 40.520000

