0.184056 0.000000 12.150000
0.178541 0.010965 12.150000
0.172612 0.021711 12.150000
0.166590 0.032406 12.150000
0.160527 0.043077 12.150000
0.154438 0.053734 12.150000
0.148331 0.064381 12.150000
0.142209 0.075018 12.150000
0.136072 0.085647 12.150000
0.129921 0.096268 12.150000
0.123755 0.106880 12.150000
0.117569 0.117482 12.150000
0.111359 0.128068 12.150000
0.105108 0.138631 12.150000
0.098767 0.149139 12.150000
0.092028 0.159397 12.150000
0.079775 0.160104 12.150000
0.067504 0.160342 12.150000
0.055231 0.160474 12.150000
0.042957 0.160559 12.150000
0.030684 0.160615 12.150000
0.018410 0.160649 12.150000
0.006137 0.160665 12.150000
-0.006137 0.160665 12.150000
-0.018410 0.160649 12.150000
-0.030684 0.160615 12.150000
-0.042957 0.160559 12.150000
-0.055231 0.160474 12.150000
-0.067504 0.160342 12.150000
-0.079775 0.160104 12.150000
-0.092028 0.159397 12.150000
-0.098767 0.149139 12.150000
-0.105108 0.138631 12.150000
-0.111359 0.128068 12.150000
-0.117569 0.117482 12.150000
-0.123755 0.106880 12.150000
-0.129921 0.096268 12.150000
-0.136072 0.085647 12.150000
-0.142209 0.075018 12.150000
-0.148331 0.064381 12.150000
-0.154438 0.053734 12.150000
-0.160527 0.043077 12.150000
-0.166590 0.032406 12.150000
-0.172612 0.021711 12.150000
-0.178541 0.010965 12.150000
-0.184056 0.000000 12.150000
-0.178541 -0.010965 12.150000
-0.172612 -0.021711 12.150000
-0.166590 -0.032406 12.150000
-0.160527 -0.043077 12.150000
-0.154438 -0.053734 12.150000
-0.148331 -0.064381 12.150000
-0.142209 -0.075018 12.150000
-0.136072 -0.085647 12.150000
-0.129921 -0.096268 12.150000
-0.123755 -0.106880 12.150000
-0.117569 -0.117482 12.150000
-0.111359 -0.128068 12.150000
-0.105108 -0.138631 12.150000
-0.098767 -0.149139 12.150000
-0.092028 -0.159397 12.150000
-0.079775 -0.160104 12.150000
-0.067504 -0.160342 12.150000
-0.055231 -0.160474 12.150000
-0.042957 -0.160559 12.150000
-0.030684 -0.160615 12.150000
-0.018410 -0.160649 12.150000
-0.006137 -0.160665 12.150000
0.006137 -0.160665 12.150000
0.018410 -0.160649 12.150000
0.030684 -0.160615 12.150000
0.042957 -0.160559 12.150000
0.055231 -0.160474 12.150000
0.067504 -0.160342 12.150000
0.079775 -0.160104 12.150000
0.092028 -0.159397 12.150000
0.098767 -0.149139 12.150000
0.105108 -0.138631 12.150000
0.111359 -0.128068 12.150000
0.117569 -0.117482 12.150000
0.123755 -0.106880 12.150000
0.129921 -0.096268 12.150000
0.136072 -0.085647 12.150000
0.142209 -0.075018 12.150000
0.148331 -0.064381 12.150000
0.154438 -0.053734 12.150000
0.160527 -0.043077 12.150000
0.166590 -0.032406 12.150000
0.172612 -0.021711 12.150000
0.178541 -0.010965 12.150000
0.184056 0.000000 12.150000

