0.092045 -0.000000 2.570000
0.089315 0.005497 2.570000
0.086361 0.010878 2.570000
0.083356 0.016231 2.570000
0.080328 0.021570 2.570000
0.077287 0.026902 2.570000
0.074235 0.032228 2.570000
0.071174 0.037548 2.570000
0.068104 0.042864 2.570000
0.065027 0.048175 2.570000
0.061941 0.053481 2.570000
0.058845 0.058781 2.570000
0.055734 0.064073 2.570000
0.052601 0.069351 2.570000
0.049418 0.074600 2.570000
0.046023 0.079714 2.570000
0.039896 0.080098 2.570000
0.033760 0.080229 2.570000
0.027622 0.080304 2.570000
0.021484 0.080351 2.570000
0.015346 0.080383 2.570000
0.009207 0.080403 2.570000
0.003069 0.080412 2.570000
-0.003069 0.080412 2.570000
-0.009207 0.080403 2.570000
-0.015346 0.080383 2.570000
-0.021484 0.080351 2.570000
-0.027622 0.080304 2.570000
-0.033760 0.080229 2.570000
-0.039896 0.080098 2.570000
-0.046023 0.079714 2.570000
-0.049418 0.074600 2.570000
-0.052601 0.069351 2.570000
-0.055734 0.064073 2.570000
-0.058845 0.058781 2.570000
-0.061941 0.053481 2.570000
-0.065027 0.048175 2.570000
-0.068104 0.042864 2.570000
-0.071174 0.037548 2.570000
-0.074235 0.032228 2.570000
-0.077287 0.026902 2.570000
-0.080328 0.021570 2.570000
-0.083356 0.016231 2.570000
-0.086361 0.010878 2.570000
-0.089315 0.005497 2.570000
-0.092045 -0.000000 2.570000
-0.089315 -0.005497 2.570000
-0.086361 -0.010878 2.570000
-0.083356 -0.016231 2.570000
-0.080328 -0.021570 2.570000
-0.077287 -0.026902 2.570000
-0.074235 -0.032228 2.570000
-0.071174 -0.037548 2.570000
-0.068104 -0.042864 2.570000
-0.065027 -0.048175 2.570000
-0.061941 -0.053481 2.570000
-0.058845 -0.058781 2.570000
-0.055734 -0.064073 2.570000
-0.052601 -0.069351 2.570000
-0.049418 -0.074600 2.570000
-0.046023 -0.079714 2.570000
-0.039896 -0.080098 2.570000
-0.033760 -0.080229 2.570000
-0.027622 -0.080304 2.570000
-0.021484 -0.080351 2.570000
-0.015346 -0.080383 2.570000
-0.009207 -0.080403 2.570000
-0.003069 -0.080412 2.570000
0.003069 -0.080412 2.570000
0.009207 -0.080403 2.570000
0.015346 -0.080383 2.570000
0.021484 -0.080351 2.570000
0.027622 -0.080304 2.570000
0.033760 -0.080229 2.570000
0.039896 -0.080098 2.570000
0.046023 -0.079714 2.570000
0.049418 -0.074600 2.570000
0.052601 -0.069351 2.570000
0.055734 -0.064073 2.570000
0.058845 -0.058781 2.570000
0.061941 -0.053481 2.570000
0.065027 -0.048175 2.570000
0.068104 -0.042864 2.570000
0.071174 -0.037548 2.570000
0.074235 -0.032228 2.570000
0.077287 -0.026902 2.570000
0.080328 -0.021570 2.570000
0.083356 -0.016231 2.570000
0.086361 -0.010878 2.570000
0.089315 -0.005497 2.570000
0.092045 -0.000000 2.570000

