0.291893 0.000000 28.140000
0.283057 0.017343 28.140000
0.273615 0.034362 28.140000
0.264039 0.051308 28.140000
0.254405 0.068220 28.140000
0.244736 0.085112 28.140000
0.235042 0.101989 28.140000
0.225328 0.118856 28.140000
0.215596 0.135712 28.140000
0.205846 0.152557 28.140000
0.196077 0.169392 28.140000
0.186283 0.186211 28.140000
0.176453 0.203011 28.140000
0.166566 0.219776 28.140000
0.156548 0.236464 28.140000
0.145946 0.252787 28.140000
0.126509 0.253806 28.140000
0.107049 0.254138 28.140000
0.087586 0.254319 28.140000
0.068123 0.254431 28.140000
0.048659 0.254503 28.140000
0.029195 0.254547 28.140000
0.009732 0.254567 28.140000
-0.009732 0.254567 28.140000
-0.029195 0.254547 28.140000
-0.048659 0.254503 28.140000
-0.068123 0.254431 28.140000
-0.087586 0.254319 28.140000
-0.107049 0.254138 28.140000
-0.126509 0.253806 28.140000
-0.145946 0.252787 28.140000
-0.156548 0.236464 28.140000
-0.166566 0.219776 28.140000
-0.176453 0.203011 28.140000
-0.186283 0.186211 28.140000
-0.196077 0.169392 28.140000
-0.205846 0.152557 28.140000
-0.215596 0.135712 28.140000
-0.225328 0.118856 28.140000
-0.235042 0.101989 28.140000
-0.244736 0.085112 28.140000
-0.254405 0.068220 28.140000
-0.264039 0.051308 28.140000
-0.273615 0.034362 28.140000
-0.283057 0.017343 28.140000
-0.291893 0.000000 28.140000
-0.283057 -0.017343 28.140000
-0.273615 -0.034362 28.140000
-0.264039 -0.051308 28.140000
-0.254405 -0.068220 28.140000
-0.244736 -0.085112 28.140000
-0.235042 -0.101989 28.140000
-0.225328 -0.118856 28.140000
-0.215596 -0.135712 28.140000
-0.205846 -0.152557 28.140000
-0.196077 -0.169392 28.140000
-0.186283 -0.186211 28.140000
-0.176453 -0.203011 28.140000
-0.166566 -0.219776 28.140000
-0.156548 -0.236464 28.140000
-0.145946 -0.252787 28.140000
-0.126509 -0.253806 28.140000
-0.107049 -0.254138 28.140000
-0.087586 -0.254319 28.140000
-0.068123 -0.254431 28.140000
-0.048659 -0.254503 28.140000
-0.029195 -0.254547 28.140000
-0.009732 -0.254567 28.140000
0.009732 -0.254567 28.140000
0.029195 -0.254547 28.140000
0.048659 -0.254503 28.140000
0.068123 -0.254431 28.140000
0.087586 -0.254319 28.140000
0.107049 -0.254138 28.140000
0.126509 -0.253806 28.140000
0.145946 -0.252787 28.140000
0.156548 -0.236464 28.140000
0.166566 -0.219776 28.140000
0.176453 -0.203011 28.140000
0.186283 -0.186211 28.140000
0.196077 -0.169392 28.140000
0.205846 -0.152557 28.140000
0.215596 -0.135712 28.140000
0.225328 -0.118856 28.140000
0.235042 -0.101989 28.140000
0.244736 -0.085112 28.140000
0.254405 -0.068220 28.140000
0.264039 -0.051308 28.140000
0.273615 -0.034362 28.140000
0.283057 -0.017343 28.140000
0.291893 0.000000 28.140000

