0.287843 0.000000 27.460000
0.279133 0.017104 27.460000
0.269823 0.033888 27.460000
0.260381 0.050599 27.460000
0.250882 0.067277 27.460000
0.241347 0.083935 27.460000
0.231788 0.100578 27.460000
0.222209 0.117211 27.460000
0.212612 0.133833 27.460000
0.202997 0.150445 27.460000
0.193363 0.167045 27.460000
0.183704 0.183632 27.460000
0.174010 0.200197 27.460000
0.164259 0.216730 27.460000
0.154379 0.233185 27.460000
0.143922 0.249279 27.460000
0.124754 0.250288 27.460000
0.105564 0.250618 27.460000
0.086371 0.250796 27.460000
0.067178 0.250908 27.460000
0.047984 0.250980 27.460000
0.028790 0.251023 27.460000
0.009597 0.251044 27.460000
-0.009597 0.251044 27.460000
-0.028790 0.251023 27.460000
-0.047984 0.250980 27.460000
-0.067178 0.250908 27.460000
-0.086371 0.250796 27.460000
-0.105564 0.250618 27.460000
-0.124754 0.250288 27.460000
-0.143922 0.249279 27.460000
-0.154379 0.233185 27.460000
-0.164259 0.216730 27.460000
-0.174010 0.200197 27.460000
-0.183704 0.183632 27.460000
-0.193363 0.167045 27.460000
-0.202997 0.150445 27.460000
-0.212612 0.133833 27.460000
-0.222209 0.117211 27.460000
-0.231788 0.100578 27.460000
-0.241347 0.083935 27.460000
-0.250882 0.067277 27.460000
-0.260381 0.050599 27.460000
-0.269823 0.033888 27.460000
-0.279133 0.017104 27.460000
-0.287843 0.000000 27.460000
-0.279133 -0.017104 27.460000
-0.269823 -0.033888 27.460000
-0.260381 -0.050599 27.460000
-0.250882 -0.067277 27.460000
-0.241347 -0.083935 27.460000
-0.231788 -0.100578 27.460000
-0.222209 -0.117211 27.460000
-0.212612 -0.133833 27.460000
-0.202997 -0.150445 27.460000
-0.193363 -0.167045 27.460000
-0.183704 -0.183632 27.460000
-0.174010 -0.200197 27.460000
-0.164259 -0.216730 27.460000
-0.154379 -0.233185 27.460000
-0.143922 -0.249279 27.460000
-0.124754 -0.250288 27.460000
-0.105564 -0.250618 27.460000
-0.086371 -0.250796 27.460000
-0.067178 -0.250908 27.460000
-0.047984 -0.250980 27.460000
-0.028790 -0.251023 27.460000
-0.009597 -0.251044 27.460000
0.009597 -0.251044 27.460000
0.028790 -0.251023 27.460000
0.047984 -0.250980 27.460000
0.067178 -0.250908 27.460000
0.086371 -0.250796 27.460000
0.105564 -0.250618 27.460000
0.124754 -0.250288 27.460000
0.143922 -0.249279 27.460000
0.154379 -0.233185 27.460000
0.164259 -0.216730 27.460000
0.174010 -0.200197 27.460000
0.183704 -0.183632 27.460000
0.193363 -0.167045 27.460000
0.202997 -0.150445 27.460000
0.212612 -0.133833 27.460000
0.222209 -0.117211 27.460000
0.231788 -0.100578 27.460000
0.241347 -0.083935 27.460000
0.250882 -0.067277 27.460000
0.260381 -0.050599 27.460000
0.269823 -0.033888 27.460000
0.279133 -0.017104 27.460000
0.287843 0.000000 27.460000

