0.381578 0.000000 44.590000
0.369945 0.022628 44.590000
0.357563 0.044855 44.590000
0.345018 0.066991 44.590000
0.332403 0.089086 44.590000
0.319746 0.111158 44.590000
0.307062 0.133214 44.590000
0.294358 0.155258 44.590000
0.281636 0.177292 44.590000
0.268898 0.199317 44.590000
0.256139 0.221330 44.590000
0.243352 0.243327 44.590000
0.230525 0.265299 44.590000
0.217627 0.287231 44.590000
0.204569 0.309068 44.590000
0.190789 0.330456 44.590000
0.165376 0.331695 44.590000
0.139936 0.332086 44.590000
0.114494 0.332290 44.590000
0.089051 0.332413 44.590000
0.063608 0.332487 44.590000
0.038165 0.332531 44.590000
0.012722 0.332550 44.590000
-0.012722 0.332550 44.590000
-0.038165 0.332531 44.590000
-0.063608 0.332487 44.590000
-0.089051 0.332413 44.590000
-0.114494 0.332290 44.590000
-0.139936 0.332086 44.590000
-0.165376 0.331695 44.590000
-0.190789 0.330456 44.590000
-0.204569 0.309068 44.590000
-0.217627 0.287231 44.590000
-0.230525 0.265299 44.590000
-0.243352 0.243327 44.590000
-0.256139 0.221330 44.590000
-0.268898 0.199317 44.590000
-0.281636 0.177292 44.590000
-0.294358 0.155258 44.590000
-0.307062 0.133214 44.590000
-0.319746 0.111158 44.590000
-0.332403 0.089086 44.590000
-0.345018 0.066991 44.590000
-0.357563 0.044855 44.590000
-0.369945 0.022628 44.590000
-0.381578 0.000000 44.590000
-0.369945 -0.022628 44.590000
-0.357563 -0.044855 44.590000
-0.345018 -0.066991 44.590000
-0.332403 -0.089086 44.590000
-0.319746 -0.111158 44.590000
-0.307062 -0.133214 44.590000
-0.294358 -0.155258 44.590000
-0.281636 -0.177292 44.590000
-0.268898 -0.199317 44.590000
-0.256139 -0.221330 44.590000
-0.243352 -0.243327 44.590000
-0.230525 -0.265299 44.590000
-0.217627 -0.287231 44.590000
-0.204569 -0.309068 44.590000
-0.190789 -0.330456 44.590000
-0.165376 -0.331695 44.590000
-0.139936 -0.332086 44.590000
-0.114494 -0.332290 44.590000
-0.089051 -0.332413 44.590000
-0.063608 -0.332487 44.590000
-0.038165 -0.332531 44.590000
-0.012722 -0.332550 44.590000
0.012722 -0.332550 44.590000
0.038165 -0.332531 44.590000
0.063608 -0.332487 44.590000
0.089051 -0.332413 44.590000
0.114494 -0.332290 44.590000
0.139936 -0.332086 44.590000
0.165376 -0.331695 44.590000
0.190789 -0.330456 44.590000
0.204569 -0.309068 44.590000
0.217627 -0.287231 44.590000
0.230525 -0.265299 44.590000
0.243352 -0.243327 44.590000
0.256139 -0.221330 44.590000
0.268898 -0.199317 44.590000
0.281636 -0.177292 44.590000
0.294358 -0.155258 44.590000
0.307062 -0.133214 44.590000
0.319746 -0.111158 44.590000
0.332403 -0.089086 44.590000
0.345018 -0.066991 44.590000
0.357563 -0.044855 44.590000
0.369945 -0.022628 44.590000
0.381578 0.000000 44.590000

