0.127267 -0.000000 5.730000
0.123477 0.007594 5.730000
0.119386 0.015030 5.730000
0.115228 0.022428 5.730000
0.111040 0.029810 5.730000
0.106833 0.037180 5.730000
0.102612 0.044543 5.730000
0.098379 0.051899 5.730000
0.094136 0.059249 5.730000
0.089881 0.066593 5.730000
0.085616 0.073930 5.730000
0.081336 0.081259 5.730000
0.077037 0.088576 5.730000
0.072709 0.095877 5.730000
0.068315 0.103137 5.730000
0.063634 0.110217 5.730000
0.055162 0.110731 5.730000
0.046677 0.110906 5.730000
0.038191 0.111005 5.730000
0.029704 0.111068 5.730000
0.021217 0.111110 5.730000
0.012730 0.111136 5.730000
0.004243 0.111148 5.730000
-0.004243 0.111148 5.730000
-0.012730 0.111136 5.730000
-0.021217 0.111110 5.730000
-0.029704 0.111068 5.730000
-0.038191 0.111005 5.730000
-0.046677 0.110906 5.730000
-0.055162 0.110731 5.730000
-0.063634 0.110217 5.730000
-0.068315 0.103137 5.730000
-0.072709 0.095877 5.730000
-0.077037 0.088576 5.730000
-0.081336 0.081259 5.730000
-0.085616 0.073930 5.730000
-0.089881 0.066593 5.730000
-0.094136 0.059249 5.730000
-0.098379 0.051899 5.730000
-0.102612 0.044543 5.730000
-0.106833 0.037180 5.730000
-0.111040 0.029810 5.730000
-0.115228 0.022428 5.730000
-0.119386 0.015030 5.730000
-0.123477 0.007594 5.730000
-0.127267 -0.000000 5.730000
-0.123477 -0.007594 5.730000
-0.119386 -0.015030 5.730000
-0.115228 -0.022428 5.730000
-0.111040 -0.029810 5.730000
-0.106833 -0.037180 5.730000
-0.102612 -0.044543 5.730000
-0.098379 -0.051899 5.730000
-0.094136 -0.059249 5.730000
-0.089881 -0.066593 5.730000
-0.085616 -0.073930 5.730000
-0.081336 -0.081259 5.730000
-0.077037 -0.088576 5.730000
-0.072709 -0.095877 5.730000
-0.068315 -0.103137 5.730000
-0.063634 -0.110217 5.730000
-0.055162 -0.110731 5.730000
-0.046677 -0.110906 5.730000
-0.038191 -0.111005 5.730000
-0.029704 -0.111068 5.730000
-0.021217 -0.111110 5.730000
-0.012730 -0.111136 5.730000
-0.004243 -0.111148 5.730000
0.004243 -0.111148 5.730000
0.012730 -0.111136 5.730000
0.021217 -0.111110 5.730000
0.029704 -0.111068 5.730000
0.038191 -0.111005 5.730000
0.046677 -0.110906 5.730000
0.055162 -0.110731 5.730000
0.063634 -0.110217 5.730000
0.068315 -0.103137 5.730000
0.072709 -0.095877 5.730000
0.077037 -0.088576 5.730000
0.081336 -0.081259 5.730000
0.085616 -0.073930 5.730000
0.089881 -0.066593 5.730000
0.094136 -0.059249 5.730000
0.098379 -0.051899 5.730000
0.102612 -0.044543 5.730000
0.106833 -0.037180 5.730000
0.111040 -0.029810 5.730000
0.115228 -0.022428 5.730000
0.119386 -0.015030 5.730000
0.123477 -0.007594 5.730000
0.127267 -0.000000 5.730000

