0.179505 0.000000 11.580000
0.174129 0.010695 11.580000
0.168348 0.021176 11.580000
0.162475 0.031607 11.580000
0.156563 0.042015 11.580000
0.150625 0.052409 11.580000
0.144669 0.062792 11.580000
0.138698 0.073166 11.580000
0.132713 0.083533 11.580000
0.126714 0.093891 11.580000
0.120700 0.104241 11.580000
0.114667 0.114580 11.580000
0.108610 0.124904 11.580000
0.102513 0.135205 11.580000
0.096327 0.145453 11.580000
0.089753 0.155456 11.580000
0.077803 0.156148 11.580000
0.065835 0.156381 11.580000
0.053865 0.156511 11.580000
0.041895 0.156595 11.580000
0.029925 0.156649 11.580000
0.017955 0.156683 11.580000
0.005985 0.156699 11.580000
-0.005985 0.156699 11.580000
-0.017955 0.156683 11.580000
-0.029925 0.156649 11.580000
-0.041895 0.156595 11.580000
-0.053865 0.156511 11.580000
-0.065835 0.156381 11.580000
-0.077803 0.156148 11.580000
-0.089753 0.155456 11.580000
-0.096327 0.145453 11.580000
-0.102513 0.135205 11.580000
-0.108610 0.124904 11.580000
-0.114667 0.114580 11.580000
-0.120700 0.104241 11.580000
-0.126714 0.093891 11.580000
-0.132713 0.083533 11.580000
-0.138698 0.073166 11.580000
-0.144669 0.062792 11.580000
-0.150625 0.052409 11.580000
-0.156563 0.042015 11.580000
-0.162475 0.031607 11.580000
-0.168348 0.021176 11.580000
-0.174129 0.010695 11.580000
-0.179505 -0.000000 11.580000
-0.174129 -0.010695 11.580000
-0.168348 -0.021176 11.580000
-0.162475 -0.031607 11.580000
-0.156563 -0.042015 11.580000
-0.150625 -0.052409 11.580000
-0.144669 -0.062792 11.580000
-0.138698 -0.073166 11.580000
-0.132713 -0.083533 11.580000
-0.126714 -0.093891 11.580000
-0.120700 -0.104241 11.580000
-0.114667 -0.114580 11.580000
-0.108610 -0.124904 11.580000
-0.102513 -0.135205 11.580000
-0.096327 -0.145453 11.580000
-0.089753 -0.155456 11.580000
-0.077803 -0.156148 11.580000
-0.065835 -0.156381 11.580000
-0.053865 -0.156511 11.580000
-0.041895 -0.156595 11.580000
-0.029925 -0.156649 11.580000
-0.017955 -0.156683 11.580000
-0.005985 -0.156699 11.580000
0.005985 -0.156699 11.580000
0.017955 -0.156683 11.580000
0.029925 -0.156649 11.580000
0.041895 -0.156595 11.580000
0.053865 -0.156511 11.580000
0.065835 -0.156381 11.580000
0.077803 -0.156148 11.580000
0.089753 -0.155456 11.580000
0.096327 -0.145453 11.580000
0.102513 -0.135205 11.580000
0.108610 -0.124904 11.580000
0.114667 -0.114580 11.580000
0.120700 -0.104241 11.580000
0.126714 -0.093891 11.580000
0.132713 -0.083533 11.580000
0.138698 -0.073166 11.580000
0.144669 -0.062792 11.580000
0.150625 -0.052409 11.580000
0.156563 -0.042015 11.580000
0.162475 -0.031607 11.580000
0.168348 -0.021176 11.580000
0.174129 -0.010695 11.580000
0.179505 0.000000 11.580000

