0.276523 0.000000 25.590000
0.268164 0.016435 25.590000
0.259224 0.032562 25.590000
0.250156 0.048617 25.590000
0.241032 0.064640 25.590000
0.231873 0.080644 25.590000
0.222691 0.096634 25.590000
0.213489 0.112612 25.590000
0.204270 0.128581 25.590000
0.195033 0.144539 25.590000
0.185776 0.160486 25.590000
0.176496 0.176419 25.590000
0.167181 0.192333 25.590000
0.157811 0.208213 25.590000
0.148315 0.224019 25.590000
0.138262 0.239476 25.590000
0.119849 0.240455 25.590000
0.101413 0.240775 25.590000
0.082974 0.240950 25.590000
0.064536 0.241059 25.590000
0.046097 0.241130 25.590000
0.027658 0.241173 25.590000
0.009219 0.241193 25.590000
-0.009219 0.241193 25.590000
-0.027658 0.241173 25.590000
-0.046097 0.241130 25.590000
-0.064536 0.241059 25.590000
-0.082974 0.240950 25.590000
-0.101413 0.240775 25.590000
-0.119849 0.240455 25.590000
-0.138262 0.239476 25.590000
-0.148315 0.224019 25.590000
-0.157811 0.208213 25.590000
-0.167181 0.192333 25.590000
-0.176496 0.176419 25.590000
-0.185776 0.160486 25.590000
-0.195033 0.144539 25.590000
-0.204270 0.128581 25.590000
-0.213489 0.112612 25.590000
-0.222691 0.096634 25.590000
-0.231873 0.080644 25.590000
-0.241032 0.064640 25.590000
-0.250156 0.048617 25.590000
-0.259224 0.032562 25.590000
-0.268164 0.016435 25.590000
-0.276523 0.000000 25.590000
-0.268164 -0.016435 25.590000
-0.259224 -0.032562 25.590000
-0.250156 -0.048617 25.590000
-0.241032 -0.064640 25.590000
-0.231873 -0.080644 25.590000
-0.222691 -0.096634 25.590000
-0.213489 -0.112612 25.590000
-0.204270 -0.128581 25.590000
-0.195033 -0.144539 25.590000
-0.185776 -0.160486 25.590000
-0.176496 -0.176419 25.590000
-0.167181 -0.192333 25.590000
-0.157811 -0.208213 25.590000
-0.148315 -0.224019 25.590000
-0.138262 -0.239476 25.590000
-0.119849 -0.240455 25.590000
-0.101413 -0.240775 25.590000
-0.082974 -0.240950 25.590000
-0.064536 -0.241059 25.590000
-0.046097 -0.241130 25.590000
-0.027658 -0.241173 25.590000
-0.009219 -0.241193 25.590000
0.009219 -0.241193 25.590000
0.027658 -0.241173 25.590000
0.046097 -0.241130 25.590000
0.064536 -0.241059 25.590000
0.082974 -0.240950 25.590000
0.101413 -0.240775 25.590000
0.119849 -0.240455 25.590000
0.138262 -0.239476 25.590000
0.148315 -0.224019 25.590000
0.157811 -0.208213 25.590000
0.167181 -0.192333 25.590000
0.176496 -0.176419 25.590000
0.185776 -0.160486 25.590000
0.195033 -0.144539 25.590000
0.204270 -0.128581 25.590000
0.213489 -0.112612 25.590000
0.222691 -0.096634 25.590000
0.231873 -0.080644 25.590000
0.241032 -0.064640 25.590000
0.250156 -0.048617 25.590000
0.259224 -0.032562 25.590000
0.268164 -0.016435 25.590000
0.276523 0.000000 25.590000

