0.286466 0.000000 27.230000
0.277798 0.017022 27.230000
0.268533 0.033727 27.230000
0.259137 0.050358 27.230000
0.249683 0.066956 27.230000
0.240194 0.083534 27.230000
0.230681 0.100098 27.230000
0.221148 0.116651 27.230000
0.211597 0.133194 27.230000
0.202028 0.149726 27.230000
0.192440 0.166247 27.230000
0.182827 0.182754 27.230000
0.173179 0.199240 27.230000
0.163475 0.215693 27.230000
0.153641 0.232069 27.230000
0.143233 0.248086 27.230000
0.124157 0.249092 27.230000
0.105058 0.249420 27.230000
0.085958 0.249598 27.230000
0.066856 0.249710 27.230000
0.047754 0.249781 27.230000
0.028653 0.249825 27.230000
0.009551 0.249845 27.230000
-0.009551 0.249845 27.230000
-0.028653 0.249825 27.230000
-0.047754 0.249781 27.230000
-0.066856 0.249710 27.230000
-0.085958 0.249598 27.230000
-0.105058 0.249420 27.230000
-0.124157 0.249092 27.230000
-0.143233 0.248086 27.230000
-0.153641 0.232069 27.230000
-0.163475 0.215693 27.230000
-0.173179 0.199240 27.230000
-0.182827 0.182754 27.230000
-0.192440 0.166247 27.230000
-0.202028 0.149726 27.230000
-0.211597 0.133194 27.230000
-0.221148 0.116651 27.230000
-0.230681 0.100098 27.230000
-0.240194 0.083534 27.230000
-0.249683 0.066956 27.230000
-0.259137 0.050358 27.230000
-0.268533 0.033727 27.230000
-0.277798 0.017022 27.230000
-0.286466 0.000000 27.230000
-0.277798 -0.017022 27.230000
-0.268533 -0.033727 27.230000
-0.259137 -0.050358 27.230000
-0.249683 -0.066956 27.230000
-0.240194 -0.083534 27.230000
-0.230681 -0.100098 27.230000
-0.221148 -0.116651 27.230000
-0.211597 -0.133194 27.230000
-0.202028 -0.149726 27.230000
-0.192440 -0.166247 27.230000
-0.182827 -0.182754 27.230000
-0.173179 -0.199240 27.230000
-0.163475 -0.215693 27.230000
-0.153641 -0.232069 27.230000
-0.143233 -0.248086 27.230000
-0.124157 -0.249092 27.230000
-0.105058 -0.249420 27.230000
-0.085958 -0.249598 27.230000
-0.066856 -0.249710 27.230000
-0.047754 -0.249781 27.230000
-0.028653 -0.249825 27.230000
-0.009551 -0.249845 27.230000
0.009551 -0.249845 27.230000
0.028653 -0.249825 27.230000
0.047754 -0.249781 27.230000
0.066856 -0.249710 27.230000
0.085958 -0.249598 27.230000
0.105058 -0.249420 27.230000
0.124157 -0.249092 27.230000
0.143233 -0.248086 27.230000
0.153641 -0.232069 27.230000
0.163475 -0.215693 27.230000
0.173179 -0.199240 27.230000
0.182827 -0.182754 27.230000
0.192440 -0.166247 27.230000
0.202028 -0.149726 27.230000
0.211597 -0.133194 27.230000
0.221148 -0.116651 27.230000
0.230681 -0.100098 27.230000
0.240194 -0.083534 27.230000
0.249683 -0.066956 27.230000
0.259137 -0.050358 27.230000
0.268533 -0.033727 27.230000
0.277798 -0.017022 27.230000
0.286466 0.000000 27.230000

