0.364072 0.000000 41.180000
0.352987 0.021597 41.180000
0.341180 0.042809 41.180000
0.329216 0.063932 41.180000
0.317183 0.085016 41.180000
0.305111 0.106077 41.180000
0.293011 0.127122 41.180000
0.280890 0.148156 41.180000
0.268752 0.169180 41.180000
0.256597 0.190193 41.180000
0.244421 0.211195 41.180000
0.232218 0.232181 41.180000
0.219975 0.253144 41.180000
0.207663 0.274066 41.180000
0.195197 0.294897 41.180000
0.182036 0.315296 41.180000
0.157790 0.316494 41.180000
0.133517 0.316875 41.180000
0.109241 0.317075 41.180000
0.084966 0.317197 41.180000
0.060690 0.317272 41.180000
0.036414 0.317316 41.180000
0.012138 0.317336 41.180000
-0.012138 0.317336 41.180000
-0.036414 0.317316 41.180000
-0.060690 0.317272 41.180000
-0.084966 0.317197 41.180000
-0.109241 0.317075 41.180000
-0.133517 0.316875 41.180000
-0.157790 0.316494 41.180000
-0.182036 0.315296 41.180000
-0.195197 0.294897 41.180000
-0.207663 0.274066 41.180000
-0.219975 0.253144 41.180000
-0.232218 0.232181 41.180000
-0.244421 0.211195 41.180000
-0.256597 0.190193 41.180000
-0.268752 0.169180 41.180000
-0.280890 0.148156 41.180000
-0.293011 0.127122 41.180000
-0.305111 0.106077 41.180000
-0.317183 0.085016 41.180000
-0.329216 0.063932 41.180000
-0.341180 0.042809 41.180000
-0.352987 0.021597 41.180000
-0.364072 0.000000 41.180000
-0.352987 -0.021597 41.180000
-0.341180 -0.042809 41.180000
-0.329216 -0.063932 41.180000
-0.317183 -0.085016 41.180000
-0.305111 -0.106077 41.180000
-0.293011 -0.127122 41.180000
-0.280890 -0.148156 41.180000
-0.268752 -0.169180 41.180000
-0.256597 -0.190193 41.180000
-0.244421 -0.211195 41.180000
-0.232218 -0.232181 41.180000
-0.219975 -0.253144 41.180000
-0.207663 -0.274066 41.180000
-0.195197 -0.294897 41.180000
-0.182036 -0.315296 41.180000
-0.157790 -0.316494 41.180000
-0.133517 -0.316875 41.180000
-0.109241 -0.317075 41.180000
-0.084966 -0.317197 41.180000
-0.060690 -0.317272 41.180000
-0.036414 -0.317316 41.180000
-0.012138 -0.317336 41.180000
0.012138 -0.317336 41.180000
0.036414 -0.317316 41.180000
0.060690 -0.317272 41.180000
0.084966 -0.317197 41.180000
0.109241 -0.317075 41.180000
0.133517 -0.316875 41.180000
0.157790 -0.316494 41.180000
0.182036 -0.315296 41.180000
0.195197 -0.294897 41.180000
0.207663 -0.274066 41.180000
0.219975 -0.253144 41.180000
0.232218 -0.232181 41.180000
0.244421 -0.211195 41.180000
0.256597 -0.190193 41.180000
0.268752 -0.169180 41.180000
0.280890 -0.148156 41.180000
0.293011 -0.127122 41.180000
0.305111 -0.106077 41.180000
0.317183 -0.085016 41.180000
0.329216 -0.063932 41.180000
0.341180 -0.042809 41.180000
0.352987 -0.021597 41.180000
0.364072 0.000000 41.180000

