0.276707 0.000000 25.620000
0.268342 0.016446 25.620000
0.259396 0.032583 25.620000
0.250322 0.048649 25.620000
0.241191 0.064683 25.620000
0.232027 0.080697 25.620000
0.222839 0.096698 25.620000
0.213631 0.112687 25.620000
0.204405 0.128666 25.620000
0.195162 0.144635 25.620000
0.185899 0.160593 25.620000
0.176613 0.176537 25.620000
0.167292 0.192461 25.620000
0.157916 0.208352 25.620000
0.148414 0.224168 25.620000
0.138353 0.239635 25.620000
0.119928 0.240614 25.620000
0.101480 0.240935 25.620000
0.083030 0.241110 25.620000
0.064579 0.241219 25.620000
0.046128 0.241290 25.620000
0.027677 0.241333 25.620000
0.009226 0.241353 25.620000
-0.009226 0.241353 25.620000
-0.027677 0.241333 25.620000
-0.046128 0.241290 25.620000
-0.064579 0.241219 25.620000
-0.083030 0.241110 25.620000
-0.101480 0.240935 25.620000
-0.119928 0.240614 25.620000
-0.138353 0.239635 25.620000
-0.148414 0.224168 25.620000
-0.157916 0.208352 25.620000
-0.167292 0.192461 25.620000
-0.176613 0.176537 25.620000
-0.185899 0.160593 25.620000
-0.195162 0.144635 25.620000
-0.204405 0.128666 25.620000
-0.213631 0.112687 25.620000
-0.222839 0.096698 25.620000
-0.232027 0.080697 25.620000
-0.241191 0.064683 25.620000
-0.250322 0.048649 25.620000
-0.259396 0.032583 25.620000
-0.268342 0.016446 25.620000
-0.276707 0.000000 25.620000
-0.268342 -0.016446 25.620000
-0.259396 -0.032583 25.620000
-0.250322 -0.048649 25.620000
-0.241191 -0.064683 25.620000
-0.232027 -0.080697 25.620000
-0.222839 -0.096698 25.620000
-0.213631 -0.112687 25.620000
-0.204405 -0.128666 25.620000
-0.195162 -0.144635 25.620000
-0.185899 -0.160593 25.620000
-0.176613 -0.176537 25.620000
-0.167292 -0.192461 25.620000
-0.157916 -0.208352 25.620000
-0.148414 -0.224168 25.620000
-0.138353 -0.239635 25.620000
-0.119928 -0.240614 25.620000
-0.101480 -0.240935 25.620000
-0.083030 -0.241110 25.620000
-0.064579 -0.241219 25.620000
-0.046128 -0.241290 25.620000
-0.027677 -0.241333 25.620000
-0.009226 -0.241353 25.620000
0.009226 -0.241353 25.620000
0.027677 -0.241333 25.620000
0.046128 -0.241290 25.620000
0.064579 -0.241219 25.620000
0.083030 -0.241110 25.620000
0.101480 -0.240935 25.620000
0.119928 -0.240614 25.620000
0.138353 -0.239635 25.620000
0.148414 -0.224168 25.620000
0.157916 -0.208352 25.620000
0.167292 -0.192461 25.620000
0.176613 -0.176537 25.620000
0.185899 -0.160593 25.620000
0.195162 -0.144635 25.620000
0.204405 -0.128666 25.620000
0.213631 -0.112687 25.620000
0.222839 -0.096698 25.620000
0.232027 -0.080697 25.620000
0.241191 -0.064683 25.620000
0.250322 -0.048649 25.620000
0.259396 -0.032583 25.620000
0.268342 -0.016446 25.620000
0.276707 0.000000 25.620000

