0.397847 0.000000 47.840000
0.385703 0.023585 47.840000
0.372786 0.046756 47.840000
0.359702 0.069832 47.840000
0.346545 0.092867 47.840000
0.333346 0.115878 47.840000
0.320118 0.138873 47.840000
0.306871 0.161856 47.840000
0.293607 0.184830 47.840000
0.280327 0.207794 47.840000
0.267026 0.230747 47.840000
0.253698 0.253683 47.840000
0.240328 0.276595 47.840000
0.226885 0.299465 47.840000
0.213277 0.322236 47.840000
0.198923 0.344546 47.840000
0.172426 0.345821 47.840000
0.145902 0.346220 47.840000
0.119375 0.346428 47.840000
0.092847 0.346551 47.840000
0.066319 0.346625 47.840000
0.039792 0.346667 47.840000
0.013264 0.346686 47.840000
-0.013264 0.346686 47.840000
-0.039792 0.346667 47.840000
-0.066319 0.346625 47.840000
-0.092847 0.346551 47.840000
-0.119375 0.346428 47.840000
-0.145902 0.346220 47.840000
-0.172426 0.345821 47.840000
-0.198923 0.344546 47.840000
-0.213277 0.322236 47.840000
-0.226885 0.299465 47.840000
-0.240328 0.276595 47.840000
-0.253698 0.253683 47.840000
-0.267026 0.230747 47.840000
-0.280327 0.207794 47.840000
-0.293607 0.184830 47.840000
-0.306871 0.161856 47.840000
-0.320118 0.138873 47.840000
-0.333346 0.115878 47.840000
-0.346545 0.092867 47.840000
-0.359702 0.069832 47.840000
-0.372786 0.046756 47.840000
-0.385703 0.023585 47.840000
-0.397847 0.000000 47.840000
-0.385703 -0.023585 47.840000
-0.372786 -0.046756 47.840000
-0.359702 -0.069832 47.840000
-0.346545 -0.092867 47.840000
-0.333346 -0.115878 47.840000
-0.320118 -0.138873 47.840000
-0.306871 -0.161856 47.840000
-0.293607 -0.184830 47.840000
-0.280327 -0.207794 47.840000
-0.267026 -0.230747 47.840000
-0.253698 -0.253683 47.840000
-0.240328 -0.276595 47.840000
-0.226885 -0.299465 47.840000
-0.213277 -0.322236 47.840000
-0.198923 -0.344546 47.840000
-0.172426 -0.345821 47.840000
-0.145902 -0.346220 47.840000
-0.119375 -0.346428 47.840000
-0.092847 -0.346551 47.840000
-0.066319 -0.346625 47.840000
-0.039792 -0.346667 47.840000
-0.013264 -0.346686 47.840000
0.013264 -0.346686 47.840000
0.039792 -0.346667 47.840000
0.066319 -0.346625 47.840000
0.092847 -0.346551 47.840000
0.119375 -0.346428 47.840000
0.145902 -0.346220 47.840000
0.172426 -0.345821 47.840000
0.198923 -0.344546 47.840000
0.213277 -0.322236 47.840000
0.226885 -0.299465 47.840000
0.240328 -0.276595 47.840000
0.253698 -0.253683 47.840000
0.267026 -0.230747 47.840000
0.280327 -0.207794 47.840000
0.293607 -0.184830 47.840000
0.306871 -0.161856 47.840000
0.320118 -0.138873 47.840000
0.333346 -0.115878 47.840000
0.346545 -0.092867 47.840000
0.359702 -0.069832 47.840000
0.372786 -0.046756 47.840000
0.385703 -0.023585 47.840000
0.397847 0.000000 47.840000

