0.404397 0.000000 49.170000
0.392047 0.023970 49.170000
0.378915 0.047521 49.170000
0.365614 0.070976 49.170000
0.352238 0.094389 49.170000
0.338820 0.117778 49.170000
0.325374 0.141151 49.170000
0.311908 0.164512 49.170000
0.298426 0.187864 49.170000
0.284927 0.211207 49.170000
0.271409 0.234538 49.170000
0.257863 0.257853 49.170000
0.244274 0.281143 49.170000
0.230612 0.304390 49.170000
0.216782 0.327538 49.170000
0.202199 0.350218 49.170000
0.175265 0.351508 49.170000
0.148303 0.351911 49.170000
0.121340 0.352119 49.170000
0.094376 0.352242 49.170000
0.067411 0.352316 49.170000
0.040447 0.352358 49.170000
0.013482 0.352376 49.170000
-0.013482 0.352376 49.170000
-0.040447 0.352358 49.170000
-0.067411 0.352316 49.170000
-0.094376 0.352242 49.170000
-0.121340 0.352119 49.170000
-0.148303 0.351911 49.170000
-0.175265 0.351508 49.170000
-0.202199 0.350218 49.170000
-0.216782 0.327538 49.170000
-0.230612 0.304390 49.170000
-0.244274 0.281143 49.170000
-0.257863 0.257853 49.170000
-0.271409 0.234538 49.170000
-0.284927 0.211207 49.170000
-0.298426 0.187864 49.170000
-0.311908 0.164512 49.170000
-0.325374 0.141151 49.170000
-0.338820 0.117778 49.170000
-0.352238 0.094389 49.170000
-0.365614 0.070976 49.170000
-0.378915 0.047521 49.170000
-0.392047 0.023970 49.170000
-0.404397 0.000000 49.170000
-0.392047 -0.023970 49.170000
-0.378915 -0.047521 49.170000
-0.365614 -0.070976 49.170000
-0.352238 -0.094389 49.170000
-0.338820 -0.117778 49.170000
-0.325374 -0.141151 49.170000
-0.311908 -0.164512 49.170000
-0.298426 -0.187864 49.170000
-0.284927 -0.211207 49.170000
-0.271409 -0.234538 49.170000
-0.257863 -0.257853 49.170000
-0.244274 -0.281143 49.170000
-0.230612 -0.304390 49.170000
-0.216782 -0.327538 49.170000
-0.202199 -0.350218 49.170000
-0.175265 -0.351508 49.170000
-0.148303 -0.351911 49.170000
-0.121340 -0.352119 49.170000
-0.094376 -0.352242 49.170000
-0.067411 -0.352316 49.170000
-0.040447 -0.352358 49.170000
-0.013482 -0.352376 49.170000
0.013482 -0.352376 49.170000
0.040447 -0.352358 49.170000
0.067411 -0.352316 49.170000
0.094376 -0.352242 49.170000
0.121340 -0.352119 49.170000
0.148303 -0.351911 49.170000
0.175265 -0.351508 49.170000
0.202199 -0.350218 49.170000
0.216782 -0.327538 49.170000
0.230612 -0.304390 49.170000
0.244274 -0.281143 49.170000
0.257863 -0.257853 49.170000
0.271409 -0.234538 49.170000
0.284927 -0.211207 49.170000
0.298426 -0.187864 49.170000
0.311908 -0.164512 49.170000
0.325374 -0.141151 49.170000
0.338820 -0.117778 49.170000
0.352238 -0.094389 49.170000
0.365614 -0.070976 49.170000
0.378915 -0.047521 49.170000
0.392047 -0.023970 49.170000
0.404397 0.000000 49.170000

