0.320084 0.000000 33.030000
0.310372 0.019006 33.030000
0.300007 0.037663 33.030000
0.289500 0.056241 33.030000
0.278930 0.074783 33.030000
0.268322 0.093303 33.030000
0.257689 0.111809 33.030000
0.247035 0.130303 33.030000
0.236364 0.148787 33.030000
0.225674 0.167261 33.030000
0.214964 0.185722 33.030000
0.204228 0.204169 33.030000
0.193456 0.222594 33.030000
0.182621 0.240982 33.030000
0.171645 0.259287 33.030000
0.160042 0.277201 33.030000
0.138727 0.278293 33.030000
0.117386 0.278645 33.030000
0.096044 0.278834 33.030000
0.074701 0.278951 33.030000
0.053358 0.279026 33.030000
0.032015 0.279070 33.030000
0.010672 0.279091 33.030000
-0.010672 0.279091 33.030000
-0.032015 0.279070 33.030000
-0.053358 0.279026 33.030000
-0.074701 0.278951 33.030000
-0.096044 0.278834 33.030000
-0.117386 0.278645 33.030000
-0.138727 0.278293 33.030000
-0.160042 0.277201 33.030000
-0.171645 0.259287 33.030000
-0.182621 0.240982 33.030000
-0.193456 0.222594 33.030000
-0.204228 0.204169 33.030000
-0.214964 0.185722 33.030000
-0.225674 0.167261 33.030000
-0.236364 0.148787 33.030000
-0.247035 0.130303 33.030000
-0.257689 0.111809 33.030000
-0.268322 0.093303 33.030000
-0.278930 0.074783 33.030000
-0.289500 0.056241 33.030000
-0.300007 0.037663 33.030000
-0.310372 0.019006 33.030000
-0.320084 0.000000 33.030000
-0.310372 -0.019006 33.030000
-0.300007 -0.037663 33.030000
-0.289500 -0.056241 33.030000
-0.278930 -0.074783 33.030000
-0.268322 -0.093303 33.030000
-0.257689 -0.111809 33.030000
-0.247035 -0.130303 33.030000
-0.236364 -0.148787 33.030000
-0.225674 -0.167261 33.030000
-0.214964 -0.185722 33.030000
-0.204228 -0.204169 33.030000
-0.193456 -0.222594 33.030000
-0.182621 -0.240982 33.030000
-0.171645 -0.259287 33.030000
-0.160042 -0.277201 33.030000
-0.138727 -0.278293 33.030000
-0.117386 -0.278645 33.030000
-0.096044 -0.278834 33.030000
-0.074701 -0.278951 33.030000
-0.053358 -0.279026 33.030000
-0.032015 -0.279070 33.030000
-0.010672 -0.279091 33.030000
0.010672 -0.279091 33.030000
0.032015 -0.279070 33.030000
0.053358 -0.279026 33.030000
0.074701 -0.278951 33.030000
0.096044 -0.278834 33.030000
0.117386 -0.278645 33.030000
0.138727 -0.278293 33.030000
0.160042 -0.277201 33.030000
0.171645 -0.259287 33.030000
0.182621 -0.240982 33.030000
0.193456 -0.222594 33.030000
0.204228 -0.204169 33.030000
0.214964 -0.185722 33.030000
0.225674 -0.167261 33.030000
0.236364 -0.148787 33.030000
0.247035 -0.130303 33.030000
0.257689 -0.111809 33.030000
0.268322 -0.093303 33.030000
0.278930 -0.074783 33.030000
0.289500 -0.056241 33.030000
0.300007 -0.037663 33.030000
0.310372 -0.019006 33.030000
0.320084 0.000000 33.030000

