0.177242 0.000000 11.300000
0.171936 0.010561 11.300000
0.166227 0.020910 11.300000
0.160429 0.031210 11.300000
0.154591 0.041486 11.300000
0.148729 0.051749 11.300000
0.142848 0.062002 11.300000
0.136952 0.072245 11.300000
0.131042 0.082481 11.300000
0.125119 0.092709 11.300000
0.119180 0.102928 11.300000
0.113224 0.113137 11.300000
0.107243 0.123331 11.300000
0.101222 0.133502 11.300000
0.095114 0.143620 11.300000
0.088621 0.153496 11.300000
0.076822 0.154181 11.300000
0.065005 0.154412 11.300000
0.053186 0.154540 11.300000
0.041367 0.154623 11.300000
0.029548 0.154677 11.300000
0.017729 0.154711 11.300000
0.005910 0.154727 11.300000
-0.005910 0.154727 11.300000
-0.017729 0.154711 11.300000
-0.029548 0.154677 11.300000
-0.041367 0.154623 11.300000
-0.053186 0.154540 11.300000
-0.065005 0.154412 11.300000
-0.076822 0.154181 11.300000
-0.088621 0.153496 11.300000
-0.095114 0.143620 11.300000
-0.101222 0.133502 11.300000
-0.107243 0.123331 11.300000
-0.113224 0.113137 11.300000
-0.119180 0.102928 11.300000
-0.125119 0.092709 11.300000
-0.131042 0.082481 11.300000
-0.136952 0.072245 11.300000
-0.142848 0.062002 11.300000
-0.148729 0.051749 11.300000
-0.154591 0.041486 11.300000
-0.160429 0.031210 11.300000
-0.166227 0.020910 11.300000
-0.171936 0.010561 11.300000
-0.177242 0.000000 11.300000
-0.171936 -0.010561 11.300000
-0.166227 -0.020910 11.300000
-0.160429 -0.031210 11.300000
-0.154591 -0.041486 11.300000
-0.148729 -0.051749 11.300000
-0.142848 -0.062002 11.300000
-0.136952 -0.072245 11.300000
-0.131042 -0.082481 11.300000
-0.125119 -0.092709 11.300000
-0.119180 -0.102928 11.300000
-0.113224 -0.113137 11.300000
-0.107243 -0.123331 11.300000
-0.101222 -0.133502 11.300000
-0.095114 -0.143620 11.300000
-0.088621 -0.153496 11.300000
-0.076822 -0.154181 11.300000
-0.065005 -0.154412 11.300000
-0.053186 -0.154540 11.300000
-0.041367 -0.154623 11.300000
-0.029548 -0.154677 11.300000
-0.017729 -0.154711 11.300000
-0.005910 -0.154727 11.300000
0.005910 -0.154727 11.300000
0.017729 -0.154711 11.300000
0.029548 -0.154677 11.300000
0.041367 -0.154623 11.300000
0.053186 -0.154540 11.300000
0.065005 -0.154412 11.300000
0.076822 -0.154181 11.300000
0.088621 -0.153496 11.300000
0.095114 -0.143620 11.300000
0.101222 -0.133502 11.300000
0.107243 -0.123331 11.300000
0.113224 -0.113137 11.300000
0.119180 -0.102928 11.300000
0.125119 -0.092709 11.300000
0.131042 -0.082481 11.300000
0.136952 -0.072245 11.300000
0.142848 -0.062002 11.300000
0.148729 -0.051749 11.300000
0.154591 -0.041486 11.300000
0.160429 -0.031210 11.300000
0.166227 -0.020910 11.300000
0.171936 -0.010561 11.300000
0.177242 0.000000 11.300000

