0.135175 -0.000000 6.530000
0.131145 0.008064 6.530000
0.126799 0.015961 6.530000
0.122382 0.023819 6.530000
0.117933 0.031658 6.530000
0.113464 0.039487 6.530000
0.108980 0.047307 6.530000
0.104485 0.055120 6.530000
0.099977 0.062926 6.530000
0.095459 0.070726 6.530000
0.090928 0.078519 6.530000
0.086383 0.086304 6.530000
0.081818 0.094077 6.530000
0.077222 0.101831 6.530000
0.072556 0.109543 6.530000
0.067587 0.117065 6.530000
0.058589 0.117607 6.530000
0.049577 0.117792 6.530000
0.040564 0.117895 6.530000
0.031550 0.117962 6.530000
0.022535 0.118006 6.530000
0.013521 0.118033 6.530000
0.004507 0.118046 6.530000
-0.004507 0.118046 6.530000
-0.013521 0.118033 6.530000
-0.022535 0.118006 6.530000
-0.031550 0.117962 6.530000
-0.040564 0.117895 6.530000
-0.049577 0.117792 6.530000
-0.058589 0.117607 6.530000
-0.067587 0.117065 6.530000
-0.072556 0.109543 6.530000
-0.077222 0.101831 6.530000
-0.081818 0.094077 6.530000
-0.086383 0.086304 6.530000
-0.090928 0.078519 6.530000
-0.095459 0.070726 6.530000
-0.099977 0.062926 6.530000
-0.104485 0.055120 6.530000
-0.108980 0.047307 6.530000
-0.113464 0.039487 6.530000
-0.117933 0.031658 6.530000
-0.122382 0.023819 6.530000
-0.126799 0.015961 6.530000
-0.131145 0.008064 6.530000
-0.135175 -0.000000 6.530000
-0.131145 -0.008064 6.530000
-0.126799 -0.015961 6.530000
-0.122382 -0.023819 6.530000
-0.117933 -0.031658 6.530000
-0.113464 -0.039487 6.530000
-0.108980 -0.047307 6.530000
-0.104485 -0.055120 6.530000
-0.099977 -0.062926 6.530000
-0.095459 -0.070726 6.530000
-0.090928 -0.078519 6.530000
-0.086383 -0.086304 6.530000
-0.081818 -0.094077 6.530000
-0.077222 -0.101831 6.530000
-0.072556 -0.109543 6.530000
-0.067587 -0.117065 6.530000
-0.058589 -0.117607 6.530000
-0.049577 -0.117792 6.530000
-0.040564 -0.117895 6.530000
-0.031550 -0.117962 6.530000
-0.022535 -0.118006 6.530000
-0.013521 -0.118033 6.530000
-0.004507 -0.118046 6.530000
0.004507 -0.118046 6.530000
0.013521 -0.118033 6.530000
0.022535 -0.118006 6.530000
0.031550 -0.117962 6.530000
0.040564 -0.117895 6.530000
0.049577 -0.117792 6.530000
0.058589 -0.117607 6.530000
0.067587 -0.117065 6.530000
0.072556 -0.109543 6.530000
0.077222 -0.101831 6.530000
0.081818 -0.094077 6.530000
0.086383 -0.086304 6.530000
0.090928 -0.078519 6.530000
0.095459 -0.070726 6.530000
0.099977 -0.062926 6.530000
0.104485 -0.055120 6.530000
0.108980 -0.047307 6.530000
0.113464 -0.039487 6.530000
0.117933 -0.031658 6.530000
0.122382 -0.023819 6.530000
0.126799 -0.015961 6.530000
0.131145 -0.008064 6.530000
0.135175 -0.000000 6.530000

