0.166816 0.000000 10.040000
0.161827 0.009942 10.040000
0.156457 0.019684 10.040000
0.151001 0.029379 10.040000
0.145508 0.039052 10.040000
0.139991 0.048711 10.040000
0.134456 0.058361 10.040000
0.128908 0.068002 10.040000
0.123345 0.077636 10.040000
0.117770 0.087262 10.040000
0.112180 0.096880 10.040000
0.106573 0.106487 10.040000
0.100943 0.116081 10.040000
0.095275 0.125653 10.040000
0.089524 0.135175 10.040000
0.083408 0.144467 10.040000
0.072303 0.145118 10.040000
0.061181 0.145338 10.040000
0.050058 0.145460 10.040000
0.038934 0.145539 10.040000
0.027810 0.145591 10.040000
0.016686 0.145623 10.040000
0.005562 0.145638 10.040000
-0.005562 0.145638 10.040000
-0.016686 0.145623 10.040000
-0.027810 0.145591 10.040000
-0.038934 0.145539 10.040000
-0.050058 0.145460 10.040000
-0.061181 0.145338 10.040000
-0.072303 0.145118 10.040000
-0.083408 0.144467 10.040000
-0.089524 0.135175 10.040000
-0.095275 0.125653 10.040000
-0.100943 0.116081 10.040000
-0.106573 0.106487 10.040000
-0.112180 0.096880 10.040000
-0.117770 0.087262 10.040000
-0.123345 0.077636 10.040000
-0.128908 0.068002 10.040000
-0.134456 0.058361 10.040000
-0.139991 0.048711 10.040000
-0.145508 0.039052 10.040000
-0.151001 0.029379 10.040000
-0.156457 0.019684 10.040000
-0.161827 0.009942 10.040000
-0.166816 0.000000 10.040000
-0.161827 -0.009942 10.040000
-0.156457 -0.019684 10.040000
-0.151001 -0.029379 10.040000
-0.145508 -0.039052 10.040000
-0.139991 -0.048711 10.040000
-0.134456 -0.058361 10.040000
-0.128908 -0.068002 10.040000
-0.123345 -0.077636 10.040000
-0.117770 -0.087262 10.040000
-0.112180 -0.096880 10.040000
-0.106573 -0.106487 10.040000
-0.100943 -0.116081 10.040000
-0.095275 -0.125653 10.040000
-0.089524 -0.135175 10.040000
-0.083408 -0.144467 10.040000
-0.072303 -0.145118 10.040000
-0.061181 -0.145338 10.040000
-0.050058 -0.145460 10.040000
-0.038934 -0.145539 10.040000
-0.027810 -0.145591 10.040000
-0.016686 -0.145623 10.040000
-0.005562 -0.145638 10.040000
0.005562 -0.145638 10.040000
0.016686 -0.145623 10.040000
0.027810 -0.145591 10.040000
0.038934 -0.145539 10.040000
0.050058 -0.145460 10.040000
0.061181 -0.145338 10.040000
0.072303 -0.145118 10.040000
0.083408 -0.144467 10.040000
0.089524 -0.135175 10.040000
0.095275 -0.125653 10.040000
0.100943 -0.116081 10.040000
0.106573 -0.106487 10.040000
0.112180 -0.096880 10.040000
0.117770 -0.087262 10.040000
0.123345 -0.077636 10.040000
0.128908 -0.068002 10.040000
0.134456 -0.058361 10.040000
0.139991 -0.048711 10.040000
0.145508 -0.039052 10.040000
0.151001 -0.029379 10.040000
0.156457 -0.019684 10.040000
0.161827 -0.009942 10.040000
0.166816 0.000000 10.040000

