0.328492 0.000000 34.540000
0.318518 0.019501 34.540000
0.307878 0.038647 34.540000
0.297092 0.057711 34.540000
0.286243 0.076739 34.540000
0.275356 0.095746 34.540000
0.264442 0.114737 34.540000
0.253508 0.133717 34.540000
0.242556 0.152686 34.540000
0.231586 0.171645 34.540000
0.220596 0.190592 34.540000
0.209580 0.209524 34.540000
0.198526 0.228434 34.540000
0.187408 0.247307 34.540000
0.176148 0.266094 34.540000
0.164246 0.284483 34.540000
0.142371 0.285596 34.540000
0.120470 0.285954 34.540000
0.098567 0.286145 34.540000
0.076663 0.286263 34.540000
0.054759 0.286338 34.540000
0.032856 0.286382 34.540000
0.010952 0.286403 34.540000
-0.010952 0.286403 34.540000
-0.032856 0.286382 34.540000
-0.054759 0.286338 34.540000
-0.076663 0.286263 34.540000
-0.098567 0.286145 34.540000
-0.120470 0.285954 34.540000
-0.142371 0.285596 34.540000
-0.164246 0.284483 34.540000
-0.176148 0.266094 34.540000
-0.187408 0.247307 34.540000
-0.198526 0.228434 34.540000
-0.209580 0.209524 34.540000
-0.220596 0.190592 34.540000
-0.231586 0.171645 34.540000
-0.242556 0.152686 34.540000
-0.253508 0.133717 34.540000
-0.264442 0.114737 34.540000
-0.275356 0.095746 34.540000
-0.286243 0.076739 34.540000
-0.297092 0.057711 34.540000
-0.307878 0.038647 34.540000
-0.318518 0.019501 34.540000
-0.328492 0.000000 34.540000
-0.318518 -0.019501 34.540000
-0.307878 -0.038647 34.540000
-0.297092 -0.057711 34.540000
-0.286243 -0.076739 34.540000
-0.275356 -0.095746 34.540000
-0.264442 -0.114737 34.540000
-0.253508 -0.133717 34.540000
-0.242556 -0.152686 34.540000
-0.231586 -0.171645 34.540000
-0.220596 -0.190592 34.540000
-0.209580 -0.209524 34.540000
-0.198526 -0.228434 34.540000
-0.187408 -0.247307 34.540000
-0.176148 -0.266094 34.540000
-0.164246 -0.284483 34.540000
-0.142371 -0.285596 34.540000
-0.120470 -0.285954 34.540000
-0.098567 -0.286145 34.540000
-0.076663 -0.286263 34.540000
-0.054759 -0.286338 34.540000
-0.032856 -0.286382 34.540000
-0.010952 -0.286403 34.540000
0.010952 -0.286403 34.540000
0.032856 -0.286382 34.540000
0.054759 -0.286338 34.540000
0.076663 -0.286263 34.540000
0.098567 -0.286145 34.540000
0.120470 -0.285954 34.540000
0.142371 -0.285596 34.540000
0.164246 -0.284483 34.540000
0.176148 -0.266094 34.540000
0.187408 -0.247307 34.540000
0.198526 -0.228434 34.540000
0.209580 -0.209524 34.540000
0.220596 -0.190592 34.540000
0.231586 -0.171645 34.540000
0.242556 -0.152686 34.540000
0.253508 -0.133717 34.540000
0.264442 -0.114737 34.540000
0.275356 -0.095746 34.540000
0.286243 -0.076739 34.540000
0.297092 -0.057711 34.540000
0.307878 -0.038647 34.540000
0.318518 -0.019501 34.540000
0.328492 0.000000 34.540000

