0.263021 0.000000 23.420000
0.255079 0.015638 23.420000
0.246580 0.030979 23.420000
0.237958 0.046252 23.420000
0.229281 0.061494 23.420000
0.220572 0.076718 23.420000
0.211839 0.091927 23.420000
0.203087 0.107126 23.420000
0.194317 0.122315 23.420000
0.185531 0.137494 23.420000
0.176725 0.152662 23.420000
0.167896 0.167816 23.420000
0.159034 0.182951 23.420000
0.150119 0.198055 23.420000
0.141082 0.213086 23.420000
0.131510 0.227782 23.420000
0.113997 0.228724 23.420000
0.096461 0.229034 23.420000
0.078923 0.229203 23.420000
0.061385 0.229310 23.420000
0.043846 0.229379 23.420000
0.026308 0.229421 23.420000
0.008769 0.229441 23.420000
-0.008769 0.229441 23.420000
-0.026308 0.229421 23.420000
-0.043846 0.229379 23.420000
-0.061385 0.229310 23.420000
-0.078923 0.229203 23.420000
-0.096461 0.229034 23.420000
-0.113997 0.228724 23.420000
-0.131510 0.227782 23.420000
-0.141082 0.213086 23.420000
-0.150119 0.198055 23.420000
-0.159034 0.182951 23.420000
-0.167896 0.167816 23.420000
-0.176725 0.152662 23.420000
-0.185531 0.137494 23.420000
-0.194317 0.122315 23.420000
-0.203087 0.107126 23.420000
-0.211839 0.091927 23.420000
-0.220572 0.076718 23.420000
-0.229281 0.061494 23.420000
-0.237958 0.046252 23.420000
-0.246580 0.030979 23.420000
-0.255079 0.015638 23.420000
-0.263021 0.000000 23.420000
-0.255079 -0.015638 23.420000
-0.246580 -0.030979 23.420000
-0.237958 -0.046252 23.420000
-0.229281 -0.061494 23.420000
-0.220572 -0.076718 23.420000
-0.211839 -0.091927 23.420000
-0.203087 -0.107126 23.420000
-0.194317 -0.122315 23.420000
-0.185531 -0.137494 23.420000
-0.176725 -0.152662 23.420000
-0.167896 -0.167816 23.420000
-0.159034 -0.182951 23.420000
-0.150119 -0.198055 23.420000
-0.141082 -0.213086 23.420000
-0.131510 -0.227782 23.420000
-0.113997 -0.228724 23.420000
-0.096461 -0.229034 23.420000
-0.078923 -0.229203 23.420000
-0.061385 -0.229310 23.420000
-0.043846 -0.229379 23.420000
-0.026308 -0.229421 23.420000
-0.008769 -0.229441 23.420000
0.008769 -0.229441 23.420000
0.026308 -0.229421 23.420000
0.043846 -0.229379 23.420000
0.061385 -0.229310 23.420000
0.078923 -0.229203 23.420000
0.096461 -0.229034 23.420000
0.113997 -0.228724 23.420000
0.131510 -0.227782 23.420000
0.141082 -0.213086 23.420000
0.150119 -0.198055 23.420000
0.159034 -0.182951 23.420000
0.167896 -0.167816 23.420000
0.176725 -0.152662 23.420000
0.185531 -0.137494 23.420000
0.194317 -0.122315 23.420000
0.203087 -0.107126 23.420000
0.211839 -0.091927 23.420000
0.220572 -0.076718 23.420000
0.229281 -0.061494 23.420000
0.237958 -0.046252 23.420000
0.246580 -0.030979 23.420000
0.255079 -0.015638 23.420000
0.263021 0.000000 23.420000

