0.232315 0.000000 18.740000
0.225321 0.013823 18.740000
0.217822 0.027378 18.740000
0.210212 0.040871 18.740000
0.202553 0.054337 18.740000
0.194863 0.067785 18.740000
0.187152 0.081221 18.740000
0.179423 0.094646 18.740000
0.171677 0.108062 18.740000
0.163915 0.121468 18.740000
0.156135 0.134864 18.740000
0.148333 0.148248 18.740000
0.140502 0.161613 18.740000
0.132621 0.174951 18.740000
0.124631 0.188222 18.740000
0.116157 0.201191 18.740000
0.100690 0.202045 18.740000
0.085201 0.202329 18.740000
0.069710 0.202485 18.740000
0.054219 0.202584 18.740000
0.038728 0.202649 18.740000
0.023237 0.202689 18.740000
0.007746 0.202708 18.740000
-0.007746 0.202708 18.740000
-0.023237 0.202689 18.740000
-0.038728 0.202649 18.740000
-0.054219 0.202584 18.740000
-0.069710 0.202485 18.740000
-0.085201 0.202329 18.740000
-0.100690 0.202045 18.740000
-0.116157 0.201191 18.740000
-0.124631 0.188222 18.740000
-0.132621 0.174951 18.740000
-0.140502 0.161613 18.740000
-0.148333 0.148248 18.740000
-0.156135 0.134864 18.740000
-0.163915 0.121468 18.740000
-0.171677 0.108062 18.740000
-0.179423 0.094646 18.740000
-0.187152 0.081221 18.740000
-0.194863 0.067785 18.740000
-0.202553 0.054337 18.740000
-0.210212 0.040871 18.740000
-0.217822 0.027378 18.740000
-0.225321 0.013823 18.740000
-0.232315 0.000000 18.740000
-0.225321 -0.013823 18.740000
-0.217822 -0.027378 18.740000
-0.210212 -0.040871 18.740000
-0.202553 -0.054337 18.740000
-0.194863 -0.067785 18.740000
-0.187152 -0.081221 18.740000
-0.179423 -0.094646 18.740000
-0.171677 -0.108062 18.740000
-0.163915 -0.121468 18.740000
-0.156135 -0.134864 18.740000
-0.148333 -0.148248 18.740000
-0.140502 -0.161613 18.740000
-0.132621 -0.174951 18.740000
-0.124631 -0.188222 18.740000
-0.116157 -0.201191 18.740000
-0.100690 -0.202045 18.740000
-0.085201 -0.202329 18.740000
-0.069710 -0.202485 18.740000
-0.054219 -0.202584 18.740000
-0.038728 -0.202649 18.740000
-0.023237 -0.202689 18.740000
-0.007746 -0.202708 18.740000
0.007746 -0.202708 18.740000
0.023237 -0.202689 18.740000
0.038728 -0.202649 18.740000
0.054219 -0.202584 18.740000
0.069710 -0.202485 18.740000
0.085201 -0.202329 18.740000
0.100690 -0.202045 18.740000
0.116157 -0.201191 18.740000
0.124631 -0.188222 18.740000
0.132621 -0.174951 18.740000
0.140502 -0.161613 18.740000
0.148333 -0.148248 18.740000
0.156135 -0.134864 18.740000
0.163915 -0.121468 18.740000
0.171677 -0.108062 18.740000
0.179423 -0.094646 18.740000
0.187152 -0.081221 18.740000
0.194863 -0.067785 18.740000
0.202553 -0.054337 18.740000
0.210212 -0.040871 18.740000
0.217822 -0.027378 18.740000
0.225321 -0.013823 18.740000
0.232315 0.000000 18.740000

