0.156915 -0.000000 8.890000
0.152227 0.009355 8.890000
0.147177 0.018520 8.890000
0.142047 0.027639 8.890000
0.136880 0.036739 8.890000
0.131691 0.045826 8.890000
0.126486 0.054903 8.890000
0.121267 0.063972 8.890000
0.116035 0.073034 8.890000
0.110790 0.082089 8.890000
0.105532 0.091135 8.890000
0.100257 0.100172 8.890000
0.094960 0.109196 8.890000
0.089627 0.118200 8.890000
0.084215 0.127155 8.890000
0.078458 0.135893 8.890000
0.068012 0.136510 8.890000
0.057550 0.136719 8.890000
0.047087 0.136836 8.890000
0.036623 0.136911 8.890000
0.026160 0.136961 8.890000
0.015696 0.136991 8.890000
0.005232 0.137006 8.890000
-0.005232 0.137006 8.890000
-0.015696 0.136991 8.890000
-0.026160 0.136961 8.890000
-0.036623 0.136911 8.890000
-0.047087 0.136836 8.890000
-0.057550 0.136719 8.890000
-0.068012 0.136510 8.890000
-0.078458 0.135893 8.890000
-0.084215 0.127155 8.890000
-0.089627 0.118200 8.890000
-0.094960 0.109196 8.890000
-0.100257 0.100172 8.890000
-0.105532 0.091135 8.890000
-0.110790 0.082089 8.890000
-0.116035 0.073034 8.890000
-0.121267 0.063972 8.890000
-0.126486 0.054903 8.890000
-0.131691 0.045826 8.890000
-0.136880 0.036739 8.890000
-0.142047 0.027639 8.890000
-0.147177 0.018520 8.890000
-0.152227 0.009355 8.890000
-0.156915 -0.000000 8.890000
-0.152227 -0.009355 8.890000
-0.147177 -0.018520 8.890000
-0.142047 -0.027639 8.890000
-0.136880 -0.036739 8.890000
-0.131691 -0.045826 8.890000
-0.126486 -0.054903 8.890000
-0.121267 -0.063972 8.890000
-0.116035 -0.073034 8.890000
-0.110790 -0.082089 8.890000
-0.105532 -0.091135 8.890000
-0.100257 -0.100172 8.890000
-0.094960 -0.109196 8.890000
-0.089627 -0.118200 8.890000
-0.084215 -0.127155 8.890000
-0.078458 -0.135893 8.890000
-0.068012 -0.136510 8.890000
-0.057550 -0.136719 8.890000
-0.047087 -0.136836 8.890000
-0.036623 -0.136911 8.890000
-0.026160 -0.136961 8.890000
-0.015696 -0.136991 8.890000
-0.005232 -0.137006 8.890000
0.005232 -0.137006 8.890000
0.015696 -0.136991 8.890000
0.026160 -0.136961 8.890000
0.036623 -0.136911 8.890000
0.047087 -0.136836 8.890000
0.057550 -0.136719 8.890000
0.068012 -0.136510 8.890000
0.078458 -0.135893 8.890000
0.084215 -0.127155 8.890000
0.089627 -0.118200 8.890000
0.094960 -0.109196 8.890000
0.100257 -0.100172 8.890000
0.105532 -0.091135 8.890000
0.110790 -0.082089 8.890000
0.116035 -0.073034 8.890000
0.121267 -0.063972 8.890000
0.126486 -0.054903 8.890000
0.131691 -0.045826 8.890000
0.136880 -0.036739 8.890000
0.142047 -0.027639 8.890000
0.147177 -0.018520 8.890000
0.152227 -0.009355 8.890000
0.156915 -0.000000 8.890000

