0.319635 0.000000 32.950000
0.309937 0.018979 32.950000
0.299587 0.037610 32.950000
0.289094 0.056162 32.950000
0.278539 0.074678 32.950000
0.267947 0.093173 32.950000
0.257328 0.111653 32.950000
0.246690 0.130121 32.950000
0.236033 0.148579 32.950000
0.225358 0.167026 32.950000
0.214663 0.185462 32.950000
0.203943 0.203883 32.950000
0.193185 0.222282 32.950000
0.182365 0.240644 32.950000
0.171405 0.258924 32.950000
0.159817 0.276812 32.950000
0.138532 0.277903 32.950000
0.117222 0.278255 32.950000
0.095909 0.278444 32.950000
0.074596 0.278561 32.950000
0.053283 0.278635 32.950000
0.031970 0.278679 32.950000
0.010657 0.278700 32.950000
-0.010657 0.278700 32.950000
-0.031970 0.278679 32.950000
-0.053283 0.278635 32.950000
-0.074596 0.278561 32.950000
-0.095909 0.278444 32.950000
-0.117222 0.278255 32.950000
-0.138532 0.277903 32.950000
-0.159817 0.276812 32.950000
-0.171405 0.258924 32.950000
-0.182365 0.240644 32.950000
-0.193185 0.222282 32.950000
-0.203943 0.203883 32.950000
-0.214663 0.185462 32.950000
-0.225358 0.167026 32.950000
-0.236033 0.148579 32.950000
-0.246690 0.130121 32.950000
-0.257328 0.111653 32.950000
-0.267947 0.093173 32.950000
-0.278539 0.074678 32.950000
-0.289094 0.056162 32.950000
-0.299587 0.037610 32.950000
-0.309937 0.018979 32.950000
-0.319635 0.000000 32.950000
-0.309937 -0.018979 32.950000
-0.299587 -0.037610 32.950000
-0.289094 -0.056162 32.950000
-0.278539 -0.074678 32.950000
-0.267947 -0.093173 32.950000
-0.257328 -0.111653 32.950000
-0.246690 -0.130121 32.950000
-0.236033 -0.148579 32.950000
-0.225358 -0.167026 32.950000
-0.214663 -0.185462 32.950000
-0.203943 -0.203883 32.950000
-0.193185 -0.222282 32.950000
-0.182365 -0.240644 32.950000
-0.171405 -0.258924 32.950000
-0.159817 -0.276812 32.950000
-0.138532 -0.277903 32.950000
-0.117222 -0.278255 32.950000
-0.095909 -0.278444 32.950000
-0.074596 -0.278561 32.950000
-0.053283 -0.278635 32.950000
-0.031970 -0.278679 32.950000
-0.010657 -0.278700 32.950000
0.010657 -0.278700 32.950000
0.031970 -0.278679 32.950000
0.053283 -0.278635 32.950000
0.074596 -0.278561 32.950000
0.095909 -0.278444 32.950000
0.117222 -0.278255 32.950000
0.138532 -0.277903 32.950000
0.159817 -0.276812 32.950000
0.171405 -0.258924 32.950000
0.182365 -0.240644 32.950000
0.193185 -0.222282 32.950000
0.203943 -0.203883 32.950000
0.214663 -0.185462 32.950000
0.225358 -0.167026 32.950000
0.236033 -0.148579 32.950000
0.246690 -0.130121 32.950000
0.257328 -0.111653 32.950000
0.267947 -0.093173 32.950000
0.278539 -0.074678 32.950000
0.289094 -0.056162 32.950000
0.299587 -0.037610 32.950000
0.309937 -0.018979 32.950000
0.319635 0.000000 32.950000

