0.132737 -0.000000 6.280000
0.128781 0.007919 6.280000
0.124514 0.015674 6.280000
0.120177 0.023390 6.280000
0.115808 0.031088 6.280000
0.111420 0.038776 6.280000
0.107017 0.046455 6.280000
0.102603 0.054127 6.280000
0.098177 0.061793 6.280000
0.093740 0.069452 6.280000
0.089291 0.077105 6.280000
0.084827 0.084749 6.280000
0.080345 0.092381 6.280000
0.075831 0.099996 6.280000
0.071249 0.107569 6.280000
0.066369 0.114954 6.280000
0.057533 0.115487 6.280000
0.048683 0.115669 6.280000
0.039832 0.115771 6.280000
0.030981 0.115837 6.280000
0.022129 0.115880 6.280000
0.013277 0.115907 6.280000
0.004426 0.115920 6.280000
-0.004426 0.115920 6.280000
-0.013277 0.115907 6.280000
-0.022129 0.115880 6.280000
-0.030981 0.115837 6.280000
-0.039832 0.115771 6.280000
-0.048683 0.115669 6.280000
-0.057533 0.115487 6.280000
-0.066369 0.114954 6.280000
-0.071249 0.107569 6.280000
-0.075831 0.099996 6.280000
-0.080345 0.092381 6.280000
-0.084827 0.084749 6.280000
-0.089291 0.077105 6.280000
-0.093740 0.069452 6.280000
-0.098177 0.061793 6.280000
-0.102603 0.054127 6.280000
-0.107017 0.046455 6.280000
-0.111420 0.038776 6.280000
-0.115808 0.031088 6.280000
-0.120177 0.023390 6.280000
-0.124514 0.015674 6.280000
-0.128781 0.007919 6.280000
-0.132737 -0.000000 6.280000
-0.128781 -0.007919 6.280000
-0.124514 -0.015674 6.280000
-0.120177 -0.023390 6.280000
-0.115808 -0.031088 6.280000
-0.111420 -0.038776 6.280000
-0.107017 -0.046455 6.280000
-0.102603 -0.054127 6.280000
-0.098177 -0.061793 6.280000
-0.093740 -0.069452 6.280000
-0.089291 -0.077105 6.280000
-0.084827 -0.084749 6.280000
-0.080345 -0.092381 6.280000
-0.075831 -0.099996 6.280000
-0.071249 -0.107569 6.280000
-0.066369 -0.114954 6.280000
-0.057533 -0.115487 6.280000
-0.048683 -0.115669 6.280000
-0.039832 -0.115771 6.280000
-0.030981 -0.115837 6.280000
-0.022129 -0.115880 6.280000
-0.013277 -0.115907 6.280000
-0.004426 -0.115920 6.280000
0.004426 -0.115920 6.280000
0.013277 -0.115907 6.280000
0.022129 -0.115880 6.280000
0.030981 -0.115837 6.280000
0.039832 -0.115771 6.280000
0.048683 -0.115669 6.280000
0.057533 -0.115487 6.280000
0.066369 -0.114954 6.280000
0.071249 -0.107569 6.280000
0.075831 -0.099996 6.280000
0.080345 -0.092381 6.280000
0.084827 -0.084749 6.280000
0.089291 -0.077105 6.280000
0.093740 -0.069452 6.280000
0.098177 -0.061793 6.280000
0.102603 -0.054127 6.280000
0.107017 -0.046455 6.280000
0.111420 -0.038776 6.280000
0.115808 -0.031088 6.280000
0.120177 -0.023390 6.280000
0.124514 -0.015674 6.280000
0.128781 -0.007919 6.280000
0.132737 -0.000000 6.280000

