0.319073 0.000000 32.850000
0.309393 0.018946 32.850000
0.299061 0.037545 32.850000
0.288587 0.056064 32.850000
0.278050 0.074547 32.850000
0.267477 0.093010 32.850000
0.256877 0.111457 32.850000
0.246257 0.129893 32.850000
0.235619 0.148318 32.850000
0.224963 0.166733 32.850000
0.214287 0.185137 32.850000
0.203585 0.203525 32.850000
0.192846 0.221892 32.850000
0.182045 0.240222 32.850000
0.171104 0.258469 32.850000
0.159536 0.276325 32.850000
0.138289 0.277415 32.850000
0.117016 0.277766 32.850000
0.095741 0.277955 32.850000
0.074465 0.278072 32.850000
0.053189 0.278146 32.850000
0.031914 0.278191 32.850000
0.010638 0.278211 32.850000
-0.010638 0.278211 32.850000
-0.031914 0.278191 32.850000
-0.053189 0.278146 32.850000
-0.074465 0.278072 32.850000
-0.095741 0.277955 32.850000
-0.117016 0.277766 32.850000
-0.138289 0.277415 32.850000
-0.159536 0.276325 32.850000
-0.171104 0.258469 32.850000
-0.182045 0.240222 32.850000
-0.192846 0.221892 32.850000
-0.203585 0.203525 32.850000
-0.214287 0.185137 32.850000
-0.224963 0.166733 32.850000
-0.235619 0.148318 32.850000
-0.246257 0.129893 32.850000
-0.256877 0.111457 32.850000
-0.267477 0.093010 32.850000
-0.278050 0.074547 32.850000
-0.288587 0.056064 32.850000
-0.299061 0.037545 32.850000
-0.309393 0.018946 32.850000
-0.319073 0.000000 32.850000
-0.309393 -0.018946 32.850000
-0.299061 -0.037545 32.850000
-0.288587 -0.056064 32.850000
-0.278050 -0.074547 32.850000
-0.267477 -0.093010 32.850000
-0.256877 -0.111457 32.850000
-0.246257 -0.129893 32.850000
-0.235619 -0.148318 32.850000
-0.224963 -0.166733 32.850000
-0.214287 -0.185137 32.850000
-0.203585 -0.203525 32.850000
-0.192846 -0.221892 32.850000
-0.182045 -0.240222 32.850000
-0.171104 -0.258469 32.850000
-0.159536 -0.276325 32.850000
-0.138289 -0.277415 32.850000
-0.117016 -0.277766 32.850000
-0.095741 -0.277955 32.850000
-0.074465 -0.278072 32.850000
-0.053189 -0.278146 32.850000
-0.031914 -0.278191 32.850000
-0.010638 -0.278211 32.850000
0.010638 -0.278211 32.850000
0.031914 -0.278191 32.850000
0.053189 -0.278146 32.850000
0.074465 -0.278072 32.850000
0.095741 -0.277955 32.850000
0.117016 -0.277766 32.850000
0.138289 -0.277415 32.850000
0.159536 -0.276325 32.850000
0.171104 -0.258469 32.850000
0.182045 -0.240222 32.850000
0.192846 -0.221892 32.850000
0.203585 -0.203525 32.850000
0.214287 -0.185137 32.850000
0.224963 -0.166733 32.850000
0.235619 -0.148318 32.850000
0.246257 -0.129893 32.850000
0.256877 -0.111457 32.850000
0.267477 -0.093010 32.850000
0.278050 -0.074547 32.850000
0.288587 -0.056064 32.850000
0.299061 -0.037545 32.850000
0.309393 -0.018946 32.850000
0.319073 0.000000 32.850000

