0.223539 0.000000 17.470000
0.216815 0.013303 17.470000
0.209602 0.026348 17.470000
0.202281 0.039333 17.470000
0.194912 0.052290 17.470000
0.187514 0.065231 17.470000
0.180095 0.078160 17.470000
0.172658 0.091078 17.470000
0.165205 0.103987 17.470000
0.157736 0.116887 17.470000
0.150249 0.129777 17.470000
0.142741 0.142654 17.470000
0.135204 0.155514 17.470000
0.127619 0.168347 17.470000
0.119929 0.181116 17.470000
0.111770 0.193591 17.470000
0.096886 0.194419 17.470000
0.081983 0.194695 17.470000
0.067077 0.194847 17.470000
0.052172 0.194944 17.470000
0.037265 0.195008 17.470000
0.022359 0.195046 17.470000
0.007453 0.195065 17.470000
-0.007453 0.195065 17.470000
-0.022359 0.195046 17.470000
-0.037265 0.195008 17.470000
-0.052172 0.194944 17.470000
-0.067077 0.194847 17.470000
-0.081983 0.194695 17.470000
-0.096886 0.194419 17.470000
-0.111770 0.193591 17.470000
-0.119929 0.181116 17.470000
-0.127619 0.168347 17.470000
-0.135204 0.155514 17.470000
-0.142741 0.142654 17.470000
-0.150249 0.129777 17.470000
-0.157736 0.116887 17.470000
-0.165205 0.103987 17.470000
-0.172658 0.091078 17.470000
-0.180095 0.078160 17.470000
-0.187514 0.065231 17.470000
-0.194912 0.052290 17.470000
-0.202281 0.039333 17.470000
-0.209602 0.026348 17.470000
-0.216815 0.013303 17.470000
-0.223539 0.000000 17.470000
-0.216815 -0.013303 17.470000
-0.209602 -0.026348 17.470000
-0.202281 -0.039333 17.470000
-0.194912 -0.052290 17.470000
-0.187514 -0.065231 17.470000
-0.180095 -0.078160 17.470000
-0.172658 -0.091078 17.470000
-0.165205 -0.103987 17.470000
-0.157736 -0.116887 17.470000
-0.150249 -0.129777 17.470000
-0.142741 -0.142654 17.470000
-0.135204 -0.155514 17.470000
-0.127619 -0.168347 17.470000
-0.119929 -0.181116 17.470000
-0.111770 -0.193591 17.470000
-0.096886 -0.194419 17.470000
-0.081983 -0.194695 17.470000
-0.067077 -0.194847 17.470000
-0.052172 -0.194944 17.470000
-0.037265 -0.195008 17.470000
-0.022359 -0.195046 17.470000
-0.007453 -0.195065 17.470000
0.007453 -0.195065 17.470000
0.022359 -0.195046 17.470000
0.037265 -0.195008 17.470000
0.052172 -0.194944 17.470000
0.067077 -0.194847 17.470000
0.081983 -0.194695 17.470000
0.096886 -0.194419 17.470000
0.111770 -0.193591 17.470000
0.119929 -0.181116 17.470000
0.127619 -0.168347 17.470000
0.135204 -0.155514 17.470000
0.142741 -0.142654 17.470000
0.150249 -0.129777 17.470000
0.157736 -0.116887 17.470000
0.165205 -0.103987 17.470000
0.172658 -0.091078 17.470000
0.180095 -0.078160 17.470000
0.187514 -0.065231 17.470000
0.194912 -0.052290 17.470000
0.202281 -0.039333 17.470000
0.209602 -0.026348 17.470000
0.216815 -0.013303 17.470000
0.223539 0.000000 17.470000

