0.376135 0.000000 43.520000
0.364672 0.022307 43.520000
0.352469 0.044219 43.520000
0.340106 0.066040 43.520000
0.327671 0.087821 43.520000
0.315196 0.109578 43.520000
0.302694 0.131320 43.520000
0.290171 0.153050 43.520000
0.277631 0.174770 43.520000
0.265073 0.196480 43.520000
0.252496 0.218179 43.520000
0.239891 0.239861 43.520000
0.227245 0.261520 43.520000
0.214529 0.283138 43.520000
0.201655 0.304662 43.520000
0.188068 0.325743 43.520000
0.163017 0.326969 43.520000
0.137940 0.327357 43.520000
0.112861 0.327560 43.520000
0.087781 0.327682 43.520000
0.062701 0.327757 43.520000
0.037620 0.327801 43.520000
0.012540 0.327820 43.520000
-0.012540 0.327820 43.520000
-0.037620 0.327801 43.520000
-0.062701 0.327757 43.520000
-0.087781 0.327682 43.520000
-0.112861 0.327560 43.520000
-0.137940 0.327357 43.520000
-0.163017 0.326969 43.520000
-0.188068 0.325743 43.520000
-0.201655 0.304662 43.520000
-0.214529 0.283138 43.520000
-0.227245 0.261520 43.520000
-0.239891 0.239861 43.520000
-0.252496 0.218179 43.520000
-0.265073 0.196480 43.520000
-0.277631 0.174770 43.520000
-0.290171 0.153050 43.520000
-0.302694 0.131320 43.520000
-0.315196 0.109578 43.520000
-0.327671 0.087821 43.520000
-0.340106 0.066040 43.520000
-0.352469 0.044219 43.520000
-0.364672 0.022307 43.520000
-0.376135 0.000000 43.520000
-0.364672 -0.022307 43.520000
-0.352469 -0.044219 43.520000
-0.340106 -0.066040 43.520000
-0.327671 -0.087821 43.520000
-0.315196 -0.109578 43.520000
-0.302694 -0.131320 43.520000
-0.290171 -0.153050 43.520000
-0.277631 -0.174770 43.520000
-0.265073 -0.196480 43.520000
-0.252496 -0.218179 43.520000
-0.239891 -0.239861 43.520000
-0.227245 -0.261520 43.520000
-0.214529 -0.283138 43.520000
-0.201655 -0.304662 43.520000
-0.188068 -0.325743 43.520000
-0.163017 -0.326969 43.520000
-0.137940 -0.327357 43.520000
-0.112861 -0.327560 43.520000
-0.087781 -0.327682 43.520000
-0.062701 -0.327757 43.520000
-0.037620 -0.327801 43.520000
-0.012540 -0.327820 43.520000
0.012540 -0.327820 43.520000
0.037620 -0.327801 43.520000
0.062701 -0.327757 43.520000
0.087781 -0.327682 43.520000
0.112861 -0.327560 43.520000
0.137940 -0.327357 43.520000
0.163017 -0.326969 43.520000
0.188068 -0.325743 43.520000
0.201655 -0.304662 43.520000
0.214529 -0.283138 43.520000
0.227245 -0.261520 43.520000
0.239891 -0.239861 43.520000
0.252496 -0.218179 43.520000
0.265073 -0.196480 43.520000
0.277631 -0.174770 43.520000
0.290171 -0.153050 43.520000
0.302694 -0.131320 43.520000
0.315196 -0.109578 43.520000
0.327671 -0.087821 43.520000
0.340106 -0.066040 43.520000
0.352469 -0.044219 43.520000
0.364672 -0.022307 43.520000
0.376135 0.000000 43.520000

