0.223189 0.000000 17.420000
0.216476 0.013283 17.420000
0.209274 0.026307 17.420000
0.201965 0.039271 17.420000
0.194608 0.052209 17.420000
0.187221 0.065129 17.420000
0.179813 0.078037 17.420000
0.172388 0.090936 17.420000
0.164947 0.103825 17.420000
0.157489 0.116704 17.420000
0.150014 0.129574 17.420000
0.142518 0.142431 17.420000
0.134993 0.155271 17.420000
0.127420 0.168083 17.420000
0.119741 0.180832 17.420000
0.111595 0.193288 17.420000
0.096735 0.194115 17.420000
0.081855 0.194391 17.420000
0.066972 0.194543 17.420000
0.052090 0.194640 17.420000
0.037207 0.194703 17.420000
0.022324 0.194742 17.420000
0.007441 0.194760 17.420000
-0.007441 0.194760 17.420000
-0.022324 0.194742 17.420000
-0.037207 0.194703 17.420000
-0.052090 0.194640 17.420000
-0.066972 0.194543 17.420000
-0.081855 0.194391 17.420000
-0.096735 0.194115 17.420000
-0.111595 0.193288 17.420000
-0.119741 0.180832 17.420000
-0.127420 0.168083 17.420000
-0.134993 0.155271 17.420000
-0.142518 0.142431 17.420000
-0.150014 0.129574 17.420000
-0.157489 0.116704 17.420000
-0.164947 0.103825 17.420000
-0.172388 0.090936 17.420000
-0.179813 0.078037 17.420000
-0.187221 0.065129 17.420000
-0.194608 0.052209 17.420000
-0.201965 0.039271 17.420000
-0.209274 0.026307 17.420000
-0.216476 0.013283 17.420000
-0.223189 0.000000 17.420000
-0.216476 -0.013283 17.420000
-0.209274 -0.026307 17.420000
-0.201965 -0.039271 17.420000
-0.194608 -0.052209 17.420000
-0.187221 -0.065129 17.420000
-0.179813 -0.078037 17.420000
-0.172388 -0.090936 17.420000
-0.164947 -0.103825 17.420000
-0.157489 -0.116704 17.420000
-0.150014 -0.129574 17.420000
-0.142518 -0.142431 17.420000
-0.134993 -0.155271 17.420000
-0.127420 -0.168083 17.420000
-0.119741 -0.180832 17.420000
-0.111595 -0.193288 17.420000
-0.096735 -0.194115 17.420000
-0.081855 -0.194391 17.420000
-0.066972 -0.194543 17.420000
-0.052090 -0.194640 17.420000
-0.037207 -0.194703 17.420000
-0.022324 -0.194742 17.420000
-0.007441 -0.194760 17.420000
0.007441 -0.194760 17.420000
0.022324 -0.194742 17.420000
0.037207 -0.194703 17.420000
0.052090 -0.194640 17.420000
0.066972 -0.194543 17.420000
0.081855 -0.194391 17.420000
0.096735 -0.194115 17.420000
0.111595 -0.193288 17.420000
0.119741 -0.180832 17.420000
0.127420 -0.168083 17.420000
0.134993 -0.155271 17.420000
0.142518 -0.142431 17.420000
0.150014 -0.129574 17.420000
0.157489 -0.116704 17.420000
0.164947 -0.103825 17.420000
0.172388 -0.090936 17.420000
0.179813 -0.078037 17.420000
0.187221 -0.065129 17.420000
0.194608 -0.052209 17.420000
0.201965 -0.039271 17.420000
0.209274 -0.026307 17.420000
0.216476 -0.013283 17.420000
0.223189 0.000000 17.420000

