0.235442 0.000000 19.200000
0.228352 0.014008 19.200000
0.220751 0.027745 19.200000
0.213039 0.041420 19.200000
0.205276 0.055066 19.200000
0.197482 0.068695 19.200000
0.189667 0.082311 19.200000
0.181834 0.095917 19.200000
0.173984 0.109514 19.200000
0.166117 0.123101 19.200000
0.158233 0.136677 19.200000
0.150326 0.150241 19.200000
0.142390 0.163787 19.200000
0.134404 0.177304 19.200000
0.126307 0.190755 19.200000
0.117721 0.203899 19.200000
0.102045 0.204762 19.200000
0.086348 0.205049 19.200000
0.070649 0.205207 19.200000
0.054949 0.205307 19.200000
0.039250 0.205372 19.200000
0.023550 0.205412 19.200000
0.007850 0.205431 19.200000
-0.007850 0.205431 19.200000
-0.023550 0.205412 19.200000
-0.039250 0.205372 19.200000
-0.054949 0.205307 19.200000
-0.070649 0.205207 19.200000
-0.086348 0.205049 19.200000
-0.102045 0.204762 19.200000
-0.117721 0.203899 19.200000
-0.126307 0.190755 19.200000
-0.134404 0.177304 19.200000
-0.142390 0.163787 19.200000
-0.150326 0.150241 19.200000
-0.158233 0.136677 19.200000
-0.166117 0.123101 19.200000
-0.173984 0.109514 19.200000
-0.181834 0.095917 19.200000
-0.189667 0.082311 19.200000
-0.197482 0.068695 19.200000
-0.205276 0.055066 19.200000
-0.213039 0.041420 19.200000
-0.220751 0.027745 19.200000
-0.228352 0.014008 19.200000
-0.235442 0.000000 19.200000
-0.228352 -0.014008 19.200000
-0.220751 -0.027745 19.200000
-0.213039 -0.041420 19.200000
-0.205276 -0.055066 19.200000
-0.197482 -0.068695 19.200000
-0.189667 -0.082311 19.200000
-0.181834 -0.095917 19.200000
-0.173984 -0.109514 19.200000
-0.166117 -0.123101 19.200000
-0.158233 -0.136677 19.200000
-0.150326 -0.150241 19.200000
-0.142390 -0.163787 19.200000
-0.134404 -0.177304 19.200000
-0.126307 -0.190755 19.200000
-0.117721 -0.203899 19.200000
-0.102045 -0.204762 19.200000
-0.086348 -0.205049 19.200000
-0.070649 -0.205207 19.200000
-0.054949 -0.205307 19.200000
-0.039250 -0.205372 19.200000
-0.023550 -0.205412 19.200000
-0.007850 -0.205431 19.200000
0.007850 -0.205431 19.200000
0.023550 -0.205412 19.200000
0.039250 -0.205372 19.200000
0.054949 -0.205307 19.200000
0.070649 -0.205207 19.200000
0.086348 -0.205049 19.200000
0.102045 -0.204762 19.200000
0.117721 -0.203899 19.200000
0.126307 -0.190755 19.200000
0.134404 -0.177304 19.200000
0.142390 -0.163787 19.200000
0.150326 -0.150241 19.200000
0.158233 -0.136677 19.200000
0.166117 -0.123101 19.200000
0.173984 -0.109514 19.200000
0.181834 -0.095917 19.200000
0.189667 -0.082311 19.200000
0.197482 -0.068695 19.200000
0.205276 -0.055066 19.200000
0.213039 -0.041420 19.200000
0.220751 -0.027745 19.200000
0.228352 -0.014008 19.200000
0.235442 0.000000 19.200000

