0.367342 0.000000 41.810000
0.356155 0.021790 41.810000
0.344240 0.043191 41.810000
0.332168 0.064503 41.810000
0.320027 0.085776 41.810000
0.307845 0.107026 41.810000
0.295636 0.128260 41.810000
0.283406 0.149483 41.810000
0.271159 0.170695 41.810000
0.258895 0.191898 41.810000
0.246610 0.213088 41.810000
0.234298 0.234263 41.810000
0.221945 0.255414 41.810000
0.209525 0.276525 41.810000
0.196948 0.297544 41.810000
0.183671 0.318128 41.810000
0.159207 0.319334 41.810000
0.134716 0.319716 41.810000
0.110223 0.319918 41.810000
0.085729 0.320039 41.810000
0.061235 0.320115 41.810000
0.036741 0.320158 41.810000
0.012247 0.320178 41.810000
-0.012247 0.320178 41.810000
-0.036741 0.320158 41.810000
-0.061235 0.320115 41.810000
-0.085729 0.320039 41.810000
-0.110223 0.319918 41.810000
-0.134716 0.319716 41.810000
-0.159207 0.319334 41.810000
-0.183671 0.318128 41.810000
-0.196948 0.297544 41.810000
-0.209525 0.276525 41.810000
-0.221945 0.255414 41.810000
-0.234298 0.234263 41.810000
-0.246610 0.213088 41.810000
-0.258895 0.191898 41.810000
-0.271159 0.170695 41.810000
-0.283406 0.149483 41.810000
-0.295636 0.128260 41.810000
-0.307845 0.107026 41.810000
-0.320027 0.085776 41.810000
-0.332168 0.064503 41.810000
-0.344240 0.043191 41.810000
-0.356155 0.021790 41.810000
-0.367342 0.000000 41.810000
-0.356155 -0.021790 41.810000
-0.344240 -0.043191 41.810000
-0.332168 -0.064503 41.810000
-0.320027 -0.085776 41.810000
-0.307845 -0.107026 41.810000
-0.295636 -0.128260 41.810000
-0.283406 -0.149483 41.810000
-0.271159 -0.170695 41.810000
-0.258895 -0.191898 41.810000
-0.246610 -0.213088 41.810000
-0.234298 -0.234263 41.810000
-0.221945 -0.255414 41.810000
-0.209525 -0.276525 41.810000
-0.196948 -0.297544 41.810000
-0.183671 -0.318128 41.810000
-0.159207 -0.319334 41.810000
-0.134716 -0.319716 41.810000
-0.110223 -0.319918 41.810000
-0.085729 -0.320039 41.810000
-0.061235 -0.320115 41.810000
-0.036741 -0.320158 41.810000
-0.012247 -0.320178 41.810000
0.012247 -0.320178 41.810000
0.036741 -0.320158 41.810000
0.061235 -0.320115 41.810000
0.085729 -0.320039 41.810000
0.110223 -0.319918 41.810000
0.134716 -0.319716 41.810000
0.159207 -0.319334 41.810000
0.183671 -0.318128 41.810000
0.196948 -0.297544 41.810000
0.209525 -0.276525 41.810000
0.221945 -0.255414 41.810000
0.234298 -0.234263 41.810000
0.246610 -0.213088 41.810000
0.258895 -0.191898 41.810000
0.271159 -0.170695 41.810000
0.283406 -0.149483 41.810000
0.295636 -0.128260 41.810000
0.307845 -0.107026 41.810000
0.320027 -0.085776 41.810000
0.332168 -0.064503 41.810000
0.344240 -0.043191 41.810000
0.356155 -0.021790 41.810000
0.367342 0.000000 41.810000

