0.089137 -0.000000 2.340000
0.086494 0.005324 2.340000
0.083633 0.010535 2.340000
0.080724 0.015719 2.340000
0.077792 0.020890 2.340000
0.074846 0.026053 2.340000
0.071891 0.031210 2.340000
0.068927 0.036363 2.340000
0.065954 0.041511 2.340000
0.062974 0.046654 2.340000
0.059986 0.051792 2.340000
0.056987 0.056925 2.340000
0.053974 0.062049 2.340000
0.050940 0.067161 2.340000
0.047858 0.072244 2.340000
0.044569 0.077195 2.340000
0.038636 0.077568 2.340000
0.032693 0.077696 2.340000
0.026749 0.077768 2.340000
0.020805 0.077814 2.340000
0.014861 0.077845 2.340000
0.008916 0.077864 2.340000
0.002972 0.077874 2.340000
-0.002972 0.077874 2.340000
-0.008916 0.077864 2.340000
-0.014861 0.077845 2.340000
-0.020805 0.077814 2.340000
-0.026749 0.077768 2.340000
-0.032693 0.077696 2.340000
-0.038636 0.077568 2.340000
-0.044569 0.077195 2.340000
-0.047858 0.072244 2.340000
-0.050940 0.067161 2.340000
-0.053974 0.062049 2.340000
-0.056987 0.056925 2.340000
-0.059986 0.051792 2.340000
-0.062974 0.046654 2.340000
-0.065954 0.041511 2.340000
-0.068927 0.036363 2.340000
-0.071891 0.031210 2.340000
-0.074846 0.026053 2.340000
-0.077792 0.020890 2.340000
-0.080724 0.015719 2.340000
-0.083633 0.010535 2.340000
-0.086494 0.005324 2.340000
-0.089137 -0.000000 2.340000
-0.086494 -0.005324 2.340000
-0.083633 -0.010535 2.340000
-0.080724 -0.015719 2.340000
-0.077792 -0.020890 2.340000
-0.074846 -0.026053 2.340000
-0.071891 -0.031210 2.340000
-0.068927 -0.036363 2.340000
-0.065954 -0.041511 2.340000
-0.062974 -0.046654 2.340000
-0.059986 -0.051792 2.340000
-0.056987 -0.056925 2.340000
-0.053974 -0.062049 2.340000
-0.050940 -0.067161 2.340000
-0.047858 -0.072244 2.340000
-0.044569 -0.077195 2.340000
-0.038636 -0.077568 2.340000
-0.032693 -0.077696 2.340000
-0.026749 -0.077768 2.340000
-0.020805 -0.077814 2.340000
-0.014861 -0.077845 2.340000
-0.008916 -0.077864 2.340000
-0.002972 -0.077874 2.340000
0.002972 -0.077874 2.340000
0.008916 -0.077864 2.340000
0.014861 -0.077845 2.340000
0.020805 -0.077814 2.340000
0.026749 -0.077768 2.340000
0.032693 -0.077696 2.340000
0.038636 -0.077568 2.340000
0.044569 -0.077195 2.340000
0.047858 -0.072244 2.340000
0.050940 -0.067161 2.340000
0.053974 -0.062049 2.340000
0.056987 -0.056925 2.340000
0.059986 -0.051792 2.340000
0.062974 -0.046654 2.340000
0.065954 -0.041511 2.340000
0.068927 -0.036363 2.340000
0.071891 -0.031210 2.340000
0.074846 -0.026053 2.340000
0.077792 -0.020890 2.340000
0.080724 -0.015719 2.340000
0.083633 -0.010535 2.340000
0.086494 -0.005324 2.340000
0.089137 -0.000000 2.340000

