0.303554 0.000000 30.130000
0.294357 0.018031 30.130000
0.284533 0.035728 30.130000
0.274572 0.053349 30.130000
0.264551 0.070935 30.130000
0.254494 0.088501 30.130000
0.244411 0.106052 30.130000
0.234308 0.123592 30.130000
0.224188 0.141121 30.130000
0.214049 0.158640 30.130000
0.203891 0.176148 30.130000
0.193707 0.193640 30.130000
0.183487 0.211112 30.130000
0.173208 0.228549 30.130000
0.162793 0.245905 30.130000
0.151777 0.262886 30.130000
0.131563 0.263936 30.130000
0.111325 0.264277 30.130000
0.091085 0.264461 30.130000
0.070844 0.264575 30.130000
0.050603 0.264648 30.130000
0.030362 0.264692 30.130000
0.010121 0.264713 30.130000
-0.010121 0.264713 30.130000
-0.030362 0.264692 30.130000
-0.050603 0.264648 30.130000
-0.070844 0.264575 30.130000
-0.091085 0.264461 30.130000
-0.111325 0.264277 30.130000
-0.131563 0.263936 30.130000
-0.151777 0.262886 30.130000
-0.162793 0.245905 30.130000
-0.173208 0.228549 30.130000
-0.183487 0.211112 30.130000
-0.193707 0.193640 30.130000
-0.203891 0.176148 30.130000
-0.214049 0.158640 30.130000
-0.224188 0.141121 30.130000
-0.234308 0.123592 30.130000
-0.244411 0.106052 30.130000
-0.254494 0.088501 30.130000
-0.264551 0.070935 30.130000
-0.274572 0.053349 30.130000
-0.284533 0.035728 30.130000
-0.294357 0.018031 30.130000
-0.303554 0.000000 30.130000
-0.294357 -0.018031 30.130000
-0.284533 -0.035728 30.130000
-0.274572 -0.053349 30.130000
-0.264551 -0.070935 30.130000
-0.254494 -0.088501 30.130000
-0.244411 -0.106052 30.130000
-0.234308 -0.123592 30.130000
-0.224188 -0.141121 30.130000
-0.214049 -0.158640 30.130000
-0.203891 -0.176148 30.130000
-0.193707 -0.193640 30.130000
-0.183487 -0.211112 30.130000
-0.173208 -0.228549 30.130000
-0.162793 -0.245905 30.130000
-0.151777 -0.262886 30.130000
-0.131563 -0.263936 30.130000
-0.111325 -0.264277 30.130000
-0.091085 -0.264461 30.130000
-0.070844 -0.264575 30.130000
-0.050603 -0.264648 30.130000
-0.030362 -0.264692 30.130000
-0.010121 -0.264713 30.130000
0.010121 -0.264713 30.130000
0.030362 -0.264692 30.130000
0.050603 -0.264648 30.130000
0.070844 -0.264575 30.130000
0.091085 -0.264461 30.130000
0.111325 -0.264277 30.130000
0.131563 -0.263936 30.130000
0.151777 -0.262886 30.130000
0.162793 -0.245905 30.130000
0.173208 -0.228549 30.130000
0.183487 -0.211112 30.130000
0.193707 -0.193640 30.130000
0.203891 -0.176148 30.130000
0.214049 -0.158640 30.130000
0.224188 -0.141121 30.130000
0.234308 -0.123592 30.130000
0.244411 -0.106052 30.130000
0.254494 -0.088501 30.130000
0.264551 -0.070935 30.130000
0.274572 -0.053349 30.130000
0.284533 -0.035728 30.130000
0.294357 -0.018031 30.130000
0.303554 0.000000 30.130000

