0.354739 0.000000 39.400000
0.343946 0.021048 39.400000
0.332445 0.041717 39.400000
0.320791 0.062301 39.400000
0.309069 0.082845 39.400000
0.297307 0.103368 39.400000
0.285518 0.123874 39.400000
0.273709 0.144369 39.400000
0.261882 0.164854 39.400000
0.250038 0.185329 39.400000
0.238173 0.205791 39.400000
0.226281 0.226239 39.400000
0.214349 0.246663 39.400000
0.202351 0.267047 39.400000
0.190201 0.287342 39.400000
0.177370 0.307213 39.400000
0.153745 0.308390 39.400000
0.130094 0.308765 39.400000
0.106441 0.308963 39.400000
0.082788 0.309084 39.400000
0.059134 0.309159 39.400000
0.035481 0.309203 39.400000
0.011827 0.309224 39.400000
-0.011827 0.309224 39.400000
-0.035481 0.309203 39.400000
-0.059134 0.309159 39.400000
-0.082788 0.309084 39.400000
-0.106441 0.308963 39.400000
-0.130094 0.308765 39.400000
-0.153745 0.308390 39.400000
-0.177370 0.307213 39.400000
-0.190201 0.287342 39.400000
-0.202351 0.267047 39.400000
-0.214349 0.246663 39.400000
-0.226281 0.226239 39.400000
-0.238173 0.205791 39.400000
-0.250038 0.185329 39.400000
-0.261882 0.164854 39.400000
-0.273709 0.144369 39.400000
-0.285518 0.123874 39.400000
-0.297307 0.103368 39.400000
-0.309069 0.082845 39.400000
-0.320791 0.062301 39.400000
-0.332445 0.041717 39.400000
-0.343946 0.021048 39.400000
-0.354739 0.000000 39.400000
-0.343946 -0.021048 39.400000
-0.332445 -0.041717 39.400000
-0.320791 -0.062301 39.400000
-0.309069 -0.082845 39.400000
-0.297307 -0.103368 39.400000
-0.285518 -0.123874 39.400000
-0.273709 -0.144369 39.400000
-0.261882 -0.164854 39.400000
-0.250038 -0.185329 39.400000
-0.238173 -0.205791 39.400000
-0.226281 -0.226239 39.400000
-0.214349 -0.246663 39.400000
-0.202351 -0.267047 39.400000
-0.190201 -0.287342 39.400000
-0.177370 -0.307213 39.400000
-0.153745 -0.308390 39.400000
-0.130094 -0.308765 39.400000
-0.106441 -0.308963 39.400000
-0.082788 -0.309084 39.400000
-0.059134 -0.309159 39.400000
-0.035481 -0.309203 39.400000
-0.011827 -0.309224 39.400000
0.011827 -0.309224 39.400000
0.035481 -0.309203 39.400000
0.059134 -0.309159 39.400000
0.082788 -0.309084 39.400000
0.106441 -0.308963 39.400000
0.130094 -0.308765 39.400000
0.153745 -0.308390 39.400000
0.177370 -0.307213 39.400000
0.190201 -0.287342 39.400000
0.202351 -0.267047 39.400000
0.214349 -0.246663 39.400000
0.226281 -0.226239 39.400000
0.238173 -0.205791 39.400000
0.250038 -0.185329 39.400000
0.261882 -0.164854 39.400000
0.273709 -0.144369 39.400000
0.285518 -0.123874 39.400000
0.297307 -0.103368 39.400000
0.309069 -0.082845 39.400000
0.320791 -0.062301 39.400000
0.332445 -0.041717 39.400000
0.343946 -0.021048 39.400000
0.354739 0.000000 39.400000

