0.177567 0.000000 11.340000
0.172250 0.010580 11.340000
0.166531 0.020948 11.340000
0.160722 0.031267 11.340000
0.154874 0.041562 11.340000
0.149000 0.051844 11.340000
0.143109 0.062115 11.340000
0.137202 0.072378 11.340000
0.131282 0.082632 11.340000
0.125348 0.092879 11.340000
0.119398 0.103116 11.340000
0.113431 0.113343 11.340000
0.107439 0.123556 11.340000
0.101407 0.133746 11.340000
0.095288 0.143883 11.340000
0.088783 0.153777 11.340000
0.076962 0.154463 11.340000
0.065124 0.154694 11.340000
0.053284 0.154823 11.340000
0.041443 0.154906 11.340000
0.029602 0.154960 11.340000
0.017761 0.154994 11.340000
0.005920 0.155010 11.340000
-0.005920 0.155010 11.340000
-0.017761 0.154994 11.340000
-0.029602 0.154960 11.340000
-0.041443 0.154906 11.340000
-0.053284 0.154823 11.340000
-0.065124 0.154694 11.340000
-0.076962 0.154463 11.340000
-0.088783 0.153777 11.340000
-0.095288 0.143883 11.340000
-0.101407 0.133746 11.340000
-0.107439 0.123556 11.340000
-0.113431 0.113343 11.340000
-0.119398 0.103116 11.340000
-0.125348 0.092879 11.340000
-0.131282 0.082632 11.340000
-0.137202 0.072378 11.340000
-0.143109 0.062115 11.340000
-0.149000 0.051844 11.340000
-0.154874 0.041562 11.340000
-0.160722 0.031267 11.340000
-0.166531 0.020948 11.340000
-0.172250 0.010580 11.340000
-0.177567 0.000000 11.340000
-0.172250 -0.010580 11.340000
-0.166531 -0.020948 11.340000
-0.160722 -0.031267 11.340000
-0.154874 -0.041562 11.340000
-0.149000 -0.051844 11.340000
-0.143109 -0.062115 11.340000
-0.137202 -0.072378 11.340000
-0.131282 -0.082632 11.340000
-0.125348 -0.092879 11.340000
-0.119398 -0.103116 11.340000
-0.113431 -0.113343 11.340000
-0.107439 -0.123556 11.340000
-0.101407 -0.133746 11.340000
-0.095288 -0.143883 11.340000
-0.088783 -0.153777 11.340000
-0.076962 -0.154463 11.340000
-0.065124 -0.154694 11.340000
-0.053284 -0.154823 11.340000
-0.041443 -0.154906 11.340000
-0.029602 -0.154960 11.340000
-0.017761 -0.154994 11.340000
-0.005920 -0.155010 11.340000
0.005920 -0.155010 11.340000
0.017761 -0.154994 11.340000
0.029602 -0.154960 11.340000
0.041443 -0.154906 11.340000
0.053284 -0.154823 11.340000
0.065124 -0.154694 11.340000
0.076962 -0.154463 11.340000
0.088783 -0.153777 11.340000
0.095288 -0.143883 11.340000
0.101407 -0.133746 11.340000
0.107439 -0.123556 11.340000
0.113431 -0.113343 11.340000
0.119398 -0.103116 11.340000
0.125348 -0.092879 11.340000
0.131282 -0.082632 11.340000
0.137202 -0.072378 11.340000
0.143109 -0.062115 11.340000
0.149000 -0.051844 11.340000
0.154874 -0.041562 11.340000
0.160722 -0.031267 11.340000
0.166531 -0.020948 11.340000
0.172250 -0.010580 11.340000
0.177567 0.000000 11.340000

