0.391335 0.000000 46.530000
0.379396 0.023202 46.530000
0.366693 0.045995 46.530000
0.353825 0.068695 46.530000
0.340885 0.091354 46.530000
0.327903 0.113989 46.530000
0.314893 0.136608 46.530000
0.301863 0.159215 46.530000
0.288816 0.181813 46.530000
0.275752 0.204401 46.530000
0.262669 0.226978 46.530000
0.249557 0.249538 46.530000
0.236404 0.272074 46.530000
0.223180 0.294568 46.530000
0.209791 0.316966 46.530000
0.195668 0.338906 46.530000
0.169605 0.340167 46.530000
0.143514 0.340563 46.530000
0.117421 0.340769 46.530000
0.091328 0.340892 46.530000
0.065234 0.340967 46.530000
0.039140 0.341009 46.530000
0.013047 0.341029 46.530000
-0.013047 0.341029 46.530000
-0.039140 0.341009 46.530000
-0.065234 0.340967 46.530000
-0.091328 0.340892 46.530000
-0.117421 0.340769 46.530000
-0.143514 0.340563 46.530000
-0.169605 0.340167 46.530000
-0.195668 0.338906 46.530000
-0.209791 0.316966 46.530000
-0.223180 0.294568 46.530000
-0.236404 0.272074 46.530000
-0.249557 0.249538 46.530000
-0.262669 0.226978 46.530000
-0.275752 0.204401 46.530000
-0.288816 0.181813 46.530000
-0.301863 0.159215 46.530000
-0.314893 0.136608 46.530000
-0.327903 0.113989 46.530000
-0.340885 0.091354 46.530000
-0.353825 0.068695 46.530000
-0.366693 0.045995 46.530000
-0.379396 0.023202 46.530000
-0.391335 0.000000 46.530000
-0.379396 -0.023202 46.530000
-0.366693 -0.045995 46.530000
-0.353825 -0.068695 46.530000
-0.340885 -0.091354 46.530000
-0.327903 -0.113989 46.530000
-0.314893 -0.136608 46.530000
-0.301863 -0.159215 46.530000
-0.288816 -0.181813 46.530000
-0.275752 -0.204401 46.530000
-0.262669 -0.226978 46.530000
-0.249557 -0.249538 46.530000
-0.236404 -0.272074 46.530000
-0.223180 -0.294568 46.530000
-0.209791 -0.316966 46.530000
-0.195668 -0.338906 46.530000
-0.169605 -0.340167 46.530000
-0.143514 -0.340563 46.530000
-0.117421 -0.340769 46.530000
-0.091328 -0.340892 46.530000
-0.065234 -0.340967 46.530000
-0.039140 -0.341009 46.530000
-0.013047 -0.341029 46.530000
0.013047 -0.341029 46.530000
0.039140 -0.341009 46.530000
0.065234 -0.340967 46.530000
0.091328 -0.340892 46.530000
0.117421 -0.340769 46.530000
0.143514 -0.340563 46.530000
0.169605 -0.340167 46.530000
0.195668 -0.338906 46.530000
0.209791 -0.316966 46.530000
0.223180 -0.294568 46.530000
0.236404 -0.272074 46.530000
0.249557 -0.249538 46.530000
0.262669 -0.226978 46.530000
0.275752 -0.204401 46.530000
0.288816 -0.181813 46.530000
0.301863 -0.159215 46.530000
0.314893 -0.136608 46.530000
0.327903 -0.113989 46.530000
0.340885 -0.091354 46.530000
0.353825 -0.068695 46.530000
0.366693 -0.045995 46.530000
0.379396 -0.023202 46.530000
0.391335 0.000000 46.530000

