0.207209 0.000000 15.190000
0.200986 0.012337 15.190000
0.194305 0.024431 15.190000
0.187521 0.036469 15.190000
0.180693 0.048481 15.190000
0.173837 0.060477 15.190000
0.166960 0.072462 15.190000
0.160067 0.084437 15.190000
0.153158 0.096403 15.190000
0.146234 0.108361 15.190000
0.139293 0.120308 15.190000
0.132332 0.132244 15.190000
0.125344 0.144164 15.190000
0.118310 0.156057 15.190000
0.111177 0.167891 15.190000
0.103605 0.179449 15.190000
0.089809 0.180228 15.190000
0.075994 0.180488 15.190000
0.062178 0.180633 15.190000
0.048361 0.180725 15.190000
0.034543 0.180785 15.190000
0.020726 0.180823 15.190000
0.006909 0.180840 15.190000
-0.006909 0.180840 15.190000
-0.020726 0.180823 15.190000
-0.034543 0.180785 15.190000
-0.048361 0.180725 15.190000
-0.062178 0.180633 15.190000
-0.075994 0.180488 15.190000
-0.089809 0.180228 15.190000
-0.103605 0.179449 15.190000
-0.111177 0.167891 15.190000
-0.118310 0.156057 15.190000
-0.125344 0.144164 15.190000
-0.132332 0.132244 15.190000
-0.139293 0.120308 15.190000
-0.146234 0.108361 15.190000
-0.153158 0.096403 15.190000
-0.160067 0.084437 15.190000
-0.166960 0.072462 15.190000
-0.173837 0.060477 15.190000
-0.180693 0.048481 15.190000
-0.187521 0.036469 15.190000
-0.194305 0.024431 15.190000
-0.200986 0.012337 15.190000
-0.207209 0.000000 15.190000
-0.200986 -0.012337 15.190000
-0.194305 -0.024431 15.190000
-0.187521 -0.036469 15.190000
-0.180693 -0.048481 15.190000
-0.173837 -0.060477 15.190000
-0.166960 -0.072462 15.190000
-0.160067 -0.084437 15.190000
-0.153158 -0.096403 15.190000
-0.146234 -0.108361 15.190000
-0.139293 -0.120308 15.190000
-0.132332 -0.132244 15.190000
-0.125344 -0.144164 15.190000
-0.118310 -0.156057 15.190000
-0.111177 -0.167891 15.190000
-0.103605 -0.179449 15.190000
-0.089809 -0.180228 15.190000
-0.075994 -0.180488 15.190000
-0.062178 -0.180633 15.190000
-0.048361 -0.180725 15.190000
-0.034543 -0.180785 15.190000
-0.020726 -0.180823 15.190000
-0.006909 -0.180840 15.190000
0.006909 -0.180840 15.190000
0.020726 -0.180823 15.190000
0.034543 -0.180785 15.190000
0.048361 -0.180725 15.190000
0.062178 -0.180633 15.190000
0.075994 -0.180488 15.190000
0.089809 -0.180228 15.190000
0.103605 -0.179449 15.190000
0.111177 -0.167891 15.190000
0.118310 -0.156057 15.190000
0.125344 -0.144164 15.190000
0.132332 -0.132244 15.190000
0.139293 -0.120308 15.190000
0.146234 -0.108361 15.190000
0.153158 -0.096403 15.190000
0.160067 -0.084437 15.190000
0.166960 -0.072462 15.190000
0.173837 -0.060477 15.190000
0.180693 -0.048481 15.190000
0.187521 -0.036469 15.190000
0.194305 -0.024431 15.190000
0.200986 -0.012337 15.190000
0.207209 0.000000 15.190000

