0.342033 0.000000 37.020000
0.331637 0.020299 37.020000
0.320553 0.040231 37.020000
0.309319 0.060079 37.020000
0.298019 0.079890 37.020000
0.286681 0.099678 37.020000
0.275316 0.119452 37.020000
0.263931 0.139213 37.020000
0.252527 0.158964 37.020000
0.241106 0.178705 37.020000
0.229665 0.198434 37.020000
0.218196 0.218147 37.020000
0.206690 0.237838 37.020000
0.195118 0.257491 37.020000
0.183398 0.277056 37.020000
0.171017 0.296209 37.020000
0.148239 0.297356 37.020000
0.125435 0.297722 37.020000
0.102629 0.297918 37.020000
0.079823 0.298037 37.020000
0.057017 0.298112 37.020000
0.034210 0.298157 37.020000
0.011403 0.298177 37.020000
-0.011403 0.298177 37.020000
-0.034210 0.298157 37.020000
-0.057017 0.298112 37.020000
-0.079823 0.298037 37.020000
-0.102629 0.297918 37.020000
-0.125435 0.297722 37.020000
-0.148239 0.297356 37.020000
-0.171017 0.296209 37.020000
-0.183398 0.277056 37.020000
-0.195118 0.257491 37.020000
-0.206690 0.237838 37.020000
-0.218196 0.218147 37.020000
-0.229665 0.198434 37.020000
-0.241106 0.178705 37.020000
-0.252527 0.158964 37.020000
-0.263931 0.139213 37.020000
-0.275316 0.119452 37.020000
-0.286681 0.099678 37.020000
-0.298019 0.079890 37.020000
-0.309319 0.060079 37.020000
-0.320553 0.040231 37.020000
-0.331637 0.020299 37.020000
-0.342033 0.000000 37.020000
-0.331637 -0.020299 37.020000
-0.320553 -0.040231 37.020000
-0.309319 -0.060079 37.020000
-0.298019 -0.079890 37.020000
-0.286681 -0.099678 37.020000
-0.275316 -0.119452 37.020000
-0.263931 -0.139213 37.020000
-0.252527 -0.158964 37.020000
-0.241106 -0.178705 37.020000
-0.229665 -0.198434 37.020000
-0.218196 -0.218147 37.020000
-0.206690 -0.237838 37.020000
-0.195118 -0.257491 37.020000
-0.183398 -0.277056 37.020000
-0.171017 -0.296209 37.020000
-0.148239 -0.297356 37.020000
-0.125435 -0.297722 37.020000
-0.102629 -0.297918 37.020000
-0.079823 -0.298037 37.020000
-0.057017 -0.298112 37.020000
-0.034210 -0.298157 37.020000
-0.011403 -0.298177 37.020000
0.011403 -0.298177 37.020000
0.034210 -0.298157 37.020000
0.057017 -0.298112 37.020000
0.079823 -0.298037 37.020000
0.102629 -0.297918 37.020000
0.125435 -0.297722 37.020000
0.148239 -0.297356 37.020000
0.171017 -0.296209 37.020000
0.183398 -0.277056 37.020000
0.195118 -0.257491 37.020000
0.206690 -0.237838 37.020000
0.218196 -0.218147 37.020000
0.229665 -0.198434 37.020000
0.241106 -0.178705 37.020000
0.252527 -0.158964 37.020000
0.263931 -0.139213 37.020000
0.275316 -0.119452 37.020000
0.286681 -0.099678 37.020000
0.298019 -0.079890 37.020000
0.309319 -0.060079 37.020000
0.320553 -0.040231 37.020000
0.331637 -0.020299 37.020000
0.342033 0.000000 37.020000

