0.206327 0.000000 15.070000
0.200131 0.012284 15.070000
0.193478 0.024328 15.070000
0.186724 0.036314 15.070000
0.179925 0.048275 15.070000
0.173098 0.060220 15.070000
0.166250 0.072154 15.070000
0.159386 0.084078 15.070000
0.152507 0.095994 15.070000
0.145613 0.107900 15.070000
0.138701 0.119797 15.070000
0.131770 0.131682 15.070000
0.124811 0.143551 15.070000
0.117807 0.155393 15.070000
0.110704 0.167177 15.070000
0.103164 0.178685 15.070000
0.089427 0.179461 15.070000
0.075671 0.179721 15.070000
0.061913 0.179865 15.070000
0.048155 0.179957 15.070000
0.034396 0.180017 15.070000
0.020638 0.180054 15.070000
0.006879 0.180072 15.070000
-0.006879 0.180072 15.070000
-0.020638 0.180054 15.070000
-0.034396 0.180017 15.070000
-0.048155 0.179957 15.070000
-0.061913 0.179865 15.070000
-0.075671 0.179721 15.070000
-0.089427 0.179461 15.070000
-0.103164 0.178685 15.070000
-0.110704 0.167177 15.070000
-0.117807 0.155393 15.070000
-0.124811 0.143551 15.070000
-0.131770 0.131682 15.070000
-0.138701 0.119797 15.070000
-0.145613 0.107900 15.070000
-0.152507 0.095994 15.070000
-0.159386 0.084078 15.070000
-0.166250 0.072154 15.070000
-0.173098 0.060220 15.070000
-0.179925 0.048275 15.070000
-0.186724 0.036314 15.070000
-0.193478 0.024328 15.070000
-0.200131 0.012284 15.070000
-0.206327 0.000000 15.070000
-0.200131 -0.012284 15.070000
-0.193478 -0.024328 15.070000
-0.186724 -0.036314 15.070000
-0.179925 -0.048275 15.070000
-0.173098 -0.060220 15.070000
-0.166250 -0.072154 15.070000
-0.159386 -0.084078 15.070000
-0.152507 -0.095994 15.070000
-0.145613 -0.107900 15.070000
-0.138701 -0.119797 15.070000
-0.131770 -0.131682 15.070000
-0.124811 -0.143551 15.070000
-0.117807 -0.155393 15.070000
-0.110704 -0.167177 15.070000
-0.103164 -0.178685 15.070000
-0.089427 -0.179461 15.070000
-0.075671 -0.179721 15.070000
-0.061913 -0.179865 15.070000
-0.048155 -0.179957 15.070000
-0.034396 -0.180017 15.070000
-0.020638 -0.180054 15.070000
-0.006879 -0.180072 15.070000
0.006879 -0.180072 15.070000
0.020638 -0.180054 15.070000
0.034396 -0.180017 15.070000
0.048155 -0.179957 15.070000
0.061913 -0.179865 15.070000
0.075671 -0.179721 15.070000
0.089427 -0.179461 15.070000
0.103164 -0.178685 15.070000
0.110704 -0.167177 15.070000
0.117807 -0.155393 15.070000
0.124811 -0.143551 15.070000
0.131770 -0.131682 15.070000
0.138701 -0.119797 15.070000
0.145613 -0.107900 15.070000
0.152507 -0.095994 15.070000
0.159386 -0.084078 15.070000
0.166250 -0.072154 15.070000
0.173098 -0.060220 15.070000
0.179925 -0.048275 15.070000
0.186724 -0.036314 15.070000
0.193478 -0.024328 15.070000
0.200131 -0.012284 15.070000
0.206327 0.000000 15.070000

