0.108590 -0.000000 3.970000
0.105363 0.006483 3.970000
0.101875 0.012829 3.970000
0.098329 0.019143 3.970000
0.094756 0.025442 3.970000
0.091167 0.031731 3.970000
0.087566 0.038014 3.970000
0.083955 0.044290 3.970000
0.080334 0.050562 3.970000
0.076704 0.056828 3.970000
0.073064 0.063088 3.970000
0.069411 0.069341 3.970000
0.065742 0.075584 3.970000
0.062048 0.081812 3.970000
0.058295 0.088005 3.970000
0.054295 0.094042 3.970000
0.047067 0.094488 3.970000
0.039827 0.094641 3.970000
0.032586 0.094727 3.970000
0.025345 0.094782 3.970000
0.018104 0.094819 3.970000
0.010862 0.094841 3.970000
0.003621 0.094852 3.970000
-0.003621 0.094852 3.970000
-0.010862 0.094841 3.970000
-0.018104 0.094819 3.970000
-0.025345 0.094782 3.970000
-0.032586 0.094727 3.970000
-0.039827 0.094641 3.970000
-0.047067 0.094488 3.970000
-0.054295 0.094042 3.970000
-0.058295 0.088005 3.970000
-0.062048 0.081812 3.970000
-0.065742 0.075584 3.970000
-0.069411 0.069341 3.970000
-0.073064 0.063088 3.970000
-0.076704 0.056828 3.970000
-0.080334 0.050562 3.970000
-0.083955 0.044290 3.970000
-0.087566 0.038014 3.970000
-0.091167 0.031731 3.970000
-0.094756 0.025442 3.970000
-0.098329 0.019143 3.970000
-0.101875 0.012829 3.970000
-0.105363 0.006483 3.970000
-0.108590 -0.000000 3.970000
-0.105363 -0.006483 3.970000
-0.101875 -0.012829 3.970000
-0.098329 -0.019143 3.970000
-0.094756 -0.025442 3.970000
-0.091167 -0.031731 3.970000
-0.087566 -0.038014 3.970000
-0.083955 -0.044290 3.970000
-0.080334 -0.050562 3.970000
-0.076704 -0.056828 3.970000
-0.073064 -0.063088 3.970000
-0.069411 -0.069341 3.970000
-0.065742 -0.075584 3.970000
-0.062048 -0.081812 3.970000
-0.058295 -0.088005 3.970000
-0.054295 -0.094042 3.970000
-0.047067 -0.094488 3.970000
-0.039827 -0.094641 3.970000
-0.032586 -0.094727 3.970000
-0.025345 -0.094782 3.970000
-0.018104 -0.094819 3.970000
-0.010862 -0.094841 3.970000
-0.003621 -0.094852 3.970000
0.003621 -0.094852 3.970000
0.010862 -0.094841 3.970000
0.018104 -0.094819 3.970000
0.025345 -0.094782 3.970000
0.032586 -0.094727 3.970000
0.039827 -0.094641 3.970000
0.047067 -0.094488 3.970000
0.054295 -0.094042 3.970000
0.058295 -0.088005 3.970000
0.062048 -0.081812 3.970000
0.065742 -0.075584 3.970000
0.069411 -0.069341 3.970000
0.073064 -0.063088 3.970000
0.076704 -0.056828 3.970000
0.080334 -0.050562 3.970000
0.083955 -0.044290 3.970000
0.087566 -0.038014 3.970000
0.091167 -0.031731 3.970000
0.094756 -0.025442 3.970000
0.098329 -0.019143 3.970000
0.101875 -0.012829 3.970000
0.105363 -0.006483 3.970000
0.108590 -0.000000 3.970000

