0.273201 0.000000 25.050000
0.264945 0.016239 25.050000
0.256113 0.032172 25.050000
0.247155 0.048035 25.050000
0.238141 0.063866 25.050000
0.229093 0.079678 25.050000
0.220021 0.095476 25.050000
0.210930 0.111263 25.050000
0.201822 0.127040 25.050000
0.192695 0.142806 25.050000
0.183550 0.158562 25.050000
0.174380 0.174303 25.050000
0.165177 0.190025 25.050000
0.155919 0.205714 25.050000
0.146536 0.221330 25.050000
0.136601 0.236599 25.050000
0.118409 0.237569 25.050000
0.100194 0.237887 25.050000
0.081978 0.238060 25.050000
0.063761 0.238169 25.050000
0.045543 0.238240 25.050000
0.027326 0.238282 25.050000
0.009109 0.238302 25.050000
-0.009109 0.238302 25.050000
-0.027326 0.238282 25.050000
-0.045543 0.238240 25.050000
-0.063761 0.238169 25.050000
-0.081978 0.238060 25.050000
-0.100194 0.237887 25.050000
-0.118409 0.237569 25.050000
-0.136601 0.236599 25.050000
-0.146536 0.221330 25.050000
-0.155919 0.205714 25.050000
-0.165177 0.190025 25.050000
-0.174380 0.174303 25.050000
-0.183550 0.158562 25.050000
-0.192695 0.142806 25.050000
-0.201822 0.127040 25.050000
-0.210930 0.111263 25.050000
-0.220021 0.095476 25.050000
-0.229093 0.079678 25.050000
-0.238141 0.063866 25.050000
-0.247155 0.048035 25.050000
-0.256113 0.032172 25.050000
-0.264945 0.016239 25.050000
-0.273201 0.000000 25.050000
-0.264945 -0.016239 25.050000
-0.256113 -0.032172 25.050000
-0.247155 -0.048035 25.050000
-0.238141 -0.063866 25.050000
-0.229093 -0.079678 25.050000
-0.220021 -0.095476 25.050000
-0.210930 -0.111263 25.050000
-0.201822 -0.127040 25.050000
-0.192695 -0.142806 25.050000
-0.183550 -0.158562 25.050000
-0.174380 -0.174303 25.050000
-0.165177 -0.190025 25.050000
-0.155919 -0.205714 25.050000
-0.146536 -0.221330 25.050000
-0.136601 -0.236599 25.050000
-0.118409 -0.237569 25.050000
-0.100194 -0.237887 25.050000
-0.081978 -0.238060 25.050000
-0.063761 -0.238169 25.050000
-0.045543 -0.238240 25.050000
-0.027326 -0.238282 25.050000
-0.009109 -0.238302 25.050000
0.009109 -0.238302 25.050000
0.027326 -0.238282 25.050000
0.045543 -0.238240 25.050000
0.063761 -0.238169 25.050000
0.081978 -0.238060 25.050000
0.100194 -0.237887 25.050000
0.118409 -0.237569 25.050000
0.136601 -0.236599 25.050000
0.146536 -0.221330 25.050000
0.155919 -0.205714 25.050000
0.165177 -0.190025 25.050000
0.174380 -0.174303 25.050000
0.183550 -0.158562 25.050000
0.192695 -0.142806 25.050000
0.201822 -0.127040 25.050000
0.210930 -0.111263 25.050000
0.220021 -0.095476 25.050000
0.229093 -0.079678 25.050000
0.238141 -0.063866 25.050000
0.247155 -0.048035 25.050000
0.256113 -0.032172 25.050000
0.264945 -0.016239 25.050000
0.273201 0.000000 25.050000

