0.159537 -0.000000 9.190000
0.154769 0.009510 9.190000
0.149634 0.018828 9.190000
0.144418 0.028100 9.190000
0.139165 0.037351 9.190000
0.133889 0.046590 9.190000
0.128596 0.055818 9.190000
0.123290 0.065039 9.190000
0.117971 0.074253 9.190000
0.112638 0.083458 9.190000
0.107292 0.092656 9.190000
0.101929 0.101844 9.190000
0.096544 0.111019 9.190000
0.091123 0.120173 9.190000
0.085621 0.129279 9.190000
0.079768 0.138163 9.190000
0.069148 0.138789 9.190000
0.058512 0.139001 9.190000
0.047874 0.139119 9.190000
0.037235 0.139196 9.190000
0.026597 0.139246 9.190000
0.015958 0.139277 9.190000
0.005319 0.139292 9.190000
-0.005319 0.139292 9.190000
-0.015958 0.139277 9.190000
-0.026597 0.139246 9.190000
-0.037235 0.139196 9.190000
-0.047874 0.139119 9.190000
-0.058512 0.139001 9.190000
-0.069148 0.138789 9.190000
-0.079768 0.138163 9.190000
-0.085621 0.129279 9.190000
-0.091123 0.120173 9.190000
-0.096544 0.111019 9.190000
-0.101929 0.101844 9.190000
-0.107292 0.092656 9.190000
-0.112638 0.083458 9.190000
-0.117971 0.074253 9.190000
-0.123290 0.065039 9.190000
-0.128596 0.055818 9.190000
-0.133889 0.046590 9.190000
-0.139165 0.037351 9.190000
-0.144418 0.028100 9.190000
-0.149634 0.018828 9.190000
-0.154769 0.009510 9.190000
-0.159537 -0.000000 9.190000
-0.154769 -0.009510 9.190000
-0.149634 -0.018828 9.190000
-0.144418 -0.028100 9.190000
-0.139165 -0.037351 9.190000
-0.133889 -0.046590 9.190000
-0.128596 -0.055818 9.190000
-0.123290 -0.065039 9.190000
-0.117971 -0.074253 9.190000
-0.112638 -0.083458 9.190000
-0.107292 -0.092656 9.190000
-0.101929 -0.101844 9.190000
-0.096544 -0.111019 9.190000
-0.091123 -0.120173 9.190000
-0.085621 -0.129279 9.190000
-0.079768 -0.138163 9.190000
-0.069148 -0.138789 9.190000
-0.058512 -0.139001 9.190000
-0.047874 -0.139119 9.190000
-0.037235 -0.139196 9.190000
-0.026597 -0.139246 9.190000
-0.015958 -0.139277 9.190000
-0.005319 -0.139292 9.190000
0.005319 -0.139292 9.190000
0.015958 -0.139277 9.190000
0.026597 -0.139246 9.190000
0.037235 -0.139196 9.190000
0.047874 -0.139119 9.190000
0.058512 -0.139001 9.190000
0.069148 -0.138789 9.190000
0.079768 -0.138163 9.190000
0.085621 -0.129279 9.190000
0.091123 -0.120173 9.190000
0.096544 -0.111019 9.190000
0.101929 -0.101844 9.190000
0.107292 -0.092656 9.190000
0.112638 -0.083458 9.190000
0.117971 -0.074253 9.190000
0.123290 -0.065039 9.190000
0.128596 -0.055818 9.190000
0.133889 -0.046590 9.190000
0.139165 -0.037351 9.190000
0.144418 -0.028100 9.190000
0.149634 -0.018828 9.190000
0.154769 -0.009510 9.190000
0.159537 -0.000000 9.190000

