0.289515 0.000000 27.740000
0.280753 0.017202 27.740000
0.271388 0.034084 27.740000
0.261891 0.050891 27.740000
0.252336 0.067666 27.740000
0.242746 0.084421 27.740000
0.233131 0.101161 27.740000
0.223496 0.117890 27.740000
0.213844 0.134608 27.740000
0.204173 0.151317 27.740000
0.194483 0.168014 27.740000
0.184768 0.184697 27.740000
0.175019 0.201359 27.740000
0.165212 0.217987 27.740000
0.155274 0.234538 27.740000
0.144757 0.250727 27.740000
0.125479 0.251740 27.740000
0.106177 0.252071 27.740000
0.086872 0.252250 27.740000
0.067568 0.252362 27.740000
0.048263 0.252434 27.740000
0.028958 0.252478 27.740000
0.009653 0.252498 27.740000
-0.009653 0.252498 27.740000
-0.028958 0.252478 27.740000
-0.048263 0.252434 27.740000
-0.067568 0.252362 27.740000
-0.086872 0.252250 27.740000
-0.106177 0.252071 27.740000
-0.125479 0.251740 27.740000
-0.144757 0.250727 27.740000
-0.155274 0.234538 27.740000
-0.165212 0.217987 27.740000
-0.175019 0.201359 27.740000
-0.184768 0.184697 27.740000
-0.194483 0.168014 27.740000
-0.204173 0.151317 27.740000
-0.213844 0.134608 27.740000
-0.223496 0.117890 27.740000
-0.233131 0.101161 27.740000
-0.242746 0.084421 27.740000
-0.252336 0.067666 27.740000
-0.261891 0.050891 27.740000
-0.271388 0.034084 27.740000
-0.280753 0.017202 27.740000
-0.289515 0.000000 27.740000
-0.280753 -0.017202 27.740000
-0.271388 -0.034084 27.740000
-0.261891 -0.050891 27.740000
-0.252336 -0.067666 27.740000
-0.242746 -0.084421 27.740000
-0.233131 -0.101161 27.740000
-0.223496 -0.117890 27.740000
-0.213844 -0.134608 27.740000
-0.204173 -0.151317 27.740000
-0.194483 -0.168014 27.740000
-0.184768 -0.184697 27.740000
-0.175019 -0.201359 27.740000
-0.165212 -0.217987 27.740000
-0.155274 -0.234538 27.740000
-0.144757 -0.250727 27.740000
-0.125479 -0.251740 27.740000
-0.106177 -0.252071 27.740000
-0.086872 -0.252250 27.740000
-0.067568 -0.252362 27.740000
-0.048263 -0.252434 27.740000
-0.028958 -0.252478 27.740000
-0.009653 -0.252498 27.740000
0.009653 -0.252498 27.740000
0.028958 -0.252478 27.740000
0.048263 -0.252434 27.740000
0.067568 -0.252362 27.740000
0.086872 -0.252250 27.740000
0.106177 -0.252071 27.740000
0.125479 -0.251740 27.740000
0.144757 -0.250727 27.740000
0.155274 -0.234538 27.740000
0.165212 -0.217987 27.740000
0.175019 -0.201359 27.740000
0.184768 -0.184697 27.740000
0.194483 -0.168014 27.740000
0.204173 -0.151317 27.740000
0.213844 -0.134608 27.740000
0.223496 -0.117890 27.740000
0.233131 -0.101161 27.740000
0.242746 -0.084421 27.740000
0.252336 -0.067666 27.740000
0.261891 -0.050891 27.740000
0.271388 -0.034084 27.740000
0.280753 -0.017202 27.740000
0.289515 0.000000 27.740000

