0.202998 0.000000 14.620000
0.196904 0.012087 14.620000
0.190359 0.023937 14.620000
0.183715 0.035730 14.620000
0.177025 0.047498 14.620000
0.170309 0.059251 14.620000
0.163572 0.070992 14.620000
0.156819 0.082724 14.620000
0.150051 0.094447 14.620000
0.143267 0.106162 14.620000
0.136467 0.117866 14.620000
0.129647 0.129559 14.620000
0.122800 0.141237 14.620000
0.115909 0.152888 14.620000
0.108920 0.164480 14.620000
0.101499 0.175802 14.620000
0.087984 0.176568 14.620000
0.074450 0.176824 14.620000
0.060914 0.176967 14.620000
0.047378 0.177058 14.620000
0.033841 0.177117 14.620000
0.020305 0.177154 14.620000
0.006768 0.177171 14.620000
-0.006768 0.177171 14.620000
-0.020305 0.177154 14.620000
-0.033841 0.177117 14.620000
-0.047378 0.177058 14.620000
-0.060914 0.176967 14.620000
-0.074450 0.176824 14.620000
-0.087984 0.176568 14.620000
-0.101499 0.175802 14.620000
-0.108920 0.164480 14.620000
-0.115909 0.152888 14.620000
-0.122800 0.141237 14.620000
-0.129647 0.129559 14.620000
-0.136467 0.117866 14.620000
-0.143267 0.106162 14.620000
-0.150051 0.094447 14.620000
-0.156819 0.082724 14.620000
-0.163572 0.070992 14.620000
-0.170309 0.059251 14.620000
-0.177025 0.047498 14.620000
-0.183715 0.035730 14.620000
-0.190359 0.023937 14.620000
-0.196904 0.012087 14.620000
-0.202998 0.000000 14.620000
-0.196904 -0.012087 14.620000
-0.190359 -0.023937 14.620000
-0.183715 -0.035730 14.620000
-0.177025 -0.047498 14.620000
-0.170309 -0.059251 14.620000
-0.163572 -0.070992 14.620000
-0.156819 -0.082724 14.620000
-0.150051 -0.094447 14.620000
-0.143267 -0.106162 14.620000
-0.136467 -0.117866 14.620000
-0.129647 -0.129559 14.620000
-0.122800 -0.141237 14.620000
-0.115909 -0.152888 14.620000
-0.108920 -0.164480 14.620000
-0.101499 -0.175802 14.620000
-0.087984 -0.176568 14.620000
-0.074450 -0.176824 14.620000
-0.060914 -0.176967 14.620000
-0.047378 -0.177058 14.620000
-0.033841 -0.177117 14.620000
-0.020305 -0.177154 14.620000
-0.006768 -0.177171 14.620000
0.006768 -0.177171 14.620000
0.020305 -0.177154 14.620000
0.033841 -0.177117 14.620000
0.047378 -0.177058 14.620000
0.060914 -0.176967 14.620000
0.074450 -0.176824 14.620000
0.087984 -0.176568 14.620000
0.101499 -0.175802 14.620000
0.108920 -0.164480 14.620000
0.115909 -0.152888 14.620000
0.122800 -0.141237 14.620000
0.129647 -0.129559 14.620000
0.136467 -0.117866 14.620000
0.143267 -0.106162 14.620000
0.150051 -0.094447 14.620000
0.156819 -0.082724 14.620000
0.163572 -0.070992 14.620000
0.170309 -0.059251 14.620000
0.177025 -0.047498 14.620000
0.183715 -0.035730 14.620000
0.190359 -0.023937 14.620000
0.196904 -0.012087 14.620000
0.202998 0.000000 14.620000

