0.383197 0.000000 44.910000
0.371513 0.022723 44.910000
0.359078 0.045044 44.910000
0.346480 0.067273 44.910000
0.333811 0.089462 44.910000
0.321100 0.111628 44.910000
0.308362 0.133777 44.910000
0.295603 0.155915 44.910000
0.282828 0.178043 44.910000
0.270035 0.200161 44.910000
0.257222 0.222267 44.910000
0.244382 0.244357 44.910000
0.231501 0.266424 44.910000
0.218548 0.288449 44.910000
0.205435 0.310378 44.910000
0.191599 0.331859 44.910000
0.166078 0.333101 44.910000
0.140530 0.333493 44.910000
0.114979 0.333697 44.910000
0.089429 0.333820 44.910000
0.063878 0.333895 44.910000
0.038327 0.333938 44.910000
0.012776 0.333957 44.910000
-0.012776 0.333957 44.910000
-0.038327 0.333938 44.910000
-0.063878 0.333895 44.910000
-0.089429 0.333820 44.910000
-0.114979 0.333697 44.910000
-0.140530 0.333493 44.910000
-0.166078 0.333101 44.910000
-0.191599 0.331859 44.910000
-0.205435 0.310378 44.910000
-0.218548 0.288449 44.910000
-0.231501 0.266424 44.910000
-0.244382 0.244357 44.910000
-0.257222 0.222267 44.910000
-0.270035 0.200161 44.910000
-0.282828 0.178043 44.910000
-0.295603 0.155915 44.910000
-0.308362 0.133777 44.910000
-0.321100 0.111628 44.910000
-0.333811 0.089462 44.910000
-0.346480 0.067273 44.910000
-0.359078 0.045044 44.910000
-0.371513 0.022723 44.910000
-0.383197 0.000000 44.910000
-0.371513 -0.022723 44.910000
-0.359078 -0.045044 44.910000
-0.346480 -0.067273 44.910000
-0.333811 -0.089462 44.910000
-0.321100 -0.111628 44.910000
-0.308362 -0.133777 44.910000
-0.295603 -0.155915 44.910000
-0.282828 -0.178043 44.910000
-0.270035 -0.200161 44.910000
-0.257222 -0.222267 44.910000
-0.244382 -0.244357 44.910000
-0.231501 -0.266424 44.910000
-0.218548 -0.288449 44.910000
-0.205435 -0.310378 44.910000
-0.191599 -0.331859 44.910000
-0.166078 -0.333101 44.910000
-0.140530 -0.333493 44.910000
-0.114979 -0.333697 44.910000
-0.089429 -0.333820 44.910000
-0.063878 -0.333895 44.910000
-0.038327 -0.333938 44.910000
-0.012776 -0.333957 44.910000
0.012776 -0.333957 44.910000
0.038327 -0.333938 44.910000
0.063878 -0.333895 44.910000
0.089429 -0.333820 44.910000
0.114979 -0.333697 44.910000
0.140530 -0.333493 44.910000
0.166078 -0.333101 44.910000
0.191599 -0.331859 44.910000
0.205435 -0.310378 44.910000
0.218548 -0.288449 44.910000
0.231501 -0.266424 44.910000
0.244382 -0.244357 44.910000
0.257222 -0.222267 44.910000
0.270035 -0.200161 44.910000
0.282828 -0.178043 44.910000
0.295603 -0.155915 44.910000
0.308362 -0.133777 44.910000
0.321100 -0.111628 44.910000
0.333811 -0.089462 44.910000
0.346480 -0.067273 44.910000
0.359078 -0.045044 44.910000
0.371513 -0.022723 44.910000
0.383197 0.000000 44.910000

