0.146403 -0.000000 7.720000
0.142034 0.008731 7.720000
0.137324 0.017283 7.720000
0.132539 0.025792 7.720000
0.127719 0.034283 7.720000
0.122879 0.042761 7.720000
0.118022 0.051230 7.720000
0.113153 0.059692 7.720000
0.108271 0.068147 7.720000
0.103378 0.076595 7.720000
0.098471 0.085035 7.720000
0.093549 0.093467 7.720000
0.088606 0.101886 7.720000
0.083629 0.110285 7.720000
0.078578 0.118639 7.720000
0.073201 0.126789 7.720000
0.063456 0.127370 7.720000
0.053695 0.127568 7.720000
0.043933 0.127678 7.720000
0.034170 0.127749 7.720000
0.024407 0.127796 7.720000
0.014644 0.127825 7.720000
0.004881 0.127839 7.720000
-0.004881 0.127839 7.720000
-0.014644 0.127825 7.720000
-0.024407 0.127796 7.720000
-0.034170 0.127749 7.720000
-0.043933 0.127678 7.720000
-0.053695 0.127568 7.720000
-0.063456 0.127370 7.720000
-0.073201 0.126789 7.720000
-0.078578 0.118639 7.720000
-0.083629 0.110285 7.720000
-0.088606 0.101886 7.720000
-0.093549 0.093467 7.720000
-0.098471 0.085035 7.720000
-0.103378 0.076595 7.720000
-0.108271 0.068147 7.720000
-0.113153 0.059692 7.720000
-0.118022 0.051230 7.720000
-0.122879 0.042761 7.720000
-0.127719 0.034283 7.720000
-0.132539 0.025792 7.720000
-0.137324 0.017283 7.720000
-0.142034 0.008731 7.720000
-0.146403 -0.000000 7.720000
-0.142034 -0.008731 7.720000
-0.137324 -0.017283 7.720000
-0.132539 -0.025792 7.720000
-0.127719 -0.034283 7.720000
-0.122879 -0.042761 7.720000
-0.118022 -0.051230 7.720000
-0.113153 -0.059692 7.720000
-0.108271 -0.068147 7.720000
-0.103378 -0.076595 7.720000
-0.098471 -0.085035 7.720000
-0.093549 -0.093467 7.720000
-0.088606 -0.101886 7.720000
-0.083629 -0.110285 7.720000
-0.078578 -0.118639 7.720000
-0.073201 -0.126789 7.720000
-0.063456 -0.127370 7.720000
-0.053695 -0.127568 7.720000
-0.043933 -0.127678 7.720000
-0.034170 -0.127749 7.720000
-0.024407 -0.127796 7.720000
-0.014644 -0.127825 7.720000
-0.004881 -0.127839 7.720000
0.004881 -0.127839 7.720000
0.014644 -0.127825 7.720000
0.024407 -0.127796 7.720000
0.034170 -0.127749 7.720000
0.043933 -0.127678 7.720000
0.053695 -0.127568 7.720000
0.063456 -0.127370 7.720000
0.073201 -0.126789 7.720000
0.078578 -0.118639 7.720000
0.083629 -0.110285 7.720000
0.088606 -0.101886 7.720000
0.093549 -0.093467 7.720000
0.098471 -0.085035 7.720000
0.103378 -0.076595 7.720000
0.108271 -0.068147 7.720000
0.113153 -0.059692 7.720000
0.118022 -0.051230 7.720000
0.122879 -0.042761 7.720000
0.127719 -0.034283 7.720000
0.132539 -0.025792 7.720000
0.137324 -0.017283 7.720000
0.142034 -0.008731 7.720000
0.146403 -0.000000 7.720000

