0.316989 0.000000 32.480000
0.307373 0.018823 32.480000
0.297110 0.037301 32.480000
0.286705 0.055699 32.480000
0.276237 0.074062 32.480000
0.265733 0.092404 32.480000
0.255203 0.110731 32.480000
0.244652 0.129047 32.480000
0.234084 0.147352 32.480000
0.223498 0.165646 32.480000
0.212891 0.183929 32.480000
0.202258 0.202197 32.480000
0.191589 0.220444 32.480000
0.180858 0.238654 32.480000
0.169988 0.256781 32.480000
0.158494 0.274520 32.480000
0.137385 0.275605 32.480000
0.116251 0.275955 32.480000
0.095115 0.276143 32.480000
0.073979 0.276260 32.480000
0.052842 0.276334 32.480000
0.031705 0.276378 32.480000
0.010568 0.276398 32.480000
-0.010568 0.276398 32.480000
-0.031705 0.276378 32.480000
-0.052842 0.276334 32.480000
-0.073979 0.276260 32.480000
-0.095115 0.276143 32.480000
-0.116251 0.275955 32.480000
-0.137385 0.275605 32.480000
-0.158494 0.274520 32.480000
-0.169988 0.256781 32.480000
-0.180858 0.238654 32.480000
-0.191589 0.220444 32.480000
-0.202258 0.202197 32.480000
-0.212891 0.183929 32.480000
-0.223498 0.165646 32.480000
-0.234084 0.147352 32.480000
-0.244652 0.129047 32.480000
-0.255203 0.110731 32.480000
-0.265733 0.092404 32.480000
-0.276237 0.074062 32.480000
-0.286705 0.055699 32.480000
-0.297110 0.037301 32.480000
-0.307373 0.018823 32.480000
-0.316989 0.000000 32.480000
-0.307373 -0.018823 32.480000
-0.297110 -0.037301 32.480000
-0.286705 -0.055699 32.480000
-0.276237 -0.074062 32.480000
-0.265733 -0.092404 32.480000
-0.255203 -0.110731 32.480000
-0.244652 -0.129047 32.480000
-0.234084 -0.147352 32.480000
-0.223498 -0.165646 32.480000
-0.212891 -0.183929 32.480000
-0.202258 -0.202197 32.480000
-0.191589 -0.220444 32.480000
-0.180858 -0.238654 32.480000
-0.169988 -0.256781 32.480000
-0.158494 -0.274520 32.480000
-0.137385 -0.275605 32.480000
-0.116251 -0.275955 32.480000
-0.095115 -0.276143 32.480000
-0.073979 -0.276260 32.480000
-0.052842 -0.276334 32.480000
-0.031705 -0.276378 32.480000
-0.010568 -0.276398 32.480000
0.010568 -0.276398 32.480000
0.031705 -0.276378 32.480000
0.052842 -0.276334 32.480000
0.073979 -0.276260 32.480000
0.095115 -0.276143 32.480000
0.116251 -0.275955 32.480000
0.137385 -0.275605 32.480000
0.158494 -0.274520 32.480000
0.169988 -0.256781 32.480000
0.180858 -0.238654 32.480000
0.191589 -0.220444 32.480000
0.202258 -0.202197 32.480000
0.212891 -0.183929 32.480000
0.223498 -0.165646 32.480000
0.234084 -0.147352 32.480000
0.244652 -0.129047 32.480000
0.255203 -0.110731 32.480000
0.265733 -0.092404 32.480000
0.276237 -0.074062 32.480000
0.286705 -0.055699 32.480000
0.297110 -0.037301 32.480000
0.307373 -0.018823 32.480000
0.316989 0.000000 32.480000

