0.194633 0.000000 13.510000
0.188795 0.011592 13.510000
0.182522 0.022954 13.510000
0.176152 0.034262 13.510000
0.169739 0.045546 13.510000
0.163300 0.056815 13.510000
0.156842 0.068073 13.510000
0.150367 0.079321 13.510000
0.143878 0.090561 13.510000
0.137374 0.101793 13.510000
0.130853 0.113015 13.510000
0.124314 0.124226 13.510000
0.117748 0.135421 13.510000
0.111139 0.146591 13.510000
0.104436 0.157705 13.510000
0.097316 0.168557 13.510000
0.084359 0.169297 13.510000
0.071382 0.169545 13.510000
0.058404 0.169683 13.510000
0.045426 0.169772 13.510000
0.032447 0.169830 13.510000
0.019468 0.169865 13.510000
0.006489 0.169882 13.510000
-0.006489 0.169882 13.510000
-0.019468 0.169865 13.510000
-0.032447 0.169830 13.510000
-0.045426 0.169772 13.510000
-0.058404 0.169683 13.510000
-0.071382 0.169545 13.510000
-0.084359 0.169297 13.510000
-0.097316 0.168557 13.510000
-0.104436 0.157705 13.510000
-0.111139 0.146591 13.510000
-0.117748 0.135421 13.510000
-0.124314 0.124226 13.510000
-0.130853 0.113015 13.510000
-0.137374 0.101793 13.510000
-0.143878 0.090561 13.510000
-0.150367 0.079321 13.510000
-0.156842 0.068073 13.510000
-0.163300 0.056815 13.510000
-0.169739 0.045546 13.510000
-0.176152 0.034262 13.510000
-0.182522 0.022954 13.510000
-0.188795 0.011592 13.510000
-0.194633 0.000000 13.510000
-0.188795 -0.011592 13.510000
-0.182522 -0.022954 13.510000
-0.176152 -0.034262 13.510000
-0.169739 -0.045546 13.510000
-0.163300 -0.056815 13.510000
-0.156842 -0.068073 13.510000
-0.150367 -0.079321 13.510000
-0.143878 -0.090561 13.510000
-0.137374 -0.101793 13.510000
-0.130853 -0.113015 13.510000
-0.124314 -0.124226 13.510000
-0.117748 -0.135421 13.510000
-0.111139 -0.146591 13.510000
-0.104436 -0.157705 13.510000
-0.097316 -0.168557 13.510000
-0.084359 -0.169297 13.510000
-0.071382 -0.169545 13.510000
-0.058404 -0.169683 13.510000
-0.045426 -0.169772 13.510000
-0.032447 -0.169830 13.510000
-0.019468 -0.169865 13.510000
-0.006489 -0.169882 13.510000
0.006489 -0.169882 13.510000
0.019468 -0.169865 13.510000
0.032447 -0.169830 13.510000
0.045426 -0.169772 13.510000
0.058404 -0.169683 13.510000
0.071382 -0.169545 13.510000
0.084359 -0.169297 13.510000
0.097316 -0.168557 13.510000
0.104436 -0.157705 13.510000
0.111139 -0.146591 13.510000
0.117748 -0.135421 13.510000
0.124314 -0.124226 13.510000
0.130853 -0.113015 13.510000
0.137374 -0.101793 13.510000
0.143878 -0.090561 13.510000
0.150367 -0.079321 13.510000
0.156842 -0.068073 13.510000
0.163300 -0.056815 13.510000
0.169739 -0.045546 13.510000
0.176152 -0.034262 13.510000
0.182522 -0.022954 13.510000
0.188795 -0.011592 13.510000
0.194633 0.000000 13.510000

