0.326998 0.000000 34.270000
0.317071 0.019413 34.270000
0.306479 0.038472 34.270000
0.295743 0.057450 34.270000
0.284943 0.076392 34.270000
0.274106 0.095312 34.270000
0.263242 0.114217 34.270000
0.252358 0.133110 34.270000
0.241456 0.151993 34.270000
0.230536 0.170866 34.270000
0.219595 0.189727 34.270000
0.208629 0.208572 34.270000
0.197625 0.227396 34.270000
0.186558 0.246183 34.270000
0.175348 0.264885 34.270000
0.163499 0.283189 34.270000
0.141723 0.284298 34.270000
0.119922 0.284655 34.270000
0.098118 0.284846 34.270000
0.076315 0.284964 34.270000
0.054510 0.285039 34.270000
0.032706 0.285083 34.270000
0.010902 0.285104 34.270000
-0.010902 0.285104 34.270000
-0.032706 0.285083 34.270000
-0.054510 0.285039 34.270000
-0.076315 0.284964 34.270000
-0.098118 0.284846 34.270000
-0.119922 0.284655 34.270000
-0.141723 0.284298 34.270000
-0.163499 0.283189 34.270000
-0.175348 0.264885 34.270000
-0.186558 0.246183 34.270000
-0.197625 0.227396 34.270000
-0.208629 0.208572 34.270000
-0.219595 0.189727 34.270000
-0.230536 0.170866 34.270000
-0.241456 0.151993 34.270000
-0.252358 0.133110 34.270000
-0.263242 0.114217 34.270000
-0.274106 0.095312 34.270000
-0.284943 0.076392 34.270000
-0.295743 0.057450 34.270000
-0.306479 0.038472 34.270000
-0.317071 0.019413 34.270000
-0.326998 0.000000 34.270000
-0.317071 -0.019413 34.270000
-0.306479 -0.038472 34.270000
-0.295743 -0.057450 34.270000
-0.284943 -0.076392 34.270000
-0.274106 -0.095312 34.270000
-0.263242 -0.114217 34.270000
-0.252358 -0.133110 34.270000
-0.241456 -0.151993 34.270000
-0.230536 -0.170866 34.270000
-0.219595 -0.189727 34.270000
-0.208629 -0.208572 34.270000
-0.197625 -0.227396 34.270000
-0.186558 -0.246183 34.270000
-0.175348 -0.264885 34.270000
-0.163499 -0.283189 34.270000
-0.141723 -0.284298 34.270000
-0.119922 -0.284655 34.270000
-0.098118 -0.284846 34.270000
-0.076315 -0.284964 34.270000
-0.054510 -0.285039 34.270000
-0.032706 -0.285083 34.270000
-0.010902 -0.285104 34.270000
0.010902 -0.285104 34.270000
0.032706 -0.285083 34.270000
0.054510 -0.285039 34.270000
0.076315 -0.284964 34.270000
0.098118 -0.284846 34.270000
0.119922 -0.284655 34.270000
0.141723 -0.284298 34.270000
0.163499 -0.283189 34.270000
0.175348 -0.264885 34.270000
0.186558 -0.246183 34.270000
0.197625 -0.227396 34.270000
0.208629 -0.208572 34.270000
0.219595 -0.189727 34.270000
0.230536 -0.170866 34.270000
0.241456 -0.151993 34.270000
0.252358 -0.133110 34.270000
0.263242 -0.114217 34.270000
0.274106 -0.095312 34.270000
0.284943 -0.076392 34.270000
0.295743 -0.057450 34.270000
0.306479 -0.038472 34.270000
0.317071 -0.019413 34.270000
0.326998 0.000000 34.270000

