0.058377 -0.000000 0.220000
0.056652 0.003490 0.220000
0.054781 0.006904 0.220000
0.052876 0.010299 0.220000
0.050957 0.013687 0.220000
0.049029 0.017068 0.220000
0.047093 0.020446 0.220000
0.045152 0.023821 0.220000
0.043206 0.027193 0.220000
0.041254 0.030561 0.220000
0.039296 0.033926 0.220000
0.037332 0.037287 0.220000
0.035358 0.040643 0.220000
0.033369 0.043990 0.220000
0.031348 0.047317 0.220000
0.029189 0.050556 0.220000
0.025304 0.050807 0.220000
0.021411 0.050893 0.220000
0.017519 0.050942 0.220000
0.013626 0.050974 0.220000
0.009733 0.050994 0.220000
0.005840 0.051007 0.220000
0.001947 0.051014 0.220000
-0.001947 0.051014 0.220000
-0.005840 0.051007 0.220000
-0.009733 0.050994 0.220000
-0.013626 0.050974 0.220000
-0.017519 0.050942 0.220000
-0.021411 0.050893 0.220000
-0.025304 0.050807 0.220000
-0.029189 0.050556 0.220000
-0.031348 0.047317 0.220000
-0.033369 0.043990 0.220000
-0.035358 0.040643 0.220000
-0.037332 0.037287 0.220000
-0.039296 0.033926 0.220000
-0.041254 0.030561 0.220000
-0.043206 0.027193 0.220000
-0.045152 0.023821 0.220000
-0.047093 0.020446 0.220000
-0.049029 0.017068 0.220000
-0.050957 0.013687 0.220000
-0.052876 0.010299 0.220000
-0.054781 0.006904 0.220000
-0.056652 0.003490 0.220000
-0.058377 -0.000000 0.220000
-0.056652 -0.003490 0.220000
-0.054781 -0.006904 0.220000
-0.052876 -0.010299 0.220000
-0.050957 -0.013687 0.220000
-0.049029 -0.017068 0.220000
-0.047093 -0.020446 0.220000
-0.045152 -0.023821 0.220000
-0.043206 -0.027193 0.220000
-0.041254 -0.030561 0.220000
-0.039296 -0.033926 0.220000
-0.037332 -0.037287 0.220000
-0.035358 -0.040643 0.220000
-0.033369 -0.043990 0.220000
-0.031348 -0.047317 0.220000
-0.029189 -0.050556 0.220000
-0.025304 -0.050807 0.220000
-0.021411 -0.050893 0.220000
-0.017519 -0.050942 0.220000
-0.013626 -0.050974 0.220000
-0.009733 -0.050994 0.220000
-0.005840 -0.051007 0.220000
-0.001947 -0.051014 0.220000
0.001947 -0.051014 0.220000
0.005840 -0.051007 0.220000
0.009733 -0.050994 0.220000
0.013626 -0.050974 0.220000
0.017519 -0.050942 0.220000
0.021411 -0.050893 0.220000
0.025304 -0.050807 0.220000
0.029189 -0.050556 0.220000
0.031348 -0.047317 0.220000
0.033369 -0.043990 0.220000
0.035358 -0.040643 0.220000
0.037332 -0.037287 0.220000
0.039296 -0.033926 0.220000
0.041254 -0.030561 0.220000
0.043206 -0.027193 0.220000
0.045152 -0.023821 0.220000
0.047093 -0.020446 0.220000
0.049029 -0.017068 0.220000
0.050957 -0.013687 0.220000
0.052876 -0.010299 0.220000
0.054781 -0.006904 0.220000
0.056652 -0.003490 0.220000
0.058377 -0.000000 0.220000

