0.402827 0.000000 48.850000
0.390526 0.023878 48.850000
0.377446 0.047337 48.850000
0.364197 0.070702 48.850000
0.350873 0.094024 48.850000
0.337508 0.117323 48.850000
0.324114 0.140605 48.850000
0.310700 0.163875 48.850000
0.297270 0.187137 48.850000
0.283824 0.210389 48.850000
0.270358 0.233629 48.850000
0.256864 0.256853 48.850000
0.243328 0.280053 48.850000
0.229718 0.303209 48.850000
0.215942 0.326267 48.850000
0.201413 0.348858 48.850000
0.174584 0.350144 48.850000
0.147728 0.350546 48.850000
0.120869 0.350755 48.850000
0.094009 0.350877 48.850000
0.067149 0.350951 48.850000
0.040290 0.350993 48.850000
0.013430 0.351012 48.850000
-0.013430 0.351012 48.850000
-0.040290 0.350993 48.850000
-0.067149 0.350951 48.850000
-0.094009 0.350877 48.850000
-0.120869 0.350755 48.850000
-0.147728 0.350546 48.850000
-0.174584 0.350144 48.850000
-0.201413 0.348858 48.850000
-0.215942 0.326267 48.850000
-0.229718 0.303209 48.850000
-0.243328 0.280053 48.850000
-0.256864 0.256853 48.850000
-0.270358 0.233629 48.850000
-0.283824 0.210389 48.850000
-0.297270 0.187137 48.850000
-0.310700 0.163875 48.850000
-0.324114 0.140605 48.850000
-0.337508 0.117323 48.850000
-0.350873 0.094024 48.850000
-0.364197 0.070702 48.850000
-0.377446 0.047337 48.850000
-0.390526 0.023878 48.850000
-0.402827 0.000000 48.850000
-0.390526 -0.023878 48.850000
-0.377446 -0.047337 48.850000
-0.364197 -0.070702 48.850000
-0.350873 -0.094024 48.850000
-0.337508 -0.117323 48.850000
-0.324114 -0.140605 48.850000
-0.310700 -0.163875 48.850000
-0.297270 -0.187137 48.850000
-0.283824 -0.210389 48.850000
-0.270358 -0.233629 48.850000
-0.256864 -0.256853 48.850000
-0.243328 -0.280053 48.850000
-0.229718 -0.303209 48.850000
-0.215942 -0.326267 48.850000
-0.201413 -0.348858 48.850000
-0.174584 -0.350144 48.850000
-0.147728 -0.350546 48.850000
-0.120869 -0.350755 48.850000
-0.094009 -0.350877 48.850000
-0.067149 -0.350951 48.850000
-0.040290 -0.350993 48.850000
-0.013430 -0.351012 48.850000
0.013430 -0.351012 48.850000
0.040290 -0.350993 48.850000
0.067149 -0.350951 48.850000
0.094009 -0.350877 48.850000
0.120869 -0.350755 48.850000
0.147728 -0.350546 48.850000
0.174584 -0.350144 48.850000
0.201413 -0.348858 48.850000
0.215942 -0.326267 48.850000
0.229718 -0.303209 48.850000
0.243328 -0.280053 48.850000
0.256864 -0.256853 48.850000
0.270358 -0.233629 48.850000
0.283824 -0.210389 48.850000
0.297270 -0.187137 48.850000
0.310700 -0.163875 48.850000
0.324114 -0.140605 48.850000
0.337508 -0.117323 48.850000
0.350873 -0.094024 48.850000
0.364197 -0.070702 48.850000
0.377446 -0.047337 48.850000
0.390526 -0.023878 48.850000
0.402827 0.000000 48.850000

