0.230467 0.000000 18.470000
0.223530 0.013713 18.470000
0.216091 0.027161 18.470000
0.208542 0.040547 18.470000
0.200944 0.053906 18.470000
0.193316 0.067247 18.470000
0.185666 0.080576 18.470000
0.177998 0.093895 18.470000
0.170314 0.107204 18.470000
0.162614 0.120503 18.470000
0.154896 0.133793 18.470000
0.147156 0.147070 18.470000
0.139386 0.160329 18.470000
0.131568 0.173560 18.470000
0.123641 0.186726 18.470000
0.115233 0.199590 18.470000
0.099889 0.200439 18.470000
0.084523 0.200721 18.470000
0.069156 0.200877 18.470000
0.053788 0.200976 18.470000
0.038420 0.201040 18.470000
0.023052 0.201079 18.470000
0.007684 0.201098 18.470000
-0.007684 0.201098 18.470000
-0.023052 0.201079 18.470000
-0.038420 0.201040 18.470000
-0.053788 0.200976 18.470000
-0.069156 0.200877 18.470000
-0.084523 0.200721 18.470000
-0.099889 0.200439 18.470000
-0.115233 0.199590 18.470000
-0.123641 0.186726 18.470000
-0.131568 0.173560 18.470000
-0.139386 0.160329 18.470000
-0.147156 0.147070 18.470000
-0.154896 0.133793 18.470000
-0.162614 0.120503 18.470000
-0.170314 0.107204 18.470000
-0.177998 0.093895 18.470000
-0.185666 0.080576 18.470000
-0.193316 0.067247 18.470000
-0.200944 0.053906 18.470000
-0.208542 0.040547 18.470000
-0.216091 0.027161 18.470000
-0.223530 0.013713 18.470000
-0.230467 0.000000 18.470000
-0.223530 -0.013713 18.470000
-0.216091 -0.027161 18.470000
-0.208542 -0.040547 18.470000
-0.200944 -0.053906 18.470000
-0.193316 -0.067247 18.470000
-0.185666 -0.080576 18.470000
-0.177998 -0.093895 18.470000
-0.170314 -0.107204 18.470000
-0.162614 -0.120503 18.470000
-0.154896 -0.133793 18.470000
-0.147156 -0.147070 18.470000
-0.139386 -0.160329 18.470000
-0.131568 -0.173560 18.470000
-0.123641 -0.186726 18.470000
-0.115233 -0.199590 18.470000
-0.099889 -0.200439 18.470000
-0.084523 -0.200721 18.470000
-0.069156 -0.200877 18.470000
-0.053788 -0.200976 18.470000
-0.038420 -0.201040 18.470000
-0.023052 -0.201079 18.470000
-0.007684 -0.201098 18.470000
0.007684 -0.201098 18.470000
0.023052 -0.201079 18.470000
0.038420 -0.201040 18.470000
0.053788 -0.200976 18.470000
0.069156 -0.200877 18.470000
0.084523 -0.200721 18.470000
0.099889 -0.200439 18.470000
0.115233 -0.199590 18.470000
0.123641 -0.186726 18.470000
0.131568 -0.173560 18.470000
0.139386 -0.160329 18.470000
0.147156 -0.147070 18.470000
0.154896 -0.133793 18.470000
0.162614 -0.120503 18.470000
0.170314 -0.107204 18.470000
0.177998 -0.093895 18.470000
0.185666 -0.080576 18.470000
0.193316 -0.067247 18.470000
0.200944 -0.053906 18.470000
0.208542 -0.040547 18.470000
0.216091 -0.027161 18.470000
0.223530 -0.013713 18.470000
0.230467 0.000000 18.470000

