0.361517 0.000000 40.690000
0.350512 0.021447 40.690000
0.338788 0.042510 40.690000
0.326909 0.063485 40.690000
0.314962 0.084422 40.690000
0.302974 0.105335 40.690000
0.290959 0.126233 40.690000
0.278924 0.147119 40.690000
0.266871 0.167996 40.690000
0.254801 0.188862 40.690000
0.242710 0.209716 40.690000
0.230592 0.230554 40.690000
0.218434 0.251369 40.690000
0.206209 0.272145 40.690000
0.193829 0.292829 40.690000
0.180758 0.313083 40.690000
0.156682 0.314275 40.690000
0.132580 0.314654 40.690000
0.108475 0.314854 40.690000
0.084370 0.314976 40.690000
0.060264 0.315051 40.690000
0.036158 0.315095 40.690000
0.012053 0.315115 40.690000
-0.012053 0.315115 40.690000
-0.036158 0.315095 40.690000
-0.060264 0.315051 40.690000
-0.084370 0.314976 40.690000
-0.108475 0.314854 40.690000
-0.132580 0.314654 40.690000
-0.156682 0.314275 40.690000
-0.180758 0.313083 40.690000
-0.193829 0.292829 40.690000
-0.206209 0.272145 40.690000
-0.218434 0.251369 40.690000
-0.230592 0.230554 40.690000
-0.242710 0.209716 40.690000
-0.254801 0.188862 40.690000
-0.266871 0.167996 40.690000
-0.278924 0.147119 40.690000
-0.290959 0.126233 40.690000
-0.302974 0.105335 40.690000
-0.314962 0.084422 40.690000
-0.326909 0.063485 40.690000
-0.338788 0.042510 40.690000
-0.350512 0.021447 40.690000
-0.361517 0.000000 40.690000
-0.350512 -0.021447 40.690000
-0.338788 -0.042510 40.690000
-0.326909 -0.063485 40.690000
-0.314962 -0.084422 40.690000
-0.302974 -0.105335 40.690000
-0.290959 -0.126233 40.690000
-0.278924 -0.147119 40.690000
-0.266871 -0.167996 40.690000
-0.254801 -0.188862 40.690000
-0.242710 -0.209716 40.690000
-0.230592 -0.230554 40.690000
-0.218434 -0.251369 40.690000
-0.206209 -0.272145 40.690000
-0.193829 -0.292829 40.690000
-0.180758 -0.313083 40.690000
-0.156682 -0.314275 40.690000
-0.132580 -0.314654 40.690000
-0.108475 -0.314854 40.690000
-0.084370 -0.314976 40.690000
-0.060264 -0.315051 40.690000
-0.036158 -0.315095 40.690000
-0.012053 -0.315115 40.690000
0.012053 -0.315115 40.690000
0.036158 -0.315095 40.690000
0.060264 -0.315051 40.690000
0.084370 -0.314976 40.690000
0.108475 -0.314854 40.690000
0.132580 -0.314654 40.690000
0.156682 -0.314275 40.690000
0.180758 -0.313083 40.690000
0.193829 -0.292829 40.690000
0.206209 -0.272145 40.690000
0.218434 -0.251369 40.690000
0.230592 -0.230554 40.690000
0.242710 -0.209716 40.690000
0.254801 -0.188862 40.690000
0.266871 -0.167996 40.690000
0.278924 -0.147119 40.690000
0.290959 -0.126233 40.690000
0.302974 -0.105335 40.690000
0.314962 -0.084422 40.690000
0.326909 -0.063485 40.690000
0.338788 -0.042510 40.690000
0.350512 -0.021447 40.690000
0.361517 0.000000 40.690000

