0.388583 0.000000 45.980000
0.376730 0.023040 45.980000
0.364118 0.045673 45.980000
0.351341 0.068214 45.980000
0.338493 0.090714 45.980000
0.325602 0.113190 45.980000
0.312684 0.135651 45.980000
0.299746 0.158099 45.980000
0.286791 0.180538 45.980000
0.273819 0.202967 45.980000
0.260827 0.225385 45.980000
0.247807 0.247786 45.980000
0.234746 0.270163 45.980000
0.221613 0.292499 45.980000
0.208318 0.314738 45.980000
0.194292 0.336523 45.980000
0.168412 0.337778 45.980000
0.142505 0.338172 45.980000
0.116595 0.338378 45.980000
0.090685 0.338501 45.980000
0.064775 0.338575 45.980000
0.038865 0.338618 45.980000
0.012955 0.338637 45.980000
-0.012955 0.338637 45.980000
-0.038865 0.338618 45.980000
-0.064775 0.338575 45.980000
-0.090685 0.338501 45.980000
-0.116595 0.338378 45.980000
-0.142505 0.338172 45.980000
-0.168412 0.337778 45.980000
-0.194292 0.336523 45.980000
-0.208318 0.314738 45.980000
-0.221613 0.292499 45.980000
-0.234746 0.270163 45.980000
-0.247807 0.247786 45.980000
-0.260827 0.225385 45.980000
-0.273819 0.202967 45.980000
-0.286791 0.180538 45.980000
-0.299746 0.158099 45.980000
-0.312684 0.135651 45.980000
-0.325602 0.113190 45.980000
-0.338493 0.090714 45.980000
-0.351341 0.068214 45.980000
-0.364118 0.045673 45.980000
-0.376730 0.023040 45.980000
-0.388583 0.000000 45.980000
-0.376730 -0.023040 45.980000
-0.364118 -0.045673 45.980000
-0.351341 -0.068214 45.980000
-0.338493 -0.090714 45.980000
-0.325602 -0.113190 45.980000
-0.312684 -0.135651 45.980000
-0.299746 -0.158099 45.980000
-0.286791 -0.180538 45.980000
-0.273819 -0.202967 45.980000
-0.260827 -0.225385 45.980000
-0.247807 -0.247786 45.980000
-0.234746 -0.270163 45.980000
-0.221613 -0.292499 45.980000
-0.208318 -0.314738 45.980000
-0.194292 -0.336523 45.980000
-0.168412 -0.337778 45.980000
-0.142505 -0.338172 45.980000
-0.116595 -0.338378 45.980000
-0.090685 -0.338501 45.980000
-0.064775 -0.338575 45.980000
-0.038865 -0.338618 45.980000
-0.012955 -0.338637 45.980000
0.012955 -0.338637 45.980000
0.038865 -0.338618 45.980000
0.064775 -0.338575 45.980000
0.090685 -0.338501 45.980000
0.116595 -0.338378 45.980000
0.142505 -0.338172 45.980000
0.168412 -0.337778 45.980000
0.194292 -0.336523 45.980000
0.208318 -0.314738 45.980000
0.221613 -0.292499 45.980000
0.234746 -0.270163 45.980000
0.247807 -0.247786 45.980000
0.260827 -0.225385 45.980000
0.273819 -0.202967 45.980000
0.286791 -0.180538 45.980000
0.299746 -0.158099 45.980000
0.312684 -0.135651 45.980000
0.325602 -0.113190 45.980000
0.338493 -0.090714 45.980000
0.351341 -0.068214 45.980000
0.364118 -0.045673 45.980000
0.376730 -0.023040 45.980000
0.388583 0.000000 45.980000

