0.078761 -0.000000 1.560000
0.076428 0.004706 1.560000
0.073902 0.009311 1.560000
0.071332 0.013891 1.560000
0.068742 0.018461 1.560000
0.066139 0.023023 1.560000
0.063528 0.027580 1.560000
0.060909 0.032133 1.560000
0.058282 0.036682 1.560000
0.055649 0.041226 1.560000
0.053008 0.045767 1.560000
0.050358 0.050302 1.560000
0.047696 0.054829 1.560000
0.045014 0.059346 1.560000
0.042289 0.063836 1.560000
0.039381 0.068209 1.560000
0.034139 0.068542 1.560000
0.028888 0.068656 1.560000
0.023636 0.068721 1.560000
0.018383 0.068762 1.560000
0.013131 0.068790 1.560000
0.007879 0.068807 1.560000
0.002626 0.068815 1.560000
-0.002626 0.068815 1.560000
-0.007879 0.068807 1.560000
-0.013131 0.068790 1.560000
-0.018383 0.068762 1.560000
-0.023636 0.068721 1.560000
-0.028888 0.068656 1.560000
-0.034139 0.068542 1.560000
-0.039381 0.068209 1.560000
-0.042289 0.063836 1.560000
-0.045014 0.059346 1.560000
-0.047696 0.054829 1.560000
-0.050358 0.050302 1.560000
-0.053008 0.045767 1.560000
-0.055649 0.041226 1.560000
-0.058282 0.036682 1.560000
-0.060909 0.032133 1.560000
-0.063528 0.027580 1.560000
-0.066139 0.023023 1.560000
-0.068742 0.018461 1.560000
-0.071332 0.013891 1.560000
-0.073902 0.009311 1.560000
-0.076428 0.004706 1.560000
-0.078761 -0.000000 1.560000
-0.076428 -0.004706 1.560000
-0.073902 -0.009311 1.560000
-0.071332 -0.013891 1.560000
-0.068742 -0.018461 1.560000
-0.066139 -0.023023 1.560000
-0.063528 -0.027580 1.560000
-0.060909 -0.032133 1.560000
-0.058282 -0.036682 1.560000
-0.055649 -0.041226 1.560000
-0.053008 -0.045767 1.560000
-0.050358 -0.050302 1.560000
-0.047696 -0.054829 1.560000
-0.045014 -0.059346 1.560000
-0.042289 -0.063836 1.560000
-0.039381 -0.068209 1.560000
-0.034139 -0.068542 1.560000
-0.028888 -0.068656 1.560000
-0.023636 -0.068721 1.560000
-0.018383 -0.068762 1.560000
-0.013131 -0.068790 1.560000
-0.007879 -0.068807 1.560000
-0.002626 -0.068815 1.560000
0.002626 -0.068815 1.560000
0.007879 -0.068807 1.560000
0.013131 -0.068790 1.560000
0.018383 -0.068762 1.560000
0.023636 -0.068721 1.560000
0.028888 -0.068656 1.560000
0.034139 -0.068542 1.560000
0.039381 -0.068209 1.560000
0.042289 -0.063836 1.560000
0.045014 -0.059346 1.560000
0.047696 -0.054829 1.560000
0.050358 -0.050302 1.560000
0.053008 -0.045767 1.560000
0.055649 -0.041226 1.560000
0.058282 -0.036682 1.560000
0.060909 -0.032133 1.560000
0.063528 -0.027580 1.560000
0.066139 -0.023023 1.560000
0.068742 -0.018461 1.560000
0.071332 -0.013891 1.560000
0.073902 -0.009311 1.560000
0.076428 -0.004706 1.560000
0.078761 -0.000000 1.560000

