0.314443 0.000000 32.030000
0.304907 0.018673 32.030000
0.294726 0.037003 32.030000
0.284405 0.055254 32.030000
0.274023 0.073470 32.030000
0.263603 0.091665 32.030000
0.253158 0.109845 32.030000
0.242692 0.128013 32.030000
0.232209 0.146171 32.030000
0.221707 0.164319 32.030000
0.211185 0.182455 32.030000
0.200638 0.200576 32.030000
0.190054 0.218675 32.030000
0.179408 0.236739 32.030000
0.168625 0.254720 32.030000
0.157221 0.272315 32.030000
0.136282 0.273393 32.030000
0.115318 0.273742 32.030000
0.094352 0.273929 32.030000
0.073385 0.274045 32.030000
0.052418 0.274119 32.030000
0.031451 0.274163 32.030000
0.010484 0.274184 32.030000
-0.010484 0.274184 32.030000
-0.031451 0.274163 32.030000
-0.052418 0.274119 32.030000
-0.073385 0.274045 32.030000
-0.094352 0.273929 32.030000
-0.115318 0.273742 32.030000
-0.136282 0.273393 32.030000
-0.157221 0.272315 32.030000
-0.168625 0.254720 32.030000
-0.179408 0.236739 32.030000
-0.190054 0.218675 32.030000
-0.200638 0.200576 32.030000
-0.211185 0.182455 32.030000
-0.221707 0.164319 32.030000
-0.232209 0.146171 32.030000
-0.242692 0.128013 32.030000
-0.253158 0.109845 32.030000
-0.263603 0.091665 32.030000
-0.274023 0.073470 32.030000
-0.284405 0.055254 32.030000
-0.294726 0.037003 32.030000
-0.304907 0.018673 32.030000
-0.314443 0.000000 32.030000
-0.304907 -0.018673 32.030000
-0.294726 -0.037003 32.030000
-0.284405 -0.055254 32.030000
-0.274023 -0.073470 32.030000
-0.263603 -0.091665 32.030000
-0.253158 -0.109845 32.030000
-0.242692 -0.128013 32.030000
-0.232209 -0.146171 32.030000
-0.221707 -0.164319 32.030000
-0.211185 -0.182455 32.030000
-0.200638 -0.200576 32.030000
-0.190054 -0.218675 32.030000
-0.179408 -0.236739 32.030000
-0.168625 -0.254720 32.030000
-0.157221 -0.272315 32.030000
-0.136282 -0.273393 32.030000
-0.115318 -0.273742 32.030000
-0.094352 -0.273929 32.030000
-0.073385 -0.274045 32.030000
-0.052418 -0.274119 32.030000
-0.031451 -0.274163 32.030000
-0.010484 -0.274184 32.030000
0.010484 -0.274184 32.030000
0.031451 -0.274163 32.030000
0.052418 -0.274119 32.030000
0.073385 -0.274045 32.030000
0.094352 -0.273929 32.030000
0.115318 -0.273742 32.030000
0.136282 -0.273393 32.030000
0.157221 -0.272315 32.030000
0.168625 -0.254720 32.030000
0.179408 -0.236739 32.030000
0.190054 -0.218675 32.030000
0.200638 -0.200576 32.030000
0.211185 -0.182455 32.030000
0.221707 -0.164319 32.030000
0.232209 -0.146171 32.030000
0.242692 -0.128013 32.030000
0.253158 -0.109845 32.030000
0.263603 -0.091665 32.030000
0.274023 -0.073470 32.030000
0.284405 -0.055254 32.030000
0.294726 -0.037003 32.030000
0.304907 -0.018673 32.030000
0.314443 0.000000 32.030000

