0.404005 0.000000 49.090000
0.391667 0.023947 49.090000
0.378548 0.047475 49.090000
0.365260 0.070908 49.090000
0.351897 0.094298 49.090000
0.338492 0.117664 49.090000
0.325059 0.141015 49.090000
0.311606 0.164353 49.090000
0.298137 0.187682 49.090000
0.284652 0.211002 49.090000
0.271147 0.234311 49.090000
0.257613 0.257603 49.090000
0.244038 0.280871 49.090000
0.230389 0.304095 49.090000
0.216572 0.327220 49.090000
0.202002 0.349878 49.090000
0.175095 0.351167 49.090000
0.148160 0.351570 49.090000
0.121222 0.351778 49.090000
0.094284 0.351901 49.090000
0.067346 0.351975 49.090000
0.040407 0.352017 49.090000
0.013469 0.352036 49.090000
-0.013469 0.352036 49.090000
-0.040407 0.352017 49.090000
-0.067346 0.351975 49.090000
-0.094284 0.351901 49.090000
-0.121222 0.351778 49.090000
-0.148160 0.351570 49.090000
-0.175095 0.351167 49.090000
-0.202002 0.349878 49.090000
-0.216572 0.327220 49.090000
-0.230389 0.304095 49.090000
-0.244038 0.280871 49.090000
-0.257613 0.257603 49.090000
-0.271147 0.234311 49.090000
-0.284652 0.211002 49.090000
-0.298137 0.187682 49.090000
-0.311606 0.164353 49.090000
-0.325059 0.141015 49.090000
-0.338492 0.117664 49.090000
-0.351897 0.094298 49.090000
-0.365260 0.070908 49.090000
-0.378548 0.047475 49.090000
-0.391667 0.023947 49.090000
-0.404005 0.000000 49.090000
-0.391667 -0.023947 49.090000
-0.378548 -0.047475 49.090000
-0.365260 -0.070908 49.090000
-0.351897 -0.094298 49.090000
-0.338492 -0.117664 49.090000
-0.325059 -0.141015 49.090000
-0.311606 -0.164353 49.090000
-0.298137 -0.187682 49.090000
-0.284652 -0.211002 49.090000
-0.271147 -0.234311 49.090000
-0.257613 -0.257603 49.090000
-0.244038 -0.280871 49.090000
-0.230389 -0.304095 49.090000
-0.216572 -0.327220 49.090000
-0.202002 -0.349878 49.090000
-0.175095 -0.351167 49.090000
-0.148160 -0.351570 49.090000
-0.121222 -0.351778 49.090000
-0.094284 -0.351901 49.090000
-0.067346 -0.351975 49.090000
-0.040407 -0.352017 49.090000
-0.013469 -0.352036 49.090000
0.013469 -0.352036 49.090000
0.040407 -0.352017 49.090000
0.067346 -0.351975 49.090000
0.094284 -0.351901 49.090000
0.121222 -0.351778 49.090000
0.148160 -0.351570 49.090000
0.175095 -0.351167 49.090000
0.202002 -0.349878 49.090000
0.216572 -0.327220 49.090000
0.230389 -0.304095 49.090000
0.244038 -0.280871 49.090000
0.257613 -0.257603 49.090000
0.271147 -0.234311 49.090000
0.284652 -0.211002 49.090000
0.298137 -0.187682 49.090000
0.311606 -0.164353 49.090000
0.325059 -0.141015 49.090000
0.338492 -0.117664 49.090000
0.351897 -0.094298 49.090000
0.365260 -0.070908 49.090000
0.378548 -0.047475 49.090000
0.391667 -0.023947 49.090000
0.404005 0.000000 49.090000

