0.365268 0.000000 41.410000
0.354145 0.021668 41.410000
0.342299 0.042948 41.410000
0.330296 0.064141 41.410000
0.318223 0.085294 41.410000
0.306110 0.106424 41.410000
0.293970 0.127539 41.410000
0.281810 0.148641 41.410000
0.269632 0.169734 41.410000
0.257437 0.190817 41.410000
0.245221 0.211887 41.410000
0.232978 0.232942 41.410000
0.220695 0.253974 41.410000
0.208344 0.274965 41.410000
0.195837 0.295865 41.410000
0.182634 0.316331 41.410000
0.158308 0.317533 41.410000
0.133955 0.317914 41.410000
0.109600 0.318115 41.410000
0.085245 0.318236 41.410000
0.060889 0.318311 41.410000
0.036534 0.318355 41.410000
0.012178 0.318375 41.410000
-0.012178 0.318375 41.410000
-0.036534 0.318355 41.410000
-0.060889 0.318311 41.410000
-0.085245 0.318236 41.410000
-0.109600 0.318115 41.410000
-0.133955 0.317914 41.410000
-0.158308 0.317533 41.410000
-0.182634 0.316331 41.410000
-0.195837 0.295865 41.410000
-0.208344 0.274965 41.410000
-0.220695 0.253974 41.410000
-0.232978 0.232942 41.410000
-0.245221 0.211887 41.410000
-0.257437 0.190817 41.410000
-0.269632 0.169734 41.410000
-0.281810 0.148641 41.410000
-0.293970 0.127539 41.410000
-0.306110 0.106424 41.410000
-0.318223 0.085294 41.410000
-0.330296 0.064141 41.410000
-0.342299 0.042948 41.410000
-0.354145 0.021668 41.410000
-0.365268 0.000000 41.410000
-0.354145 -0.021668 41.410000
-0.342299 -0.042948 41.410000
-0.330296 -0.064141 41.410000
-0.318223 -0.085294 41.410000
-0.306110 -0.106424 41.410000
-0.293970 -0.127539 41.410000
-0.281810 -0.148641 41.410000
-0.269632 -0.169734 41.410000
-0.257437 -0.190817 41.410000
-0.245221 -0.211887 41.410000
-0.232978 -0.232942 41.410000
-0.220695 -0.253974 41.410000
-0.208344 -0.274965 41.410000
-0.195837 -0.295865 41.410000
-0.182634 -0.316331 41.410000
-0.158308 -0.317533 41.410000
-0.133955 -0.317914 41.410000
-0.109600 -0.318115 41.410000
-0.085245 -0.318236 41.410000
-0.060889 -0.318311 41.410000
-0.036534 -0.318355 41.410000
-0.012178 -0.318375 41.410000
0.012178 -0.318375 41.410000
0.036534 -0.318355 41.410000
0.060889 -0.318311 41.410000
0.085245 -0.318236 41.410000
0.109600 -0.318115 41.410000
0.133955 -0.317914 41.410000
0.158308 -0.317533 41.410000
0.182634 -0.316331 41.410000
0.195837 -0.295865 41.410000
0.208344 -0.274965 41.410000
0.220695 -0.253974 41.410000
0.232978 -0.232942 41.410000
0.245221 -0.211887 41.410000
0.257437 -0.190817 41.410000
0.269632 -0.169734 41.410000
0.281810 -0.148641 41.410000
0.293970 -0.127539 41.410000
0.306110 -0.106424 41.410000
0.318223 -0.085294 41.410000
0.330296 -0.064141 41.410000
0.342299 -0.042948 41.410000
0.354145 -0.021668 41.410000
0.365268 0.000000 41.410000

