0.223889 0.000000 17.520000
0.217154 0.013324 17.520000
0.209930 0.026389 17.520000
0.202597 0.039394 17.520000
0.195217 0.052372 17.520000
0.187807 0.065333 17.520000
0.180376 0.078281 17.520000
0.172927 0.091220 17.520000
0.165462 0.104149 17.520000
0.157982 0.117069 17.520000
0.150483 0.129979 17.520000
0.142964 0.142877 17.520000
0.135415 0.155757 17.520000
0.127819 0.168610 17.520000
0.120116 0.181399 17.520000
0.111944 0.193893 17.520000
0.097038 0.194723 17.520000
0.082111 0.194999 17.520000
0.067182 0.195151 17.520000
0.052253 0.195249 17.520000
0.037324 0.195312 17.520000
0.022394 0.195351 17.520000
0.007465 0.195369 17.520000
-0.007465 0.195369 17.520000
-0.022394 0.195351 17.520000
-0.037324 0.195312 17.520000
-0.052253 0.195249 17.520000
-0.067182 0.195151 17.520000
-0.082111 0.194999 17.520000
-0.097038 0.194723 17.520000
-0.111944 0.193893 17.520000
-0.120116 0.181399 17.520000
-0.127819 0.168610 17.520000
-0.135415 0.155757 17.520000
-0.142964 0.142877 17.520000
-0.150483 0.129979 17.520000
-0.157982 0.117069 17.520000
-0.165462 0.104149 17.520000
-0.172927 0.091220 17.520000
-0.180376 0.078281 17.520000
-0.187807 0.065333 17.520000
-0.195217 0.052372 17.520000
-0.202597 0.039394 17.520000
-0.209930 0.026389 17.520000
-0.217154 0.013324 17.520000
-0.223889 0.000000 17.520000
-0.217154 -0.013324 17.520000
-0.209930 -0.026389 17.520000
-0.202597 -0.039394 17.520000
-0.195217 -0.052372 17.520000
-0.187807 -0.065333 17.520000
-0.180376 -0.078281 17.520000
-0.172927 -0.091220 17.520000
-0.165462 -0.104149 17.520000
-0.157982 -0.117069 17.520000
-0.150483 -0.129979 17.520000
-0.142964 -0.142877 17.520000
-0.135415 -0.155757 17.520000
-0.127819 -0.168610 17.520000
-0.120116 -0.181399 17.520000
-0.111944 -0.193893 17.520000
-0.097038 -0.194723 17.520000
-0.082111 -0.194999 17.520000
-0.067182 -0.195151 17.520000
-0.052253 -0.195249 17.520000
-0.037324 -0.195312 17.520000
-0.022394 -0.195351 17.520000
-0.007465 -0.195369 17.520000
0.007465 -0.195369 17.520000
0.022394 -0.195351 17.520000
0.037324 -0.195312 17.520000
0.052253 -0.195249 17.520000
0.067182 -0.195151 17.520000
0.082111 -0.194999 17.520000
0.097038 -0.194723 17.520000
0.111944 -0.193893 17.520000
0.120116 -0.181399 17.520000
0.127819 -0.168610 17.520000
0.135415 -0.155757 17.520000
0.142964 -0.142877 17.520000
0.150483 -0.129979 17.520000
0.157982 -0.117069 17.520000
0.165462 -0.104149 17.520000
0.172927 -0.091220 17.520000
0.180376 -0.078281 17.520000
0.187807 -0.065333 17.520000
0.195217 -0.052372 17.520000
0.202597 -0.039394 17.520000
0.209930 -0.026389 17.520000
0.217154 -0.013324 17.520000
0.223889 0.000000 17.520000

