0.221012 0.000000 17.110000
0.214365 0.013154 17.110000
0.207235 0.026052 17.110000
0.199997 0.038890 17.110000
0.192712 0.051701 17.110000
0.185398 0.064495 17.110000
0.178062 0.077278 17.110000
0.170709 0.090050 17.110000
0.163340 0.102813 17.110000
0.155956 0.115568 17.110000
0.148554 0.128311 17.110000
0.141130 0.141043 17.110000
0.133678 0.153758 17.110000
0.126179 0.166445 17.110000
0.118574 0.179069 17.110000
0.110506 0.191402 17.110000
0.095791 0.192223 17.110000
0.081056 0.192496 17.110000
0.066319 0.192648 17.110000
0.051582 0.192744 17.110000
0.036844 0.192807 17.110000
0.022107 0.192845 17.110000
0.007369 0.192864 17.110000
-0.007369 0.192864 17.110000
-0.022107 0.192845 17.110000
-0.036844 0.192807 17.110000
-0.051582 0.192744 17.110000
-0.066319 0.192648 17.110000
-0.081056 0.192496 17.110000
-0.095791 0.192223 17.110000
-0.110506 0.191402 17.110000
-0.118574 0.179069 17.110000
-0.126179 0.166445 17.110000
-0.133678 0.153758 17.110000
-0.141130 0.141043 17.110000
-0.148554 0.128311 17.110000
-0.155956 0.115568 17.110000
-0.163340 0.102813 17.110000
-0.170709 0.090050 17.110000
-0.178062 0.077278 17.110000
-0.185398 0.064495 17.110000
-0.192712 0.051701 17.110000
-0.199997 0.038890 17.110000
-0.207235 0.026052 17.110000
-0.214365 0.013154 17.110000
-0.221012 0.000000 17.110000
-0.214365 -0.013154 17.110000
-0.207235 -0.026052 17.110000
-0.199997 -0.038890 17.110000
-0.192712 -0.051701 17.110000
-0.185398 -0.064495 17.110000
-0.178062 -0.077278 17.110000
-0.170709 -0.090050 17.110000
-0.163340 -0.102813 17.110000
-0.155956 -0.115568 17.110000
-0.148554 -0.128311 17.110000
-0.141130 -0.141043 17.110000
-0.133678 -0.153758 17.110000
-0.126179 -0.166445 17.110000
-0.118574 -0.179069 17.110000
-0.110506 -0.191402 17.110000
-0.095791 -0.192223 17.110000
-0.081056 -0.192496 17.110000
-0.066319 -0.192648 17.110000
-0.051582 -0.192744 17.110000
-0.036844 -0.192807 17.110000
-0.022107 -0.192845 17.110000
-0.007369 -0.192864 17.110000
0.007369 -0.192864 17.110000
0.022107 -0.192845 17.110000
0.036844 -0.192807 17.110000
0.051582 -0.192744 17.110000
0.066319 -0.192648 17.110000
0.081056 -0.192496 17.110000
0.095791 -0.192223 17.110000
0.110506 -0.191402 17.110000
0.118574 -0.179069 17.110000
0.126179 -0.166445 17.110000
0.133678 -0.153758 17.110000
0.141130 -0.141043 17.110000
0.148554 -0.128311 17.110000
0.155956 -0.115568 17.110000
0.163340 -0.102813 17.110000
0.170709 -0.090050 17.110000
0.178062 -0.077278 17.110000
0.185398 -0.064495 17.110000
0.192712 -0.051701 17.110000
0.199997 -0.038890 17.110000
0.207235 -0.026052 17.110000
0.214365 -0.013154 17.110000
0.221012 0.000000 17.110000

