0.110595 -0.000000 4.150000
0.107307 0.006602 4.150000
0.103755 0.013065 4.150000
0.100143 0.019495 4.150000
0.096505 0.025911 4.150000
0.092849 0.032316 4.150000
0.089182 0.038715 4.150000
0.085504 0.045107 4.150000
0.081816 0.051495 4.150000
0.078119 0.057876 4.150000
0.074411 0.064252 4.150000
0.070691 0.070620 4.150000
0.066955 0.076979 4.150000
0.063192 0.083322 4.150000
0.059371 0.089630 4.150000
0.055298 0.095778 4.150000
0.047936 0.096232 4.150000
0.040563 0.096387 4.150000
0.033188 0.096474 4.150000
0.025813 0.096531 4.150000
0.018438 0.096568 4.150000
0.011063 0.096591 4.150000
0.003688 0.096602 4.150000
-0.003688 0.096602 4.150000
-0.011063 0.096591 4.150000
-0.018438 0.096568 4.150000
-0.025813 0.096531 4.150000
-0.033188 0.096474 4.150000
-0.040563 0.096387 4.150000
-0.047936 0.096232 4.150000
-0.055298 0.095778 4.150000
-0.059371 0.089630 4.150000
-0.063192 0.083322 4.150000
-0.066955 0.076979 4.150000
-0.070691 0.070620 4.150000
-0.074411 0.064252 4.150000
-0.078119 0.057876 4.150000
-0.081816 0.051495 4.150000
-0.085504 0.045107 4.150000
-0.089182 0.038715 4.150000
-0.092849 0.032316 4.150000
-0.096505 0.025911 4.150000
-0.100143 0.019495 4.150000
-0.103755 0.013065 4.150000
-0.107307 0.006602 4.150000
-0.110595 -0.000000 4.150000
-0.107307 -0.006602 4.150000
-0.103755 -0.013065 4.150000
-0.100143 -0.019495 4.150000
-0.096505 -0.025911 4.150000
-0.092849 -0.032316 4.150000
-0.089182 -0.038715 4.150000
-0.085504 -0.045107 4.150000
-0.081816 -0.051495 4.150000
-0.078119 -0.057876 4.150000
-0.074411 -0.064252 4.150000
-0.070691 -0.070620 4.150000
-0.066955 -0.076979 4.150000
-0.063192 -0.083322 4.150000
-0.059371 -0.089630 4.150000
-0.055298 -0.095778 4.150000
-0.047936 -0.096232 4.150000
-0.040563 -0.096387 4.150000
-0.033188 -0.096474 4.150000
-0.025813 -0.096531 4.150000
-0.018438 -0.096568 4.150000
-0.011063 -0.096591 4.150000
-0.003688 -0.096602 4.150000
0.003688 -0.096602 4.150000
0.011063 -0.096591 4.150000
0.018438 -0.096568 4.150000
0.025813 -0.096531 4.150000
0.033188 -0.096474 4.150000
0.040563 -0.096387 4.150000
0.047936 -0.096232 4.150000
0.055298 -0.095778 4.150000
0.059371 -0.089630 4.150000
0.063192 -0.083322 4.150000
0.066955 -0.076979 4.150000
0.070691 -0.070620 4.150000
0.074411 -0.064252 4.150000
0.078119 -0.057876 4.150000
0.081816 -0.051495 4.150000
0.085504 -0.045107 4.150000
0.089182 -0.038715 4.150000
0.092849 -0.032316 4.150000
0.096505 -0.025911 4.150000
0.100143 -0.019495 4.150000
0.103755 -0.013065 4.150000
0.107307 -0.006602 4.150000
0.110595 -0.000000 4.150000

