0.365060 0.000000 41.370000
0.353944 0.021655 41.370000
0.342105 0.042924 41.370000
0.330108 0.064104 41.370000
0.318042 0.085246 41.370000
0.305937 0.106364 41.370000
0.293804 0.127466 41.370000
0.281650 0.148557 41.370000
0.269479 0.169638 41.370000
0.257291 0.190708 41.370000
0.245082 0.211767 41.370000
0.232846 0.232810 41.370000
0.220570 0.253830 41.370000
0.208226 0.274809 41.370000
0.195726 0.295697 41.370000
0.182530 0.316151 41.370000
0.158218 0.317352 41.370000
0.133879 0.317733 41.370000
0.109538 0.317934 41.370000
0.085196 0.318056 41.370000
0.060855 0.318131 41.370000
0.036513 0.318175 41.370000
0.012171 0.318195 41.370000
-0.012171 0.318195 41.370000
-0.036513 0.318175 41.370000
-0.060855 0.318131 41.370000
-0.085196 0.318056 41.370000
-0.109538 0.317934 41.370000
-0.133879 0.317733 41.370000
-0.158218 0.317352 41.370000
-0.182530 0.316151 41.370000
-0.195726 0.295697 41.370000
-0.208226 0.274809 41.370000
-0.220570 0.253830 41.370000
-0.232846 0.232810 41.370000
-0.245082 0.211767 41.370000
-0.257291 0.190708 41.370000
-0.269479 0.169638 41.370000
-0.281650 0.148557 41.370000
-0.293804 0.127466 41.370000
-0.305937 0.106364 41.370000
-0.318042 0.085246 41.370000
-0.330108 0.064104 41.370000
-0.342105 0.042924 41.370000
-0.353944 0.021655 41.370000
-0.365060 0.000000 41.370000
-0.353944 -0.021655 41.370000
-0.342105 -0.042924 41.370000
-0.330108 -0.064104 41.370000
-0.318042 -0.085246 41.370000
-0.305937 -0.106364 41.370000
-0.293804 -0.127466 41.370000
-0.281650 -0.148557 41.370000
-0.269479 -0.169638 41.370000
-0.257291 -0.190708 41.370000
-0.245082 -0.211767 41.370000
-0.232846 -0.232810 41.370000
-0.220570 -0.253830 41.370000
-0.208226 -0.274809 41.370000
-0.195726 -0.295697 41.370000
-0.182530 -0.316151 41.370000
-0.158218 -0.317352 41.370000
-0.133879 -0.317733 41.370000
-0.109538 -0.317934 41.370000
-0.085196 -0.318056 41.370000
-0.060855 -0.318131 41.370000
-0.036513 -0.318175 41.370000
-0.012171 -0.318195 41.370000
0.012171 -0.318195 41.370000
0.036513 -0.318175 41.370000
0.060855 -0.318131 41.370000
0.085196 -0.318056 41.370000
0.109538 -0.317934 41.370000
0.133879 -0.317733 41.370000
0.158218 -0.317352 41.370000
0.182530 -0.316151 41.370000
0.195726 -0.295697 41.370000
0.208226 -0.274809 41.370000
0.220570 -0.253830 41.370000
0.232846 -0.232810 41.370000
0.245082 -0.211767 41.370000
0.257291 -0.190708 41.370000
0.269479 -0.169638 41.370000
0.281650 -0.148557 41.370000
0.293804 -0.127466 41.370000
0.305937 -0.106364 41.370000
0.318042 -0.085246 41.370000
0.330108 -0.064104 41.370000
0.342105 -0.042924 41.370000
0.353944 -0.021655 41.370000
0.365060 0.000000 41.370000

