0.196613 0.000000 13.770000
0.190714 0.011709 13.770000
0.184377 0.023186 13.770000
0.177942 0.034610 13.770000
0.171464 0.046008 13.770000
0.164959 0.057392 13.770000
0.158435 0.068764 13.770000
0.151894 0.080127 13.770000
0.145339 0.091481 13.770000
0.138769 0.102827 13.770000
0.132182 0.114163 13.770000
0.125576 0.125488 13.770000
0.118944 0.136797 13.770000
0.112268 0.148082 13.770000
0.105497 0.159309 13.770000
0.098306 0.170271 13.770000
0.085217 0.171018 13.770000
0.072108 0.171268 13.770000
0.058998 0.171407 13.770000
0.045888 0.171496 13.770000
0.032777 0.171555 13.770000
0.019666 0.171590 13.770000
0.006555 0.171608 13.770000
-0.006555 0.171608 13.770000
-0.019666 0.171590 13.770000
-0.032777 0.171555 13.770000
-0.045888 0.171496 13.770000
-0.058998 0.171407 13.770000
-0.072108 0.171268 13.770000
-0.085217 0.171018 13.770000
-0.098306 0.170271 13.770000
-0.105497 0.159309 13.770000
-0.112268 0.148082 13.770000
-0.118944 0.136797 13.770000
-0.125576 0.125488 13.770000
-0.132182 0.114163 13.770000
-0.138769 0.102827 13.770000
-0.145339 0.091481 13.770000
-0.151894 0.080127 13.770000
-0.158435 0.068764 13.770000
-0.164959 0.057392 13.770000
-0.171464 0.046008 13.770000
-0.177942 0.034610 13.770000
-0.184377 0.023186 13.770000
-0.190714 0.011709 13.770000
-0.196613 0.000000 13.770000
-0.190714 -0.011709 13.770000
-0.184377 -0.023186 13.770000
-0.177942 -0.034610 13.770000
-0.171464 -0.046008 13.770000
-0.164959 -0.057392 13.770000
-0.158435 -0.068764 13.770000
-0.151894 -0.080127 13.770000
-0.145339 -0.091481 13.770000
-0.138769 -0.102827 13.770000
-0.132182 -0.114163 13.770000
-0.125576 -0.125488 13.770000
-0.118944 -0.136797 13.770000
-0.112268 -0.148082 13.770000
-0.105497 -0.159309 13.770000
-0.098306 -0.170271 13.770000
-0.085217 -0.171018 13.770000
-0.072108 -0.171268 13.770000
-0.058998 -0.171407 13.770000
-0.045888 -0.171496 13.770000
-0.032777 -0.171555 13.770000
-0.019666 -0.171590 13.770000
-0.006555 -0.171608 13.770000
0.006555 -0.171608 13.770000
0.019666 -0.171590 13.770000
0.032777 -0.171555 13.770000
0.045888 -0.171496 13.770000
0.058998 -0.171407 13.770000
0.072108 -0.171268 13.770000
0.085217 -0.171018 13.770000
0.098306 -0.170271 13.770000
0.105497 -0.159309 13.770000
0.112268 -0.148082 13.770000
0.118944 -0.136797 13.770000
0.125576 -0.125488 13.770000
0.132182 -0.114163 13.770000
0.138769 -0.102827 13.770000
0.145339 -0.091481 13.770000
0.151894 -0.080127 13.770000
0.158435 -0.068764 13.770000
0.164959 -0.057392 13.770000
0.171464 -0.046008 13.770000
0.177942 -0.034610 13.770000
0.184377 -0.023186 13.770000
0.190714 -0.011709 13.770000
0.196613 0.000000 13.770000

