0.341925 0.000000 37.000000
0.331532 0.020293 37.000000
0.320452 0.040219 37.000000
0.309222 0.060060 37.000000
0.297926 0.079865 37.000000
0.286591 0.099647 37.000000
0.275229 0.119414 37.000000
0.263848 0.139169 37.000000
0.252448 0.158914 37.000000
0.241030 0.178649 37.000000
0.229592 0.198371 37.000000
0.218128 0.218079 37.000000
0.206625 0.237763 37.000000
0.195056 0.257410 37.000000
0.183340 0.276969 37.000000
0.170963 0.296116 37.000000
0.148192 0.297262 37.000000
0.125396 0.297629 37.000000
0.102597 0.297824 37.000000
0.079798 0.297943 37.000000
0.056999 0.298019 37.000000
0.034199 0.298063 37.000000
0.011400 0.298083 37.000000
-0.011400 0.298083 37.000000
-0.034199 0.298063 37.000000
-0.056999 0.298019 37.000000
-0.079798 0.297943 37.000000
-0.102597 0.297824 37.000000
-0.125396 0.297629 37.000000
-0.148192 0.297262 37.000000
-0.170963 0.296116 37.000000
-0.183340 0.276969 37.000000
-0.195056 0.257410 37.000000
-0.206625 0.237763 37.000000
-0.218128 0.218079 37.000000
-0.229592 0.198371 37.000000
-0.241030 0.178649 37.000000
-0.252448 0.158914 37.000000
-0.263848 0.139169 37.000000
-0.275229 0.119414 37.000000
-0.286591 0.099647 37.000000
-0.297926 0.079865 37.000000
-0.309222 0.060060 37.000000
-0.320452 0.040219 37.000000
-0.331532 0.020293 37.000000
-0.341925 0.000000 37.000000
-0.331532 -0.020293 37.000000
-0.320452 -0.040219 37.000000
-0.309222 -0.060060 37.000000
-0.297926 -0.079865 37.000000
-0.286591 -0.099647 37.000000
-0.275229 -0.119414 37.000000
-0.263848 -0.139169 37.000000
-0.252448 -0.158914 37.000000
-0.241030 -0.178649 37.000000
-0.229592 -0.198371 37.000000
-0.218128 -0.218079 37.000000
-0.206625 -0.237763 37.000000
-0.195056 -0.257410 37.000000
-0.183340 -0.276969 37.000000
-0.170963 -0.296116 37.000000
-0.148192 -0.297262 37.000000
-0.125396 -0.297629 37.000000
-0.102597 -0.297824 37.000000
-0.079798 -0.297943 37.000000
-0.056999 -0.298019 37.000000
-0.034199 -0.298063 37.000000
-0.011400 -0.298083 37.000000
0.011400 -0.298083 37.000000
0.034199 -0.298063 37.000000
0.056999 -0.298019 37.000000
0.079798 -0.297943 37.000000
0.102597 -0.297824 37.000000
0.125396 -0.297629 37.000000
0.148192 -0.297262 37.000000
0.170963 -0.296116 37.000000
0.183340 -0.276969 37.000000
0.195056 -0.257410 37.000000
0.206625 -0.237763 37.000000
0.218128 -0.218079 37.000000
0.229592 -0.198371 37.000000
0.241030 -0.178649 37.000000
0.252448 -0.158914 37.000000
0.263848 -0.139169 37.000000
0.275229 -0.119414 37.000000
0.286591 -0.099647 37.000000
0.297926 -0.079865 37.000000
0.309222 -0.060060 37.000000
0.320452 -0.040219 37.000000
0.331532 -0.020293 37.000000
0.341925 0.000000 37.000000

