0.160664 0.000000 9.320000
0.155862 0.009577 9.320000
0.150691 0.018961 9.320000
0.145437 0.028298 9.320000
0.140147 0.037615 9.320000
0.134834 0.046918 9.320000
0.129504 0.056212 9.320000
0.124160 0.065498 9.320000
0.118803 0.074777 9.320000
0.113433 0.084047 9.320000
0.108049 0.093310 9.320000
0.102649 0.102563 9.320000
0.097225 0.111803 9.320000
0.091766 0.121022 9.320000
0.086225 0.130192 9.320000
0.080332 0.139139 9.320000
0.069637 0.139769 9.320000
0.058925 0.139982 9.320000
0.048212 0.140101 9.320000
0.037498 0.140178 9.320000
0.026785 0.140229 9.320000
0.016071 0.140260 9.320000
0.005357 0.140275 9.320000
-0.005357 0.140275 9.320000
-0.016071 0.140260 9.320000
-0.026785 0.140229 9.320000
-0.037498 0.140178 9.320000
-0.048212 0.140101 9.320000
-0.058925 0.139982 9.320000
-0.069637 0.139769 9.320000
-0.080332 0.139139 9.320000
-0.086225 0.130192 9.320000
-0.091766 0.121022 9.320000
-0.097225 0.111803 9.320000
-0.102649 0.102563 9.320000
-0.108049 0.093310 9.320000
-0.113433 0.084047 9.320000
-0.118803 0.074777 9.320000
-0.124160 0.065498 9.320000
-0.129504 0.056212 9.320000
-0.134834 0.046918 9.320000
-0.140147 0.037615 9.320000
-0.145437 0.028298 9.320000
-0.150691 0.018961 9.320000
-0.155862 0.009577 9.320000
-0.160664 -0.000000 9.320000
-0.155862 -0.009577 9.320000
-0.150691 -0.018961 9.320000
-0.145437 -0.028298 9.320000
-0.140147 -0.037615 9.320000
-0.134834 -0.046918 9.320000
-0.129504 -0.056212 9.320000
-0.124160 -0.065498 9.320000
-0.118803 -0.074777 9.320000
-0.113433 -0.084047 9.320000
-0.108049 -0.093310 9.320000
-0.102649 -0.102563 9.320000
-0.097225 -0.111803 9.320000
-0.091766 -0.121022 9.320000
-0.086225 -0.130192 9.320000
-0.080332 -0.139139 9.320000
-0.069637 -0.139769 9.320000
-0.058925 -0.139982 9.320000
-0.048212 -0.140101 9.320000
-0.037498 -0.140178 9.320000
-0.026785 -0.140229 9.320000
-0.016071 -0.140260 9.320000
-0.005357 -0.140275 9.320000
0.005357 -0.140275 9.320000
0.016071 -0.140260 9.320000
0.026785 -0.140229 9.320000
0.037498 -0.140178 9.320000
0.048212 -0.140101 9.320000
0.058925 -0.139982 9.320000
0.069637 -0.139769 9.320000
0.080332 -0.139139 9.320000
0.086225 -0.130192 9.320000
0.091766 -0.121022 9.320000
0.097225 -0.111803 9.320000
0.102649 -0.102563 9.320000
0.108049 -0.093310 9.320000
0.113433 -0.084047 9.320000
0.118803 -0.074777 9.320000
0.124160 -0.065498 9.320000
0.129504 -0.056212 9.320000
0.134834 -0.046918 9.320000
0.140147 -0.037615 9.320000
0.145437 -0.028298 9.320000
0.150691 -0.018961 9.320000
0.155862 -0.009577 9.320000
0.160664 0.000000 9.320000

