0.270041 0.000000 24.540000
0.261883 0.016053 24.540000
0.253154 0.031802 24.540000
0.244300 0.047482 24.540000
0.235391 0.063130 24.540000
0.226448 0.078759 24.540000
0.217482 0.094375 24.540000
0.208496 0.109979 24.540000
0.199492 0.125573 24.540000
0.190472 0.141157 24.540000
0.181432 0.156730 24.540000
0.172368 0.172290 24.540000
0.163271 0.187829 24.540000
0.154119 0.203337 24.540000
0.144843 0.218771 24.540000
0.135021 0.233863 24.540000
0.117040 0.234824 24.540000
0.099036 0.235139 24.540000
0.081030 0.235311 24.540000
0.063023 0.235420 24.540000
0.045017 0.235490 24.540000
0.027010 0.235532 24.540000
0.009003 0.235552 24.540000
-0.009003 0.235552 24.540000
-0.027010 0.235532 24.540000
-0.045017 0.235490 24.540000
-0.063023 0.235420 24.540000
-0.081030 0.235311 24.540000
-0.099036 0.235139 24.540000
-0.117040 0.234824 24.540000
-0.135021 0.233863 24.540000
-0.144843 0.218771 24.540000
-0.154119 0.203337 24.540000
-0.163271 0.187829 24.540000
-0.172368 0.172290 24.540000
-0.181432 0.156730 24.540000
-0.190472 0.141157 24.540000
-0.199492 0.125573 24.540000
-0.208496 0.109979 24.540000
-0.217482 0.094375 24.540000
-0.226448 0.078759 24.540000
-0.235391 0.063130 24.540000
-0.244300 0.047482 24.540000
-0.253154 0.031802 24.540000
-0.261883 0.016053 24.540000
-0.270041 0.000000 24.540000
-0.261883 -0.016053 24.540000
-0.253154 -0.031802 24.540000
-0.244300 -0.047482 24.540000
-0.235391 -0.063130 24.540000
-0.226448 -0.078759 24.540000
-0.217482 -0.094375 24.540000
-0.208496 -0.109979 24.540000
-0.199492 -0.125573 24.540000
-0.190472 -0.141157 24.540000
-0.181432 -0.156730 24.540000
-0.172368 -0.172290 24.540000
-0.163271 -0.187829 24.540000
-0.154119 -0.203337 24.540000
-0.144843 -0.218771 24.540000
-0.135021 -0.233863 24.540000
-0.117040 -0.234824 24.540000
-0.099036 -0.235139 24.540000
-0.081030 -0.235311 24.540000
-0.063023 -0.235420 24.540000
-0.045017 -0.235490 24.540000
-0.027010 -0.235532 24.540000
-0.009003 -0.235552 24.540000
0.009003 -0.235552 24.540000
0.027010 -0.235532 24.540000
0.045017 -0.235490 24.540000
0.063023 -0.235420 24.540000
0.081030 -0.235311 24.540000
0.099036 -0.235139 24.540000
0.117040 -0.234824 24.540000
0.135021 -0.233863 24.540000
0.144843 -0.218771 24.540000
0.154119 -0.203337 24.540000
0.163271 -0.187829 24.540000
0.172368 -0.172290 24.540000
0.181432 -0.156730 24.540000
0.190472 -0.141157 24.540000
0.199492 -0.125573 24.540000
0.208496 -0.109979 24.540000
0.217482 -0.094375 24.540000
0.226448 -0.078759 24.540000
0.235391 -0.063130 24.540000
0.244300 -0.047482 24.540000
0.253154 -0.031802 24.540000
0.261883 -0.016053 24.540000
0.270041 0.000000 24.540000

