0.155947 -0.000000 8.780000
0.151288 0.009297 8.780000
0.146270 0.018406 8.780000
0.141171 0.027469 8.780000
0.136036 0.036513 8.780000
0.130880 0.045543 8.780000
0.125706 0.054564 8.780000
0.120519 0.063578 8.780000
0.115320 0.072584 8.780000
0.110107 0.081583 8.780000
0.104881 0.090573 8.780000
0.099639 0.099555 8.780000
0.094375 0.108523 8.780000
0.089075 0.117470 8.780000
0.083696 0.126371 8.780000
0.077973 0.135054 8.780000
0.067592 0.135668 8.780000
0.057195 0.135876 8.780000
0.046796 0.135992 8.780000
0.036397 0.136067 8.780000
0.025998 0.136117 8.780000
0.015599 0.136147 8.780000
0.005200 0.136162 8.780000
-0.005200 0.136162 8.780000
-0.015599 0.136147 8.780000
-0.025998 0.136117 8.780000
-0.036397 0.136067 8.780000
-0.046796 0.135992 8.780000
-0.057195 0.135876 8.780000
-0.067592 0.135668 8.780000
-0.077973 0.135054 8.780000
-0.083696 0.126371 8.780000
-0.089075 0.117470 8.780000
-0.094375 0.108523 8.780000
-0.099639 0.099555 8.780000
-0.104881 0.090573 8.780000
-0.110107 0.081583 8.780000
-0.115320 0.072584 8.780000
-0.120519 0.063578 8.780000
-0.125706 0.054564 8.780000
-0.130880 0.045543 8.780000
-0.136036 0.036513 8.780000
-0.141171 0.027469 8.780000
-0.146270 0.018406 8.780000
-0.151288 0.009297 8.780000
-0.155947 -0.000000 8.780000
-0.151288 -0.009297 8.780000
-0.146270 -0.018406 8.780000
-0.141171 -0.027469 8.780000
-0.136036 -0.036513 8.780000
-0.130880 -0.045543 8.780000
-0.125706 -0.054564 8.780000
-0.120519 -0.063578 8.780000
-0.115320 -0.072584 8.780000
-0.110107 -0.081583 8.780000
-0.104881 -0.090573 8.780000
-0.099639 -0.099555 8.780000
-0.094375 -0.108523 8.780000
-0.089075 -0.117470 8.780000
-0.083696 -0.126371 8.780000
-0.077973 -0.135054 8.780000
-0.067592 -0.135668 8.780000
-0.057195 -0.135876 8.780000
-0.046796 -0.135992 8.780000
-0.036397 -0.136067 8.780000
-0.025998 -0.136117 8.780000
-0.015599 -0.136147 8.780000
-0.005200 -0.136162 8.780000
0.005200 -0.136162 8.780000
0.015599 -0.136147 8.780000
0.025998 -0.136117 8.780000
0.036397 -0.136067 8.780000
0.046796 -0.135992 8.780000
0.057195 -0.135876 8.780000
0.067592 -0.135668 8.780000
0.077973 -0.135054 8.780000
0.083696 -0.126371 8.780000
0.089075 -0.117470 8.780000
0.094375 -0.108523 8.780000
0.099639 -0.099555 8.780000
0.104881 -0.090573 8.780000
0.110107 -0.081583 8.780000
0.115320 -0.072584 8.780000
0.120519 -0.063578 8.780000
0.125706 -0.054564 8.780000
0.130880 -0.045543 8.780000
0.136036 -0.036513 8.780000
0.141171 -0.027469 8.780000
0.146270 -0.018406 8.780000
0.151288 -0.009297 8.780000
0.155947 -0.000000 8.780000

