0.065054 -0.000000 0.630000
0.063130 0.003888 0.630000
0.061045 0.007692 0.630000
0.058922 0.011476 0.630000
0.056783 0.015251 0.630000
0.054634 0.019019 0.630000
0.052477 0.022784 0.630000
0.050314 0.026544 0.630000
0.048145 0.030301 0.630000
0.045970 0.034055 0.630000
0.043788 0.037805 0.630000
0.041599 0.041551 0.630000
0.039400 0.045290 0.630000
0.037184 0.049020 0.630000
0.034932 0.052728 0.630000
0.032527 0.056339 0.630000
0.028198 0.056617 0.630000
0.023860 0.056712 0.630000
0.019522 0.056766 0.630000
0.015184 0.056801 0.630000
0.010846 0.056824 0.630000
0.006508 0.056839 0.630000
0.002169 0.056845 0.630000
-0.002169 0.056845 0.630000
-0.006508 0.056839 0.630000
-0.010846 0.056824 0.630000
-0.015184 0.056801 0.630000
-0.019522 0.056766 0.630000
-0.023860 0.056712 0.630000
-0.028198 0.056617 0.630000
-0.032527 0.056339 0.630000
-0.034932 0.052728 0.630000
-0.037184 0.049020 0.630000
-0.039400 0.045290 0.630000
-0.041599 0.041551 0.630000
-0.043788 0.037805 0.630000
-0.045970 0.034055 0.630000
-0.048145 0.030301 0.630000
-0.050314 0.026544 0.630000
-0.052477 0.022784 0.630000
-0.054634 0.019019 0.630000
-0.056783 0.015251 0.630000
-0.058922 0.011476 0.630000
-0.061045 0.007692 0.630000
-0.063130 0.003888 0.630000
-0.065054 -0.000000 0.630000
-0.063130 -0.003888 0.630000
-0.061045 -0.007692 0.630000
-0.058922 -0.011476 0.630000
-0.056783 -0.015251 0.630000
-0.054634 -0.019019 0.630000
-0.052477 -0.022784 0.630000
-0.050314 -0.026544 0.630000
-0.048145 -0.030301 0.630000
-0.045970 -0.034055 0.630000
-0.043788 -0.037805 0.630000
-0.041599 -0.041551 0.630000
-0.039400 -0.045290 0.630000
-0.037184 -0.049020 0.630000
-0.034932 -0.052728 0.630000
-0.032527 -0.056339 0.630000
-0.028198 -0.056617 0.630000
-0.023860 -0.056712 0.630000
-0.019522 -0.056766 0.630000
-0.015184 -0.056801 0.630000
-0.010846 -0.056824 0.630000
-0.006508 -0.056839 0.630000
-0.002169 -0.056845 0.630000
0.002169 -0.056845 0.630000
0.006508 -0.056839 0.630000
0.010846 -0.056824 0.630000
0.015184 -0.056801 0.630000
0.019522 -0.056766 0.630000
0.023860 -0.056712 0.630000
0.028198 -0.056617 0.630000
0.032527 -0.056339 0.630000
0.034932 -0.052728 0.630000
0.037184 -0.049020 0.630000
0.039400 -0.045290 0.630000
0.041599 -0.041551 0.630000
0.043788 -0.037805 0.630000
0.045970 -0.034055 0.630000
0.048145 -0.030301 0.630000
0.050314 -0.026544 0.630000
0.052477 -0.022784 0.630000
0.054634 -0.019019 0.630000
0.056783 -0.015251 0.630000
0.058922 -0.011476 0.630000
0.061045 -0.007692 0.630000
0.063130 -0.003888 0.630000
0.065054 -0.000000 0.630000

