0.286585 0.000000 27.250000
0.277915 0.017029 27.250000
0.268646 0.033741 27.250000
0.259245 0.050379 27.250000
0.249787 0.066984 27.250000
0.240295 0.083569 27.250000
0.230777 0.100140 27.250000
0.221240 0.116700 27.250000
0.211685 0.133250 27.250000
0.202113 0.149789 27.250000
0.192520 0.166317 27.250000
0.182903 0.182830 27.250000
0.173252 0.199324 27.250000
0.163543 0.215783 27.250000
0.153705 0.232166 27.250000
0.143293 0.248190 27.250000
0.124209 0.249196 27.250000
0.105102 0.249524 27.250000
0.085994 0.249702 27.250000
0.066884 0.249814 27.250000
0.047774 0.249886 27.250000
0.028665 0.249929 27.250000
0.009555 0.249949 27.250000
-0.009555 0.249949 27.250000
-0.028665 0.249929 27.250000
-0.047774 0.249886 27.250000
-0.066884 0.249814 27.250000
-0.085994 0.249702 27.250000
-0.105102 0.249524 27.250000
-0.124209 0.249196 27.250000
-0.143293 0.248190 27.250000
-0.153705 0.232166 27.250000
-0.163543 0.215783 27.250000
-0.173252 0.199324 27.250000
-0.182903 0.182830 27.250000
-0.192520 0.166317 27.250000
-0.202113 0.149789 27.250000
-0.211685 0.133250 27.250000
-0.221240 0.116700 27.250000
-0.230777 0.100140 27.250000
-0.240295 0.083569 27.250000
-0.249787 0.066984 27.250000
-0.259245 0.050379 27.250000
-0.268646 0.033741 27.250000
-0.277915 0.017029 27.250000
-0.286585 0.000000 27.250000
-0.277915 -0.017029 27.250000
-0.268646 -0.033741 27.250000
-0.259245 -0.050379 27.250000
-0.249787 -0.066984 27.250000
-0.240295 -0.083569 27.250000
-0.230777 -0.100140 27.250000
-0.221240 -0.116700 27.250000
-0.211685 -0.133250 27.250000
-0.202113 -0.149789 27.250000
-0.192520 -0.166317 27.250000
-0.182903 -0.182830 27.250000
-0.173252 -0.199324 27.250000
-0.163543 -0.215783 27.250000
-0.153705 -0.232166 27.250000
-0.143293 -0.248190 27.250000
-0.124209 -0.249196 27.250000
-0.105102 -0.249524 27.250000
-0.085994 -0.249702 27.250000
-0.066884 -0.249814 27.250000
-0.047774 -0.249886 27.250000
-0.028665 -0.249929 27.250000
-0.009555 -0.249949 27.250000
0.009555 -0.249949 27.250000
0.028665 -0.249929 27.250000
0.047774 -0.249886 27.250000
0.066884 -0.249814 27.250000
0.085994 -0.249702 27.250000
0.105102 -0.249524 27.250000
0.124209 -0.249196 27.250000
0.143293 -0.248190 27.250000
0.153705 -0.232166 27.250000
0.163543 -0.215783 27.250000
0.173252 -0.199324 27.250000
0.182903 -0.182830 27.250000
0.192520 -0.166317 27.250000
0.202113 -0.149789 27.250000
0.211685 -0.133250 27.250000
0.221240 -0.116700 27.250000
0.230777 -0.100140 27.250000
0.240295 -0.083569 27.250000
0.249787 -0.066984 27.250000
0.259245 -0.050379 27.250000
0.268646 -0.033741 27.250000
0.277915 -0.017029 27.250000
0.286585 0.000000 27.250000

