0.069065 -0.000000 0.890000
0.067022 0.004128 0.890000
0.064807 0.008166 0.890000
0.062554 0.012183 0.890000
0.060283 0.016190 0.890000
0.058001 0.020191 0.890000
0.055711 0.024187 0.890000
0.053415 0.028180 0.890000
0.051112 0.032168 0.890000
0.048802 0.036154 0.890000
0.046486 0.040135 0.890000
0.044162 0.044111 0.890000
0.041828 0.048082 0.890000
0.039476 0.052042 0.890000
0.037085 0.055979 0.890000
0.034533 0.059812 0.890000
0.029936 0.060106 0.890000
0.025331 0.060208 0.890000
0.020726 0.060265 0.890000
0.016120 0.060301 0.890000
0.011515 0.060326 0.890000
0.006909 0.060341 0.890000
0.002303 0.060348 0.890000
-0.002303 0.060348 0.890000
-0.006909 0.060341 0.890000
-0.011515 0.060326 0.890000
-0.016120 0.060301 0.890000
-0.020726 0.060265 0.890000
-0.025331 0.060208 0.890000
-0.029936 0.060106 0.890000
-0.034533 0.059812 0.890000
-0.037085 0.055979 0.890000
-0.039476 0.052042 0.890000
-0.041828 0.048082 0.890000
-0.044162 0.044111 0.890000
-0.046486 0.040135 0.890000
-0.048802 0.036154 0.890000
-0.051112 0.032168 0.890000
-0.053415 0.028180 0.890000
-0.055711 0.024187 0.890000
-0.058001 0.020191 0.890000
-0.060283 0.016190 0.890000
-0.062554 0.012183 0.890000
-0.064807 0.008166 0.890000
-0.067022 0.004128 0.890000
-0.069065 -0.000000 0.890000
-0.067022 -0.004128 0.890000
-0.064807 -0.008166 0.890000
-0.062554 -0.012183 0.890000
-0.060283 -0.016190 0.890000
-0.058001 -0.020191 0.890000
-0.055711 -0.024187 0.890000
-0.053415 -0.028180 0.890000
-0.051112 -0.032168 0.890000
-0.048802 -0.036154 0.890000
-0.046486 -0.040135 0.890000
-0.044162 -0.044111 0.890000
-0.041828 -0.048082 0.890000
-0.039476 -0.052042 0.890000
-0.037085 -0.055979 0.890000
-0.034533 -0.059812 0.890000
-0.029936 -0.060106 0.890000
-0.025331 -0.060208 0.890000
-0.020726 -0.060265 0.890000
-0.016120 -0.060301 0.890000
-0.011515 -0.060326 0.890000
-0.006909 -0.060341 0.890000
-0.002303 -0.060348 0.890000
0.002303 -0.060348 0.890000
0.006909 -0.060341 0.890000
0.011515 -0.060326 0.890000
0.016120 -0.060301 0.890000
0.020726 -0.060265 0.890000
0.025331 -0.060208 0.890000
0.029936 -0.060106 0.890000
0.034533 -0.059812 0.890000
0.037085 -0.055979 0.890000
0.039476 -0.052042 0.890000
0.041828 -0.048082 0.890000
0.044162 -0.044111 0.890000
0.046486 -0.040135 0.890000
0.048802 -0.036154 0.890000
0.051112 -0.032168 0.890000
0.053415 -0.028180 0.890000
0.055711 -0.024187 0.890000
0.058001 -0.020191 0.890000
0.060283 -0.016190 0.890000
0.062554 -0.012183 0.890000
0.064807 -0.008166 0.890000
0.067022 -0.004128 0.890000
0.069065 -0.000000 0.890000

