0.360785 0.000000 40.550000
0.349803 0.021404 40.550000
0.338103 0.042424 40.550000
0.326249 0.063357 40.550000
0.314325 0.084251 40.550000
0.302362 0.105123 40.550000
0.290372 0.125979 40.550000
0.278361 0.146822 40.550000
0.266332 0.167656 40.550000
0.254286 0.188480 40.550000
0.242220 0.209292 40.550000
0.230127 0.230088 40.550000
0.217993 0.250861 40.550000
0.205792 0.271594 40.550000
0.193437 0.292236 40.550000
0.180392 0.312449 40.550000
0.156365 0.313640 40.550000
0.132311 0.314018 40.550000
0.108255 0.314218 40.550000
0.084199 0.314339 40.550000
0.060142 0.314415 40.550000
0.036085 0.314458 40.550000
0.012028 0.314479 40.550000
-0.012028 0.314479 40.550000
-0.036085 0.314458 40.550000
-0.060142 0.314415 40.550000
-0.084199 0.314339 40.550000
-0.108255 0.314218 40.550000
-0.132311 0.314018 40.550000
-0.156365 0.313640 40.550000
-0.180392 0.312449 40.550000
-0.193437 0.292236 40.550000
-0.205792 0.271594 40.550000
-0.217993 0.250861 40.550000
-0.230127 0.230088 40.550000
-0.242220 0.209292 40.550000
-0.254286 0.188480 40.550000
-0.266332 0.167656 40.550000
-0.278361 0.146822 40.550000
-0.290372 0.125979 40.550000
-0.302362 0.105123 40.550000
-0.314325 0.084251 40.550000
-0.326249 0.063357 40.550000
-0.338103 0.042424 40.550000
-0.349803 0.021404 40.550000
-0.360785 0.000000 40.550000
-0.349803 -0.021404 40.550000
-0.338103 -0.042424 40.550000
-0.326249 -0.063357 40.550000
-0.314325 -0.084251 40.550000
-0.302362 -0.105123 40.550000
-0.290372 -0.125979 40.550000
-0.278361 -0.146822 40.550000
-0.266332 -0.167656 40.550000
-0.254286 -0.188480 40.550000
-0.242220 -0.209292 40.550000
-0.230127 -0.230088 40.550000
-0.217993 -0.250861 40.550000
-0.205792 -0.271594 40.550000
-0.193437 -0.292236 40.550000
-0.180392 -0.312449 40.550000
-0.156365 -0.313640 40.550000
-0.132311 -0.314018 40.550000
-0.108255 -0.314218 40.550000
-0.084199 -0.314339 40.550000
-0.060142 -0.314415 40.550000
-0.036085 -0.314458 40.550000
-0.012028 -0.314479 40.550000
0.012028 -0.314479 40.550000
0.036085 -0.314458 40.550000
0.060142 -0.314415 40.550000
0.084199 -0.314339 40.550000
0.108255 -0.314218 40.550000
0.132311 -0.314018 40.550000
0.156365 -0.313640 40.550000
0.180392 -0.312449 40.550000
0.193437 -0.292236 40.550000
0.205792 -0.271594 40.550000
0.217993 -0.250861 40.550000
0.230127 -0.230088 40.550000
0.242220 -0.209292 40.550000
0.254286 -0.188480 40.550000
0.266332 -0.167656 40.550000
0.278361 -0.146822 40.550000
0.290372 -0.125979 40.550000
0.302362 -0.105123 40.550000
0.314325 -0.084251 40.550000
0.326249 -0.063357 40.550000
0.338103 -0.042424 40.550000
0.349803 -0.021404 40.550000
0.360785 0.000000 40.550000

