0.079591 -0.000000 1.620000
0.077233 0.004755 1.620000
0.074680 0.009409 1.620000
0.072083 0.014037 1.620000
0.069465 0.018655 1.620000
0.066835 0.023265 1.620000
0.064196 0.027871 1.620000
0.061550 0.032471 1.620000
0.058896 0.037068 1.620000
0.056235 0.041660 1.620000
0.053566 0.046249 1.620000
0.050888 0.050831 1.620000
0.048198 0.055407 1.620000
0.045488 0.059970 1.620000
0.042735 0.064508 1.620000
0.039796 0.068928 1.620000
0.034498 0.069263 1.620000
0.029192 0.069379 1.620000
0.023885 0.069444 1.620000
0.018577 0.069486 1.620000
0.013269 0.069514 1.620000
0.007962 0.069531 1.620000
0.002654 0.069539 1.620000
-0.002654 0.069539 1.620000
-0.007962 0.069531 1.620000
-0.013269 0.069514 1.620000
-0.018577 0.069486 1.620000
-0.023885 0.069444 1.620000
-0.029192 0.069379 1.620000
-0.034498 0.069263 1.620000
-0.039796 0.068928 1.620000
-0.042735 0.064508 1.620000
-0.045488 0.059970 1.620000
-0.048198 0.055407 1.620000
-0.050888 0.050831 1.620000
-0.053566 0.046249 1.620000
-0.056235 0.041660 1.620000
-0.058896 0.037068 1.620000
-0.061550 0.032471 1.620000
-0.064196 0.027871 1.620000
-0.066835 0.023265 1.620000
-0.069465 0.018655 1.620000
-0.072083 0.014037 1.620000
-0.074680 0.009409 1.620000
-0.077233 0.004755 1.620000
-0.079591 -0.000000 1.620000
-0.077233 -0.004755 1.620000
-0.074680 -0.009409 1.620000
-0.072083 -0.014037 1.620000
-0.069465 -0.018655 1.620000
-0.066835 -0.023265 1.620000
-0.064196 -0.027871 1.620000
-0.061550 -0.032471 1.620000
-0.058896 -0.037068 1.620000
-0.056235 -0.041660 1.620000
-0.053566 -0.046249 1.620000
-0.050888 -0.050831 1.620000
-0.048198 -0.055407 1.620000
-0.045488 -0.059970 1.620000
-0.042735 -0.064508 1.620000
-0.039796 -0.068928 1.620000
-0.034498 -0.069263 1.620000
-0.029192 -0.069379 1.620000
-0.023885 -0.069444 1.620000
-0.018577 -0.069486 1.620000
-0.013269 -0.069514 1.620000
-0.007962 -0.069531 1.620000
-0.002654 -0.069539 1.620000
0.002654 -0.069539 1.620000
0.007962 -0.069531 1.620000
0.013269 -0.069514 1.620000
0.018577 -0.069486 1.620000
0.023885 -0.069444 1.620000
0.029192 -0.069379 1.620000
0.034498 -0.069263 1.620000
0.039796 -0.068928 1.620000
0.042735 -0.064508 1.620000
0.045488 -0.059970 1.620000
0.048198 -0.055407 1.620000
0.050888 -0.050831 1.620000
0.053566 -0.046249 1.620000
0.056235 -0.041660 1.620000
0.058896 -0.037068 1.620000
0.061550 -0.032471 1.620000
0.064196 -0.027871 1.620000
0.066835 -0.023265 1.620000
0.069465 -0.018655 1.620000
0.072083 -0.014037 1.620000
0.074680 -0.009409 1.620000
0.077233 -0.004755 1.620000
0.079591 -0.000000 1.620000

