0.235781 0.000000 19.250000
0.228680 0.014028 19.250000
0.221068 0.027785 19.250000
0.213344 0.041479 19.250000
0.205570 0.055145 19.250000
0.197766 0.068793 19.250000
0.189939 0.082429 19.250000
0.182094 0.096055 19.250000
0.174233 0.109671 19.250000
0.166355 0.123277 19.250000
0.158460 0.136873 19.250000
0.150542 0.150457 19.250000
0.142594 0.164022 19.250000
0.134596 0.177558 19.250000
0.126488 0.191029 19.250000
0.117890 0.204192 19.250000
0.102192 0.205056 19.250000
0.086472 0.205343 19.250000
0.070750 0.205501 19.250000
0.055028 0.205601 19.250000
0.039306 0.205667 19.250000
0.023584 0.205707 19.250000
0.007861 0.205726 19.250000
-0.007861 0.205726 19.250000
-0.023584 0.205707 19.250000
-0.039306 0.205667 19.250000
-0.055028 0.205601 19.250000
-0.070750 0.205501 19.250000
-0.086472 0.205343 19.250000
-0.102192 0.205056 19.250000
-0.117890 0.204192 19.250000
-0.126488 0.191029 19.250000
-0.134596 0.177558 19.250000
-0.142594 0.164022 19.250000
-0.150542 0.150457 19.250000
-0.158460 0.136873 19.250000
-0.166355 0.123277 19.250000
-0.174233 0.109671 19.250000
-0.182094 0.096055 19.250000
-0.189939 0.082429 19.250000
-0.197766 0.068793 19.250000
-0.205570 0.055145 19.250000
-0.213344 0.041479 19.250000
-0.221068 0.027785 19.250000
-0.228680 0.014028 19.250000
-0.235781 0.000000 19.250000
-0.228680 -0.014028 19.250000
-0.221068 -0.027785 19.250000
-0.213344 -0.041479 19.250000
-0.205570 -0.055145 19.250000
-0.197766 -0.068793 19.250000
-0.189939 -0.082429 19.250000
-0.182094 -0.096055 19.250000
-0.174233 -0.109671 19.250000
-0.166355 -0.123277 19.250000
-0.158460 -0.136873 19.250000
-0.150542 -0.150457 19.250000
-0.142594 -0.164022 19.250000
-0.134596 -0.177558 19.250000
-0.126488 -0.191029 19.250000
-0.117890 -0.204192 19.250000
-0.102192 -0.205056 19.250000
-0.086472 -0.205343 19.250000
-0.070750 -0.205501 19.250000
-0.055028 -0.205601 19.250000
-0.039306 -0.205667 19.250000
-0.023584 -0.205707 19.250000
-0.007861 -0.205726 19.250000
0.007861 -0.205726 19.250000
0.023584 -0.205707 19.250000
0.039306 -0.205667 19.250000
0.055028 -0.205601 19.250000
0.070750 -0.205501 19.250000
0.086472 -0.205343 19.250000
0.102192 -0.205056 19.250000
0.117890 -0.204192 19.250000
0.126488 -0.191029 19.250000
0.134596 -0.177558 19.250000
0.142594 -0.164022 19.250000
0.150542 -0.150457 19.250000
0.158460 -0.136873 19.250000
0.166355 -0.123277 19.250000
0.174233 -0.109671 19.250000
0.182094 -0.096055 19.250000
0.189939 -0.082429 19.250000
0.197766 -0.068793 19.250000
0.205570 -0.055145 19.250000
0.213344 -0.041479 19.250000
0.221068 -0.027785 19.250000
0.228680 -0.014028 19.250000
0.235781 0.000000 19.250000

