0.085640 -0.000000 2.070000
0.083102 0.005116 2.070000
0.080354 0.010122 2.070000
0.077559 0.015103 2.070000
0.074742 0.020071 2.070000
0.071912 0.025032 2.070000
0.069073 0.029987 2.070000
0.066225 0.034937 2.070000
0.063369 0.039883 2.070000
0.060506 0.044825 2.070000
0.057634 0.049762 2.070000
0.054753 0.054693 2.070000
0.051859 0.059616 2.070000
0.048943 0.064527 2.070000
0.045981 0.069410 2.070000
0.042820 0.074167 2.070000
0.037120 0.074526 2.070000
0.031411 0.074650 2.070000
0.025700 0.074719 2.070000
0.019989 0.074764 2.070000
0.014278 0.074794 2.070000
0.008567 0.074812 2.070000
0.002856 0.074821 2.070000
-0.002856 0.074821 2.070000
-0.008567 0.074812 2.070000
-0.014278 0.074794 2.070000
-0.019989 0.074764 2.070000
-0.025700 0.074719 2.070000
-0.031411 0.074650 2.070000
-0.037120 0.074526 2.070000
-0.042820 0.074167 2.070000
-0.045981 0.069410 2.070000
-0.048943 0.064527 2.070000
-0.051859 0.059616 2.070000
-0.054753 0.054693 2.070000
-0.057634 0.049762 2.070000
-0.060506 0.044825 2.070000
-0.063369 0.039883 2.070000
-0.066225 0.034937 2.070000
-0.069073 0.029987 2.070000
-0.071912 0.025032 2.070000
-0.074742 0.020071 2.070000
-0.077559 0.015103 2.070000
-0.080354 0.010122 2.070000
-0.083102 0.005116 2.070000
-0.085640 -0.000000 2.070000
-0.083102 -0.005116 2.070000
-0.080354 -0.010122 2.070000
-0.077559 -0.015103 2.070000
-0.074742 -0.020071 2.070000
-0.071912 -0.025032 2.070000
-0.069073 -0.029987 2.070000
-0.066225 -0.034937 2.070000
-0.063369 -0.039883 2.070000
-0.060506 -0.044825 2.070000
-0.057634 -0.049762 2.070000
-0.054753 -0.054693 2.070000
-0.051859 -0.059616 2.070000
-0.048943 -0.064527 2.070000
-0.045981 -0.069410 2.070000
-0.042820 -0.074167 2.070000
-0.037120 -0.074526 2.070000
-0.031411 -0.074650 2.070000
-0.025700 -0.074719 2.070000
-0.019989 -0.074764 2.070000
-0.014278 -0.074794 2.070000
-0.008567 -0.074812 2.070000
-0.002856 -0.074821 2.070000
0.002856 -0.074821 2.070000
0.008567 -0.074812 2.070000
0.014278 -0.074794 2.070000
0.019989 -0.074764 2.070000
0.025700 -0.074719 2.070000
0.031411 -0.074650 2.070000
0.037120 -0.074526 2.070000
0.042820 -0.074167 2.070000
0.045981 -0.069410 2.070000
0.048943 -0.064527 2.070000
0.051859 -0.059616 2.070000
0.054753 -0.054693 2.070000
0.057634 -0.049762 2.070000
0.060506 -0.044825 2.070000
0.063369 -0.039883 2.070000
0.066225 -0.034937 2.070000
0.069073 -0.029987 2.070000
0.071912 -0.025032 2.070000
0.074742 -0.020071 2.070000
0.077559 -0.015103 2.070000
0.080354 -0.010122 2.070000
0.083102 -0.005116 2.070000
0.085640 -0.000000 2.070000

