0.295968 0.000000 28.830000
0.287006 0.017583 28.830000
0.277430 0.034840 28.830000
0.267720 0.052021 28.830000
0.257950 0.069169 28.830000
0.248146 0.086296 28.830000
0.238316 0.103409 28.830000
0.228466 0.120511 28.830000
0.218598 0.137602 28.830000
0.208713 0.154683 28.830000
0.198807 0.171752 28.830000
0.188877 0.188807 28.830000
0.178911 0.205842 28.830000
0.168887 0.222841 28.830000
0.158730 0.239763 28.830000
0.147984 0.256315 28.830000
0.128275 0.257346 28.830000
0.108543 0.257681 28.830000
0.088808 0.257863 28.830000
0.069073 0.257976 28.830000
0.049338 0.258048 28.830000
0.029603 0.258092 28.830000
0.009868 0.258113 28.830000
-0.009868 0.258113 28.830000
-0.029603 0.258092 28.830000
-0.049338 0.258048 28.830000
-0.069073 0.257976 28.830000
-0.088808 0.257863 28.830000
-0.108543 0.257681 28.830000
-0.128275 0.257346 28.830000
-0.147984 0.256315 28.830000
-0.158730 0.239763 28.830000
-0.168887 0.222841 28.830000
-0.178911 0.205842 28.830000
-0.188877 0.188807 28.830000
-0.198807 0.171752 28.830000
-0.208713 0.154683 28.830000
-0.218598 0.137602 28.830000
-0.228466 0.120511 28.830000
-0.238316 0.103409 28.830000
-0.248146 0.086296 28.830000
-0.257950 0.069169 28.830000
-0.267720 0.052021 28.830000
-0.277430 0.034840 28.830000
-0.287006 0.017583 28.830000
-0.295968 0.000000 28.830000
-0.287006 -0.017583 28.830000
-0.277430 -0.034840 28.830000
-0.267720 -0.052021 28.830000
-0.257950 -0.069169 28.830000
-0.248146 -0.086296 28.830000
-0.238316 -0.103409 28.830000
-0.228466 -0.120511 28.830000
-0.218598 -0.137602 28.830000
-0.208713 -0.154683 28.830000
-0.198807 -0.171752 28.830000
-0.188877 -0.188807 28.830000
-0.178911 -0.205842 28.830000
-0.168887 -0.222841 28.830000
-0.158730 -0.239763 28.830000
-0.147984 -0.256315 28.830000
-0.128275 -0.257346 28.830000
-0.108543 -0.257681 28.830000
-0.088808 -0.257863 28.830000
-0.069073 -0.257976 28.830000
-0.049338 -0.258048 28.830000
-0.029603 -0.258092 28.830000
-0.009868 -0.258113 28.830000
0.009868 -0.258113 28.830000
0.029603 -0.258092 28.830000
0.049338 -0.258048 28.830000
0.069073 -0.257976 28.830000
0.088808 -0.257863 28.830000
0.108543 -0.257681 28.830000
0.128275 -0.257346 28.830000
0.147984 -0.256315 28.830000
0.158730 -0.239763 28.830000
0.168887 -0.222841 28.830000
0.178911 -0.205842 28.830000
0.188877 -0.188807 28.830000
0.198807 -0.171752 28.830000
0.208713 -0.154683 28.830000
0.218598 -0.137602 28.830000
0.228466 -0.120511 28.830000
0.238316 -0.103409 28.830000
0.248146 -0.086296 28.830000
0.257950 -0.069169 28.830000
0.267720 -0.052021 28.830000
0.277430 -0.034840 28.830000
0.287006 -0.017583 28.830000
0.295968 0.000000 28.830000

