0.343757 0.000000 37.340000
0.333307 0.020401 37.340000
0.322167 0.040433 37.340000
0.310876 0.060381 37.340000
0.299519 0.080291 37.340000
0.288123 0.100179 37.340000
0.276701 0.120052 37.340000
0.265258 0.139913 37.340000
0.253797 0.159763 37.340000
0.242318 0.179604 37.340000
0.230819 0.199432 37.340000
0.219294 0.219245 37.340000
0.207729 0.239036 37.340000
0.196099 0.258788 37.340000
0.184321 0.278452 37.340000
0.171879 0.297703 37.340000
0.148986 0.298853 37.340000
0.126067 0.299221 37.340000
0.103147 0.299417 37.340000
0.080225 0.299536 37.340000
0.057304 0.299612 37.340000
0.034382 0.299656 37.340000
0.011461 0.299676 37.340000
-0.011461 0.299676 37.340000
-0.034382 0.299656 37.340000
-0.057304 0.299612 37.340000
-0.080225 0.299536 37.340000
-0.103147 0.299417 37.340000
-0.126067 0.299221 37.340000
-0.148986 0.298853 37.340000
-0.171879 0.297703 37.340000
-0.184321 0.278452 37.340000
-0.196099 0.258788 37.340000
-0.207729 0.239036 37.340000
-0.219294 0.219245 37.340000
-0.230819 0.199432 37.340000
-0.242318 0.179604 37.340000
-0.253797 0.159763 37.340000
-0.265258 0.139913 37.340000
-0.276701 0.120052 37.340000
-0.288123 0.100179 37.340000
-0.299519 0.080291 37.340000
-0.310876 0.060381 37.340000
-0.322167 0.040433 37.340000
-0.333307 0.020401 37.340000
-0.343757 0.000000 37.340000
-0.333307 -0.020401 37.340000
-0.322167 -0.040433 37.340000
-0.310876 -0.060381 37.340000
-0.299519 -0.080291 37.340000
-0.288123 -0.100179 37.340000
-0.276701 -0.120052 37.340000
-0.265258 -0.139913 37.340000
-0.253797 -0.159763 37.340000
-0.242318 -0.179604 37.340000
-0.230819 -0.199432 37.340000
-0.219294 -0.219245 37.340000
-0.207729 -0.239036 37.340000
-0.196099 -0.258788 37.340000
-0.184321 -0.278452 37.340000
-0.171879 -0.297703 37.340000
-0.148986 -0.298853 37.340000
-0.126067 -0.299221 37.340000
-0.103147 -0.299417 37.340000
-0.080225 -0.299536 37.340000
-0.057304 -0.299612 37.340000
-0.034382 -0.299656 37.340000
-0.011461 -0.299676 37.340000
0.011461 -0.299676 37.340000
0.034382 -0.299656 37.340000
0.057304 -0.299612 37.340000
0.080225 -0.299536 37.340000
0.103147 -0.299417 37.340000
0.126067 -0.299221 37.340000
0.148986 -0.298853 37.340000
0.171879 -0.297703 37.340000
0.184321 -0.278452 37.340000
0.196099 -0.258788 37.340000
0.207729 -0.239036 37.340000
0.219294 -0.219245 37.340000
0.230819 -0.199432 37.340000
0.242318 -0.179604 37.340000
0.253797 -0.159763 37.340000
0.265258 -0.139913 37.340000
0.276701 -0.120052 37.340000
0.288123 -0.100179 37.340000
0.299519 -0.080291 37.340000
0.310876 -0.060381 37.340000
0.322167 -0.040433 37.340000
0.333307 -0.020401 37.340000
0.343757 0.000000 37.340000

