0.249795 0.000000 21.360000
0.242262 0.014856 21.360000
0.234194 0.029429 21.360000
0.226008 0.043935 21.360000
0.217770 0.058412 21.360000
0.209500 0.072871 21.360000
0.201207 0.087316 21.360000
0.192895 0.101751 21.360000
0.184567 0.116177 21.360000
0.176222 0.130592 21.360000
0.167858 0.144997 21.360000
0.159471 0.159388 21.360000
0.151053 0.173761 21.360000
0.142583 0.188104 21.360000
0.133997 0.202377 21.360000
0.124897 0.216329 21.360000
0.108265 0.217233 21.360000
0.091611 0.217532 21.360000
0.074955 0.217696 21.360000
0.058299 0.217800 21.360000
0.041642 0.217867 21.360000
0.024985 0.217908 21.360000
0.008328 0.217928 21.360000
-0.008328 0.217928 21.360000
-0.024985 0.217908 21.360000
-0.041642 0.217867 21.360000
-0.058299 0.217800 21.360000
-0.074955 0.217696 21.360000
-0.091611 0.217532 21.360000
-0.108265 0.217233 21.360000
-0.124897 0.216329 21.360000
-0.133997 0.202377 21.360000
-0.142583 0.188104 21.360000
-0.151053 0.173761 21.360000
-0.159471 0.159388 21.360000
-0.167858 0.144997 21.360000
-0.176222 0.130592 21.360000
-0.184567 0.116177 21.360000
-0.192895 0.101751 21.360000
-0.201207 0.087316 21.360000
-0.209500 0.072871 21.360000
-0.217770 0.058412 21.360000
-0.226008 0.043935 21.360000
-0.234194 0.029429 21.360000
-0.242262 0.014856 21.360000
-0.249795 0.000000 21.360000
-0.242262 -0.014856 21.360000
-0.234194 -0.029429 21.360000
-0.226008 -0.043935 21.360000
-0.217770 -0.058412 21.360000
-0.209500 -0.072871 21.360000
-0.201207 -0.087316 21.360000
-0.192895 -0.101751 21.360000
-0.184567 -0.116177 21.360000
-0.176222 -0.130592 21.360000
-0.167858 -0.144997 21.360000
-0.159471 -0.159388 21.360000
-0.151053 -0.173761 21.360000
-0.142583 -0.188104 21.360000
-0.133997 -0.202377 21.360000
-0.124897 -0.216329 21.360000
-0.108265 -0.217233 21.360000
-0.091611 -0.217532 21.360000
-0.074955 -0.217696 21.360000
-0.058299 -0.217800 21.360000
-0.041642 -0.217867 21.360000
-0.024985 -0.217908 21.360000
-0.008328 -0.217928 21.360000
0.008328 -0.217928 21.360000
0.024985 -0.217908 21.360000
0.041642 -0.217867 21.360000
0.058299 -0.217800 21.360000
0.074955 -0.217696 21.360000
0.091611 -0.217532 21.360000
0.108265 -0.217233 21.360000
0.124897 -0.216329 21.360000
0.133997 -0.202377 21.360000
0.142583 -0.188104 21.360000
0.151053 -0.173761 21.360000
0.159471 -0.159388 21.360000
0.167858 -0.144997 21.360000
0.176222 -0.130592 21.360000
0.184567 -0.116177 21.360000
0.192895 -0.101751 21.360000
0.201207 -0.087316 21.360000
0.209500 -0.072871 21.360000
0.217770 -0.058412 21.360000
0.226008 -0.043935 21.360000
0.234194 -0.029429 21.360000
0.242262 -0.014856 21.360000
0.249795 0.000000 21.360000

