0.343004 0.000000 37.200000
0.332577 0.020356 37.200000
0.321461 0.040345 37.200000
0.310195 0.060249 37.200000
0.298863 0.080116 37.200000
0.287493 0.099960 37.200000
0.276095 0.119789 37.200000
0.264678 0.139607 37.200000
0.253242 0.159414 37.200000
0.241788 0.179211 37.200000
0.230315 0.198996 37.200000
0.218814 0.218765 37.200000
0.207275 0.238512 37.200000
0.195670 0.258221 37.200000
0.183918 0.277842 37.200000
0.171502 0.297050 37.200000
0.148659 0.298198 37.200000
0.125791 0.298566 37.200000
0.102921 0.298761 37.200000
0.080049 0.298881 37.200000
0.057178 0.298956 37.200000
0.034307 0.299000 37.200000
0.011436 0.299021 37.200000
-0.011436 0.299021 37.200000
-0.034307 0.299000 37.200000
-0.057178 0.298956 37.200000
-0.080049 0.298881 37.200000
-0.102921 0.298761 37.200000
-0.125791 0.298566 37.200000
-0.148659 0.298198 37.200000
-0.171502 0.297050 37.200000
-0.183918 0.277842 37.200000
-0.195670 0.258221 37.200000
-0.207275 0.238512 37.200000
-0.218814 0.218765 37.200000
-0.230315 0.198996 37.200000
-0.241788 0.179211 37.200000
-0.253242 0.159414 37.200000
-0.264678 0.139607 37.200000
-0.276095 0.119789 37.200000
-0.287493 0.099960 37.200000
-0.298863 0.080116 37.200000
-0.310195 0.060249 37.200000
-0.321461 0.040345 37.200000
-0.332577 0.020356 37.200000
-0.343004 0.000000 37.200000
-0.332577 -0.020356 37.200000
-0.321461 -0.040345 37.200000
-0.310195 -0.060249 37.200000
-0.298863 -0.080116 37.200000
-0.287493 -0.099960 37.200000
-0.276095 -0.119789 37.200000
-0.264678 -0.139607 37.200000
-0.253242 -0.159414 37.200000
-0.241788 -0.179211 37.200000
-0.230315 -0.198996 37.200000
-0.218814 -0.218765 37.200000
-0.207275 -0.238512 37.200000
-0.195670 -0.258221 37.200000
-0.183918 -0.277842 37.200000
-0.171502 -0.297050 37.200000
-0.148659 -0.298198 37.200000
-0.125791 -0.298566 37.200000
-0.102921 -0.298761 37.200000
-0.080049 -0.298881 37.200000
-0.057178 -0.298956 37.200000
-0.034307 -0.299000 37.200000
-0.011436 -0.299021 37.200000
0.011436 -0.299021 37.200000
0.034307 -0.299000 37.200000
0.057178 -0.298956 37.200000
0.080049 -0.298881 37.200000
0.102921 -0.298761 37.200000
0.125791 -0.298566 37.200000
0.148659 -0.298198 37.200000
0.171502 -0.297050 37.200000
0.183918 -0.277842 37.200000
0.195670 -0.258221 37.200000
0.207275 -0.238512 37.200000
0.218814 -0.218765 37.200000
0.230315 -0.198996 37.200000
0.241788 -0.179211 37.200000
0.253242 -0.159414 37.200000
0.264678 -0.139607 37.200000
0.276095 -0.119789 37.200000
0.287493 -0.099960 37.200000
0.298863 -0.080116 37.200000
0.310195 -0.060249 37.200000
0.321461 -0.040345 37.200000
0.332577 -0.020356 37.200000
0.343004 0.000000 37.200000

