0.326721 0.000000 34.220000
0.316802 0.019397 34.220000
0.306220 0.038440 34.220000
0.295493 0.057402 34.220000
0.284702 0.076327 34.220000
0.273874 0.095231 34.220000
0.263020 0.114120 34.220000
0.252145 0.132998 34.220000
0.241252 0.151865 34.220000
0.230341 0.170721 34.220000
0.219410 0.189566 34.220000
0.208453 0.208396 34.220000
0.197458 0.227204 34.220000
0.186400 0.245974 34.220000
0.175199 0.264660 34.220000
0.163360 0.282949 34.220000
0.141603 0.284057 34.220000
0.119820 0.284414 34.220000
0.098035 0.284605 34.220000
0.076250 0.284723 34.220000
0.054464 0.284798 34.220000
0.032679 0.284842 34.220000
0.010893 0.284863 34.220000
-0.010893 0.284863 34.220000
-0.032679 0.284842 34.220000
-0.054464 0.284798 34.220000
-0.076250 0.284723 34.220000
-0.098035 0.284605 34.220000
-0.119820 0.284414 34.220000
-0.141603 0.284057 34.220000
-0.163360 0.282949 34.220000
-0.175199 0.264660 34.220000
-0.186400 0.245974 34.220000
-0.197458 0.227204 34.220000
-0.208453 0.208396 34.220000
-0.219410 0.189566 34.220000
-0.230341 0.170721 34.220000
-0.241252 0.151865 34.220000
-0.252145 0.132998 34.220000
-0.263020 0.114120 34.220000
-0.273874 0.095231 34.220000
-0.284702 0.076327 34.220000
-0.295493 0.057402 34.220000
-0.306220 0.038440 34.220000
-0.316802 0.019397 34.220000
-0.326721 0.000000 34.220000
-0.316802 -0.019397 34.220000
-0.306220 -0.038440 34.220000
-0.295493 -0.057402 34.220000
-0.284702 -0.076327 34.220000
-0.273874 -0.095231 34.220000
-0.263020 -0.114120 34.220000
-0.252145 -0.132998 34.220000
-0.241252 -0.151865 34.220000
-0.230341 -0.170721 34.220000
-0.219410 -0.189566 34.220000
-0.208453 -0.208396 34.220000
-0.197458 -0.227204 34.220000
-0.186400 -0.245974 34.220000
-0.175199 -0.264660 34.220000
-0.163360 -0.282949 34.220000
-0.141603 -0.284057 34.220000
-0.119820 -0.284414 34.220000
-0.098035 -0.284605 34.220000
-0.076250 -0.284723 34.220000
-0.054464 -0.284798 34.220000
-0.032679 -0.284842 34.220000
-0.010893 -0.284863 34.220000
0.010893 -0.284863 34.220000
0.032679 -0.284842 34.220000
0.054464 -0.284798 34.220000
0.076250 -0.284723 34.220000
0.098035 -0.284605 34.220000
0.119820 -0.284414 34.220000
0.141603 -0.284057 34.220000
0.163360 -0.282949 34.220000
0.175199 -0.264660 34.220000
0.186400 -0.245974 34.220000
0.197458 -0.227204 34.220000
0.208453 -0.208396 34.220000
0.219410 -0.189566 34.220000
0.230341 -0.170721 34.220000
0.241252 -0.151865 34.220000
0.252145 -0.132998 34.220000
0.263020 -0.114120 34.220000
0.273874 -0.095231 34.220000
0.284702 -0.076327 34.220000
0.295493 -0.057402 34.220000
0.306220 -0.038440 34.220000
0.316802 -0.019397 34.220000
0.326721 0.000000 34.220000

