0.310572 0.000000 31.350000
0.301156 0.018445 31.350000
0.291103 0.036550 31.350000
0.280910 0.054577 31.350000
0.270656 0.072569 31.350000
0.260365 0.090540 31.350000
0.250049 0.108497 31.350000
0.239712 0.126441 31.350000
0.229358 0.144376 31.350000
0.218985 0.162300 31.350000
0.208592 0.180213 31.350000
0.198174 0.198110 31.350000
0.187720 0.215987 31.350000
0.177204 0.233828 31.350000
0.166552 0.251587 31.350000
0.155286 0.268963 31.350000
0.134605 0.270031 31.350000
0.113898 0.270377 31.350000
0.093190 0.270563 31.350000
0.072481 0.270679 31.350000
0.051773 0.270753 31.350000
0.031064 0.270797 31.350000
0.010355 0.270817 31.350000
-0.010355 0.270817 31.350000
-0.031064 0.270797 31.350000
-0.051773 0.270753 31.350000
-0.072481 0.270679 31.350000
-0.093190 0.270563 31.350000
-0.113898 0.270377 31.350000
-0.134605 0.270031 31.350000
-0.155286 0.268963 31.350000
-0.166552 0.251587 31.350000
-0.177204 0.233828 31.350000
-0.187720 0.215987 31.350000
-0.198174 0.198110 31.350000
-0.208592 0.180213 31.350000
-0.218985 0.162300 31.350000
-0.229358 0.144376 31.350000
-0.239712 0.126441 31.350000
-0.250049 0.108497 31.350000
-0.260365 0.090540 31.350000
-0.270656 0.072569 31.350000
-0.280910 0.054577 31.350000
-0.291103 0.036550 31.350000
-0.301156 0.018445 31.350000
-0.310572 0.000000 31.350000
-0.301156 -0.018445 31.350000
-0.291103 -0.036550 31.350000
-0.280910 -0.054577 31.350000
-0.270656 -0.072569 31.350000
-0.260365 -0.090540 31.350000
-0.250049 -0.108497 31.350000
-0.239712 -0.126441 31.350000
-0.229358 -0.144376 31.350000
-0.218985 -0.162300 31.350000
-0.208592 -0.180213 31.350000
-0.198174 -0.198110 31.350000
-0.187720 -0.215987 31.350000
-0.177204 -0.233828 31.350000
-0.166552 -0.251587 31.350000
-0.155286 -0.268963 31.350000
-0.134605 -0.270031 31.350000
-0.113898 -0.270377 31.350000
-0.093190 -0.270563 31.350000
-0.072481 -0.270679 31.350000
-0.051773 -0.270753 31.350000
-0.031064 -0.270797 31.350000
-0.010355 -0.270817 31.350000
0.010355 -0.270817 31.350000
0.031064 -0.270797 31.350000
0.051773 -0.270753 31.350000
0.072481 -0.270679 31.350000
0.093190 -0.270563 31.350000
0.113898 -0.270377 31.350000
0.134605 -0.270031 31.350000
0.155286 -0.268963 31.350000
0.166552 -0.251587 31.350000
0.177204 -0.233828 31.350000
0.187720 -0.215987 31.350000
0.198174 -0.198110 31.350000
0.208592 -0.180213 31.350000
0.218985 -0.162300 31.350000
0.229358 -0.144376 31.350000
0.239712 -0.126441 31.350000
0.250049 -0.108497 31.350000
0.260365 -0.090540 31.350000
0.270656 -0.072569 31.350000
0.280910 -0.054577 31.350000
0.291103 -0.036550 31.350000
0.301156 -0.018445 31.350000
0.310572 0.000000 31.350000

