0.288560 0.000000 27.580000
0.279828 0.017146 27.580000
0.270494 0.033972 27.580000
0.261029 0.050724 27.580000
0.251506 0.067444 27.580000
0.241947 0.084143 27.580000
0.232364 0.100828 27.580000
0.222761 0.117502 27.580000
0.213140 0.134166 27.580000
0.203502 0.150819 27.580000
0.193844 0.167461 27.580000
0.184161 0.184088 27.580000
0.174443 0.200696 27.580000
0.164668 0.217269 27.580000
0.154763 0.233765 27.580000
0.144280 0.249901 27.580000
0.125065 0.250911 27.580000
0.105827 0.251241 27.580000
0.086586 0.251420 27.580000
0.067345 0.251532 27.580000
0.048104 0.251604 27.580000
0.028862 0.251647 27.580000
0.009621 0.251668 27.580000
-0.009621 0.251668 27.580000
-0.028862 0.251647 27.580000
-0.048104 0.251604 27.580000
-0.067345 0.251532 27.580000
-0.086586 0.251420 27.580000
-0.105827 0.251241 27.580000
-0.125065 0.250911 27.580000
-0.144280 0.249901 27.580000
-0.154763 0.233765 27.580000
-0.164668 0.217269 27.580000
-0.174443 0.200696 27.580000
-0.184161 0.184088 27.580000
-0.193844 0.167461 27.580000
-0.203502 0.150819 27.580000
-0.213140 0.134166 27.580000
-0.222761 0.117502 27.580000
-0.232364 0.100828 27.580000
-0.241947 0.084143 27.580000
-0.251506 0.067444 27.580000
-0.261029 0.050724 27.580000
-0.270494 0.033972 27.580000
-0.279828 0.017146 27.580000
-0.288560 0.000000 27.580000
-0.279828 -0.017146 27.580000
-0.270494 -0.033972 27.580000
-0.261029 -0.050724 27.580000
-0.251506 -0.067444 27.580000
-0.241947 -0.084143 27.580000
-0.232364 -0.100828 27.580000
-0.222761 -0.117502 27.580000
-0.213140 -0.134166 27.580000
-0.203502 -0.150819 27.580000
-0.193844 -0.167461 27.580000
-0.184161 -0.184088 27.580000
-0.174443 -0.200696 27.580000
-0.164668 -0.217269 27.580000
-0.154763 -0.233765 27.580000
-0.144280 -0.249901 27.580000
-0.125065 -0.250911 27.580000
-0.105827 -0.251241 27.580000
-0.086586 -0.251420 27.580000
-0.067345 -0.251532 27.580000
-0.048104 -0.251604 27.580000
-0.028862 -0.251647 27.580000
-0.009621 -0.251668 27.580000
0.009621 -0.251668 27.580000
0.028862 -0.251647 27.580000
0.048104 -0.251604 27.580000
0.067345 -0.251532 27.580000
0.086586 -0.251420 27.580000
0.105827 -0.251241 27.580000
0.125065 -0.250911 27.580000
0.144280 -0.249901 27.580000
0.154763 -0.233765 27.580000
0.164668 -0.217269 27.580000
0.174443 -0.200696 27.580000
0.184161 -0.184088 27.580000
0.193844 -0.167461 27.580000
0.203502 -0.150819 27.580000
0.213140 -0.134166 27.580000
0.222761 -0.117502 27.580000
0.232364 -0.100828 27.580000
0.241947 -0.084143 27.580000
0.251506 -0.067444 27.580000
0.261029 -0.050724 27.580000
0.270494 -0.033972 27.580000
0.279828 -0.017146 27.580000
0.288560 0.000000 27.580000

