0.121948 -0.000000 5.210000
0.118318 0.007277 5.210000
0.114400 0.014403 5.210000
0.110416 0.021493 5.210000
0.106403 0.028566 5.210000
0.102372 0.035629 5.210000
0.098328 0.042684 5.210000
0.094272 0.049733 5.210000
0.090206 0.056775 5.210000
0.086129 0.063812 5.210000
0.082041 0.070842 5.210000
0.077940 0.077865 5.210000
0.073821 0.084877 5.210000
0.069673 0.091872 5.210000
0.065462 0.098828 5.210000
0.060974 0.105610 5.210000
0.052857 0.106105 5.210000
0.044726 0.106275 5.210000
0.036595 0.106369 5.210000
0.028463 0.106431 5.210000
0.020331 0.106471 5.210000
0.012198 0.106496 5.210000
0.004066 0.106508 5.210000
-0.004066 0.106508 5.210000
-0.012198 0.106496 5.210000
-0.020331 0.106471 5.210000
-0.028463 0.106431 5.210000
-0.036595 0.106369 5.210000
-0.044726 0.106275 5.210000
-0.052857 0.106105 5.210000
-0.060974 0.105610 5.210000
-0.065462 0.098828 5.210000
-0.069673 0.091872 5.210000
-0.073821 0.084877 5.210000
-0.077940 0.077865 5.210000
-0.082041 0.070842 5.210000
-0.086129 0.063812 5.210000
-0.090206 0.056775 5.210000
-0.094272 0.049733 5.210000
-0.098328 0.042684 5.210000
-0.102372 0.035629 5.210000
-0.106403 0.028566 5.210000
-0.110416 0.021493 5.210000
-0.114400 0.014403 5.210000
-0.118318 0.007277 5.210000
-0.121948 -0.000000 5.210000
-0.118318 -0.007277 5.210000
-0.114400 -0.014403 5.210000
-0.110416 -0.021493 5.210000
-0.106403 -0.028566 5.210000
-0.102372 -0.035629 5.210000
-0.098328 -0.042684 5.210000
-0.094272 -0.049733 5.210000
-0.090206 -0.056775 5.210000
-0.086129 -0.063812 5.210000
-0.082041 -0.070842 5.210000
-0.077940 -0.077865 5.210000
-0.073821 -0.084877 5.210000
-0.069673 -0.091872 5.210000
-0.065462 -0.098828 5.210000
-0.060974 -0.105610 5.210000
-0.052857 -0.106105 5.210000
-0.044726 -0.106275 5.210000
-0.036595 -0.106369 5.210000
-0.028463 -0.106431 5.210000
-0.020331 -0.106471 5.210000
-0.012198 -0.106496 5.210000
-0.004066 -0.106508 5.210000
0.004066 -0.106508 5.210000
0.012198 -0.106496 5.210000
0.020331 -0.106471 5.210000
0.028463 -0.106431 5.210000
0.036595 -0.106369 5.210000
0.044726 -0.106275 5.210000
0.052857 -0.106105 5.210000
0.060974 -0.105610 5.210000
0.065462 -0.098828 5.210000
0.069673 -0.091872 5.210000
0.073821 -0.084877 5.210000
0.077940 -0.077865 5.210000
0.082041 -0.070842 5.210000
0.086129 -0.063812 5.210000
0.090206 -0.056775 5.210000
0.094272 -0.049733 5.210000
0.098328 -0.042684 5.210000
0.102372 -0.035629 5.210000
0.106403 -0.028566 5.210000
0.110416 -0.021493 5.210000
0.114400 -0.014403 5.210000
0.118318 -0.007277 5.210000
0.121948 -0.000000 5.210000

