0.367032 0.000000 41.750000
0.355854 0.021772 41.750000
0.343950 0.043155 41.750000
0.331888 0.064449 41.750000
0.319756 0.085704 41.750000
0.307585 0.106936 41.750000
0.295386 0.128152 41.750000
0.283167 0.149357 41.750000
0.270930 0.170551 41.750000
0.258676 0.191736 41.750000
0.246402 0.212908 41.750000
0.234100 0.234065 41.750000
0.221758 0.255199 41.750000
0.209348 0.276292 41.750000
0.196782 0.297293 41.750000
0.183516 0.317859 41.750000
0.159072 0.319064 41.750000
0.134602 0.319446 41.750000
0.110129 0.319648 41.750000
0.085656 0.319769 41.750000
0.061183 0.319844 41.750000
0.036710 0.319888 41.750000
0.012237 0.319908 41.750000
-0.012237 0.319908 41.750000
-0.036710 0.319888 41.750000
-0.061183 0.319844 41.750000
-0.085656 0.319769 41.750000
-0.110129 0.319648 41.750000
-0.134602 0.319446 41.750000
-0.159072 0.319064 41.750000
-0.183516 0.317859 41.750000
-0.196782 0.297293 41.750000
-0.209348 0.276292 41.750000
-0.221758 0.255199 41.750000
-0.234100 0.234065 41.750000
-0.246402 0.212908 41.750000
-0.258676 0.191736 41.750000
-0.270930 0.170551 41.750000
-0.283167 0.149357 41.750000
-0.295386 0.128152 41.750000
-0.307585 0.106936 41.750000
-0.319756 0.085704 41.750000
-0.331888 0.064449 41.750000
-0.343950 0.043155 41.750000
-0.355854 0.021772 41.750000
-0.367032 0.000000 41.750000
-0.355854 -0.021772 41.750000
-0.343950 -0.043155 41.750000
-0.331888 -0.064449 41.750000
-0.319756 -0.085704 41.750000
-0.307585 -0.106936 41.750000
-0.295386 -0.128152 41.750000
-0.283167 -0.149357 41.750000
-0.270930 -0.170551 41.750000
-0.258676 -0.191736 41.750000
-0.246402 -0.212908 41.750000
-0.234100 -0.234065 41.750000
-0.221758 -0.255199 41.750000
-0.209348 -0.276292 41.750000
-0.196782 -0.297293 41.750000
-0.183516 -0.317859 41.750000
-0.159072 -0.319064 41.750000
-0.134602 -0.319446 41.750000
-0.110129 -0.319648 41.750000
-0.085656 -0.319769 41.750000
-0.061183 -0.319844 41.750000
-0.036710 -0.319888 41.750000
-0.012237 -0.319908 41.750000
0.012237 -0.319908 41.750000
0.036710 -0.319888 41.750000
0.061183 -0.319844 41.750000
0.085656 -0.319769 41.750000
0.110129 -0.319648 41.750000
0.134602 -0.319446 41.750000
0.159072 -0.319064 41.750000
0.183516 -0.317859 41.750000
0.196782 -0.297293 41.750000
0.209348 -0.276292 41.750000
0.221758 -0.255199 41.750000
0.234100 -0.234065 41.750000
0.246402 -0.212908 41.750000
0.258676 -0.191736 41.750000
0.270930 -0.170551 41.750000
0.283167 -0.149357 41.750000
0.295386 -0.128152 41.750000
0.307585 -0.106936 41.750000
0.319756 -0.085704 41.750000
0.331888 -0.064449 41.750000
0.343950 -0.043155 41.750000
0.355854 -0.021772 41.750000
0.367032 0.000000 41.750000

