0.105421 -0.000000 3.690000
0.102289 0.006294 3.690000
0.098904 0.012455 3.690000
0.095461 0.018585 3.690000
0.091993 0.024700 3.690000
0.088509 0.030806 3.690000
0.085013 0.036906 3.690000
0.081507 0.042999 3.690000
0.077992 0.049087 3.690000
0.074468 0.055170 3.690000
0.070933 0.061248 3.690000
0.067387 0.067318 3.690000
0.063826 0.073379 3.690000
0.060238 0.079425 3.690000
0.056595 0.085438 3.690000
0.052710 0.091297 3.690000
0.045694 0.091732 3.690000
0.038665 0.091881 3.690000
0.031635 0.091964 3.690000
0.024605 0.092018 3.690000
0.017575 0.092054 3.690000
0.010545 0.092076 3.690000
0.003515 0.092087 3.690000
-0.003515 0.092087 3.690000
-0.010545 0.092076 3.690000
-0.017575 0.092054 3.690000
-0.024605 0.092018 3.690000
-0.031635 0.091964 3.690000
-0.038665 0.091881 3.690000
-0.045694 0.091732 3.690000
-0.052710 0.091297 3.690000
-0.056595 0.085438 3.690000
-0.060238 0.079425 3.690000
-0.063826 0.073379 3.690000
-0.067387 0.067318 3.690000
-0.070933 0.061248 3.690000
-0.074468 0.055170 3.690000
-0.077992 0.049087 3.690000
-0.081507 0.042999 3.690000
-0.085013 0.036906 3.690000
-0.088509 0.030806 3.690000
-0.091993 0.024700 3.690000
-0.095461 0.018585 3.690000
-0.098904 0.012455 3.690000
-0.102289 0.006294 3.690000
-0.105421 -0.000000 3.690000
-0.102289 -0.006294 3.690000
-0.098904 -0.012455 3.690000
-0.095461 -0.018585 3.690000
-0.091993 -0.024700 3.690000
-0.088509 -0.030806 3.690000
-0.085013 -0.036906 3.690000
-0.081507 -0.042999 3.690000
-0.077992 -0.049087 3.690000
-0.074468 -0.055170 3.690000
-0.070933 -0.061248 3.690000
-0.067387 -0.067318 3.690000
-0.063826 -0.073379 3.690000
-0.060238 -0.079425 3.690000
-0.056595 -0.085438 3.690000
-0.052710 -0.091297 3.690000
-0.045694 -0.091732 3.690000
-0.038665 -0.091881 3.690000
-0.031635 -0.091964 3.690000
-0.024605 -0.092018 3.690000
-0.017575 -0.092054 3.690000
-0.010545 -0.092076 3.690000
-0.003515 -0.092087 3.690000
0.003515 -0.092087 3.690000
0.010545 -0.092076 3.690000
0.017575 -0.092054 3.690000
0.024605 -0.092018 3.690000
0.031635 -0.091964 3.690000
0.038665 -0.091881 3.690000
0.045694 -0.091732 3.690000
0.052710 -0.091297 3.690000
0.056595 -0.085438 3.690000
0.060238 -0.079425 3.690000
0.063826 -0.073379 3.690000
0.067387 -0.067318 3.690000
0.070933 -0.061248 3.690000
0.074468 -0.055170 3.690000
0.077992 -0.049087 3.690000
0.081507 -0.042999 3.690000
0.085013 -0.036906 3.690000
0.088509 -0.030806 3.690000
0.091993 -0.024700 3.690000
0.095461 -0.018585 3.690000
0.098904 -0.012455 3.690000
0.102289 -0.006294 3.690000
0.105421 -0.000000 3.690000

