0.055982 -0.000000 0.080000
0.054328 0.003347 0.080000
0.052534 0.006621 0.080000
0.050708 0.009877 0.080000
0.048867 0.013125 0.080000
0.047018 0.016369 0.080000
0.045162 0.019608 0.080000
0.043300 0.022844 0.080000
0.041434 0.026077 0.080000
0.039562 0.029307 0.080000
0.037685 0.032534 0.080000
0.035801 0.035757 0.080000
0.033908 0.038975 0.080000
0.032001 0.042185 0.080000
0.030062 0.045376 0.080000
0.027991 0.048482 0.080000
0.024265 0.048723 0.080000
0.020533 0.048806 0.080000
0.016800 0.048853 0.080000
0.013067 0.048883 0.080000
0.009333 0.048903 0.080000
0.005600 0.048915 0.080000
0.001867 0.048921 0.080000
-0.001867 0.048921 0.080000
-0.005600 0.048915 0.080000
-0.009333 0.048903 0.080000
-0.013067 0.048883 0.080000
-0.016800 0.048853 0.080000
-0.020533 0.048806 0.080000
-0.024265 0.048723 0.080000
-0.027991 0.048482 0.080000
-0.030062 0.045376 0.080000
-0.032001 0.042185 0.080000
-0.033908 0.038975 0.080000
-0.035801 0.035757 0.080000
-0.037685 0.032534 0.080000
-0.039562 0.029307 0.080000
-0.041434 0.026077 0.080000
-0.043300 0.022844 0.080000
-0.045162 0.019608 0.080000
-0.047018 0.016369 0.080000
-0.048867 0.013125 0.080000
-0.050708 0.009877 0.080000
-0.052534 0.006621 0.080000
-0.054328 0.003347 0.080000
-0.055982 0.000000 0.080000
-0.054328 -0.003347 0.080000
-0.052534 -0.006621 0.080000
-0.050708 -0.009877 0.080000
-0.048867 -0.013125 0.080000
-0.047018 -0.016369 0.080000
-0.045162 -0.019608 0.080000
-0.043300 -0.022844 0.080000
-0.041434 -0.026077 0.080000
-0.039562 -0.029307 0.080000
-0.037685 -0.032534 0.080000
-0.035801 -0.035757 0.080000
-0.033908 -0.038975 0.080000
-0.032001 -0.042185 0.080000
-0.030062 -0.045376 0.080000
-0.027991 -0.048482 0.080000
-0.024265 -0.048723 0.080000
-0.020533 -0.048806 0.080000
-0.016800 -0.048853 0.080000
-0.013067 -0.048883 0.080000
-0.009333 -0.048903 0.080000
-0.005600 -0.048915 0.080000
-0.001867 -0.048921 0.080000
0.001867 -0.048921 0.080000
0.005600 -0.048915 0.080000
0.009333 -0.048903 0.080000
0.013067 -0.048883 0.080000
0.016800 -0.048853 0.080000
0.020533 -0.048806 0.080000
0.024265 -0.048723 0.080000
0.027991 -0.048482 0.080000
0.030062 -0.045376 0.080000
0.032001 -0.042185 0.080000
0.033908 -0.038975 0.080000
0.035801 -0.035757 0.080000
0.037685 -0.032534 0.080000
0.039562 -0.029307 0.080000
0.041434 -0.026077 0.080000
0.043300 -0.022844 0.080000
0.045162 -0.019608 0.080000
0.047018 -0.016369 0.080000
0.048867 -0.013125 0.080000
0.050708 -0.009877 0.080000
0.052534 -0.006621 0.080000
0.054328 -0.003347 0.080000
0.055982 -0.000000 0.080000

