0.230055 0.000000 18.410000
0.223130 0.013689 18.410000
0.215705 0.027113 18.410000
0.208170 0.040475 18.410000
0.200585 0.053810 18.410000
0.192971 0.067127 18.410000
0.185335 0.080432 18.410000
0.177681 0.093727 18.410000
0.170010 0.107012 18.410000
0.162324 0.120288 18.410000
0.154619 0.133554 18.410000
0.146893 0.146807 18.410000
0.139138 0.160043 18.410000
0.131333 0.173250 18.410000
0.123420 0.186392 18.410000
0.115027 0.199233 18.410000
0.099710 0.200081 18.410000
0.084372 0.200363 18.410000
0.069032 0.200518 18.410000
0.053692 0.200617 18.410000
0.038352 0.200681 18.410000
0.023011 0.200721 18.410000
0.007670 0.200740 18.410000
-0.007670 0.200740 18.410000
-0.023011 0.200721 18.410000
-0.038352 0.200681 18.410000
-0.053692 0.200617 18.410000
-0.069032 0.200518 18.410000
-0.084372 0.200363 18.410000
-0.099710 0.200081 18.410000
-0.115027 0.199233 18.410000
-0.123420 0.186392 18.410000
-0.131333 0.173250 18.410000
-0.139138 0.160043 18.410000
-0.146893 0.146807 18.410000
-0.154619 0.133554 18.410000
-0.162324 0.120288 18.410000
-0.170010 0.107012 18.410000
-0.177681 0.093727 18.410000
-0.185335 0.080432 18.410000
-0.192971 0.067127 18.410000
-0.200585 0.053810 18.410000
-0.208170 0.040475 18.410000
-0.215705 0.027113 18.410000
-0.223130 0.013689 18.410000
-0.230055 0.000000 18.410000
-0.223130 -0.013689 18.410000
-0.215705 -0.027113 18.410000
-0.208170 -0.040475 18.410000
-0.200585 -0.053810 18.410000
-0.192971 -0.067127 18.410000
-0.185335 -0.080432 18.410000
-0.177681 -0.093727 18.410000
-0.170010 -0.107012 18.410000
-0.162324 -0.120288 18.410000
-0.154619 -0.133554 18.410000
-0.146893 -0.146807 18.410000
-0.139138 -0.160043 18.410000
-0.131333 -0.173250 18.410000
-0.123420 -0.186392 18.410000
-0.115027 -0.199233 18.410000
-0.099710 -0.200081 18.410000
-0.084372 -0.200363 18.410000
-0.069032 -0.200518 18.410000
-0.053692 -0.200617 18.410000
-0.038352 -0.200681 18.410000
-0.023011 -0.200721 18.410000
-0.007670 -0.200740 18.410000
0.007670 -0.200740 18.410000
0.023011 -0.200721 18.410000
0.038352 -0.200681 18.410000
0.053692 -0.200617 18.410000
0.069032 -0.200518 18.410000
0.084372 -0.200363 18.410000
0.099710 -0.200081 18.410000
0.115027 -0.199233 18.410000
0.123420 -0.186392 18.410000
0.131333 -0.173250 18.410000
0.139138 -0.160043 18.410000
0.146893 -0.146807 18.410000
0.154619 -0.133554 18.410000
0.162324 -0.120288 18.410000
0.170010 -0.107012 18.410000
0.177681 -0.093727 18.410000
0.185335 -0.080432 18.410000
0.192971 -0.067127 18.410000
0.200585 -0.053810 18.410000
0.208170 -0.040475 18.410000
0.215705 -0.027113 18.410000
0.223130 -0.013689 18.410000
0.230055 0.000000 18.410000

