0.335576 0.000000 35.830000
0.325381 0.019919 35.830000
0.314509 0.039476 35.830000
0.303488 0.058950 35.830000
0.292404 0.078388 35.830000
0.281280 0.097803 35.830000
0.270131 0.117204 35.830000
0.258961 0.136592 35.830000
0.247773 0.155970 35.830000
0.236567 0.175338 35.830000
0.225340 0.194694 35.830000
0.214087 0.214035 35.830000
0.202797 0.233354 35.830000
0.191441 0.252634 35.830000
0.179941 0.271829 35.830000
0.167788 0.290617 35.830000
0.145440 0.291748 35.830000
0.123067 0.292110 35.830000
0.100692 0.292304 35.830000
0.078316 0.292423 35.830000
0.055940 0.292498 35.830000
0.033564 0.292542 35.830000
0.011188 0.292562 35.830000
-0.011188 0.292562 35.830000
-0.033564 0.292542 35.830000
-0.055940 0.292498 35.830000
-0.078316 0.292423 35.830000
-0.100692 0.292304 35.830000
-0.123067 0.292110 35.830000
-0.145440 0.291748 35.830000
-0.167788 0.290617 35.830000
-0.179941 0.271829 35.830000
-0.191441 0.252634 35.830000
-0.202797 0.233354 35.830000
-0.214087 0.214035 35.830000
-0.225340 0.194694 35.830000
-0.236567 0.175338 35.830000
-0.247773 0.155970 35.830000
-0.258961 0.136592 35.830000
-0.270131 0.117204 35.830000
-0.281280 0.097803 35.830000
-0.292404 0.078388 35.830000
-0.303488 0.058950 35.830000
-0.314509 0.039476 35.830000
-0.325381 0.019919 35.830000
-0.335576 0.000000 35.830000
-0.325381 -0.019919 35.830000
-0.314509 -0.039476 35.830000
-0.303488 -0.058950 35.830000
-0.292404 -0.078388 35.830000
-0.281280 -0.097803 35.830000
-0.270131 -0.117204 35.830000
-0.258961 -0.136592 35.830000
-0.247773 -0.155970 35.830000
-0.236567 -0.175338 35.830000
-0.225340 -0.194694 35.830000
-0.214087 -0.214035 35.830000
-0.202797 -0.233354 35.830000
-0.191441 -0.252634 35.830000
-0.179941 -0.271829 35.830000
-0.167788 -0.290617 35.830000
-0.145440 -0.291748 35.830000
-0.123067 -0.292110 35.830000
-0.100692 -0.292304 35.830000
-0.078316 -0.292423 35.830000
-0.055940 -0.292498 35.830000
-0.033564 -0.292542 35.830000
-0.011188 -0.292562 35.830000
0.011188 -0.292562 35.830000
0.033564 -0.292542 35.830000
0.055940 -0.292498 35.830000
0.078316 -0.292423 35.830000
0.100692 -0.292304 35.830000
0.123067 -0.292110 35.830000
0.145440 -0.291748 35.830000
0.167788 -0.290617 35.830000
0.179941 -0.271829 35.830000
0.191441 -0.252634 35.830000
0.202797 -0.233354 35.830000
0.214087 -0.214035 35.830000
0.225340 -0.194694 35.830000
0.236567 -0.175338 35.830000
0.247773 -0.155970 35.830000
0.258961 -0.136592 35.830000
0.270131 -0.117204 35.830000
0.281280 -0.097803 35.830000
0.292404 -0.078388 35.830000
0.303488 -0.058950 35.830000
0.314509 -0.039476 35.830000
0.325381 -0.019919 35.830000
0.335576 0.000000 35.830000

