0.309199 0.000000 31.110000
0.299826 0.018364 31.110000
0.289817 0.036389 31.110000
0.279670 0.054336 31.110000
0.269461 0.072249 31.110000
0.259216 0.090141 31.110000
0.248946 0.108018 31.110000
0.238655 0.125884 31.110000
0.228346 0.143739 31.110000
0.218019 0.161584 31.110000
0.207673 0.179417 31.110000
0.197300 0.197236 31.110000
0.186892 0.215033 31.110000
0.176422 0.232795 31.110000
0.165816 0.250475 31.110000
0.154600 0.267774 31.110000
0.134010 0.268839 31.110000
0.113395 0.269184 31.110000
0.092778 0.269369 31.110000
0.072161 0.269485 31.110000
0.051544 0.269559 31.110000
0.030926 0.269602 31.110000
0.010309 0.269623 31.110000
-0.010309 0.269623 31.110000
-0.030926 0.269602 31.110000
-0.051544 0.269559 31.110000
-0.072161 0.269485 31.110000
-0.092778 0.269369 31.110000
-0.113395 0.269184 31.110000
-0.134010 0.268839 31.110000
-0.154600 0.267774 31.110000
-0.165816 0.250475 31.110000
-0.176422 0.232795 31.110000
-0.186892 0.215033 31.110000
-0.197300 0.197236 31.110000
-0.207673 0.179417 31.110000
-0.218019 0.161584 31.110000
-0.228346 0.143739 31.110000
-0.238655 0.125884 31.110000
-0.248946 0.108018 31.110000
-0.259216 0.090141 31.110000
-0.269461 0.072249 31.110000
-0.279670 0.054336 31.110000
-0.289817 0.036389 31.110000
-0.299826 0.018364 31.110000
-0.309199 0.000000 31.110000
-0.299826 -0.018364 31.110000
-0.289817 -0.036389 31.110000
-0.279670 -0.054336 31.110000
-0.269461 -0.072249 31.110000
-0.259216 -0.090141 31.110000
-0.248946 -0.108018 31.110000
-0.238655 -0.125884 31.110000
-0.228346 -0.143739 31.110000
-0.218019 -0.161584 31.110000
-0.207673 -0.179417 31.110000
-0.197300 -0.197236 31.110000
-0.186892 -0.215033 31.110000
-0.176422 -0.232795 31.110000
-0.165816 -0.250475 31.110000
-0.154600 -0.267774 31.110000
-0.134010 -0.268839 31.110000
-0.113395 -0.269184 31.110000
-0.092778 -0.269369 31.110000
-0.072161 -0.269485 31.110000
-0.051544 -0.269559 31.110000
-0.030926 -0.269602 31.110000
-0.010309 -0.269623 31.110000
0.010309 -0.269623 31.110000
0.030926 -0.269602 31.110000
0.051544 -0.269559 31.110000
0.072161 -0.269485 31.110000
0.092778 -0.269369 31.110000
0.113395 -0.269184 31.110000
0.134010 -0.268839 31.110000
0.154600 -0.267774 31.110000
0.165816 -0.250475 31.110000
0.176422 -0.232795 31.110000
0.186892 -0.215033 31.110000
0.197300 -0.197236 31.110000
0.207673 -0.179417 31.110000
0.218019 -0.161584 31.110000
0.228346 -0.143739 31.110000
0.238655 -0.125884 31.110000
0.248946 -0.108018 31.110000
0.259216 -0.090141 31.110000
0.269461 -0.072249 31.110000
0.279670 -0.054336 31.110000
0.289817 -0.036389 31.110000
0.299826 -0.018364 31.110000
0.309199 0.000000 31.110000

