0.363916 0.000000 41.150000
0.352836 0.021588 41.150000
0.341034 0.042790 41.150000
0.329075 0.063904 41.150000
0.317048 0.084980 41.150000
0.304980 0.106032 41.150000
0.292885 0.127068 41.150000
0.280770 0.148093 41.150000
0.268637 0.169107 41.150000
0.256487 0.190112 41.150000
0.244316 0.211105 41.150000
0.232118 0.232082 41.150000
0.219880 0.253035 41.150000
0.207574 0.273949 41.150000
0.195114 0.294771 41.150000
0.181958 0.315160 41.150000
0.157722 0.316359 41.150000
0.133459 0.316739 41.150000
0.109195 0.316940 41.150000
0.084929 0.317061 41.150000
0.060664 0.317136 41.150000
0.036398 0.317180 41.150000
0.012133 0.317200 41.150000
-0.012133 0.317200 41.150000
-0.036398 0.317180 41.150000
-0.060664 0.317136 41.150000
-0.084929 0.317061 41.150000
-0.109195 0.316940 41.150000
-0.133459 0.316739 41.150000
-0.157722 0.316359 41.150000
-0.181958 0.315160 41.150000
-0.195114 0.294771 41.150000
-0.207574 0.273949 41.150000
-0.219880 0.253035 41.150000
-0.232118 0.232082 41.150000
-0.244316 0.211105 41.150000
-0.256487 0.190112 41.150000
-0.268637 0.169107 41.150000
-0.280770 0.148093 41.150000
-0.292885 0.127068 41.150000
-0.304980 0.106032 41.150000
-0.317048 0.084980 41.150000
-0.329075 0.063904 41.150000
-0.341034 0.042790 41.150000
-0.352836 0.021588 41.150000
-0.363916 0.000000 41.150000
-0.352836 -0.021588 41.150000
-0.341034 -0.042790 41.150000
-0.329075 -0.063904 41.150000
-0.317048 -0.084980 41.150000
-0.304980 -0.106032 41.150000
-0.292885 -0.127068 41.150000
-0.280770 -0.148093 41.150000
-0.268637 -0.169107 41.150000
-0.256487 -0.190112 41.150000
-0.244316 -0.211105 41.150000
-0.232118 -0.232082 41.150000
-0.219880 -0.253035 41.150000
-0.207574 -0.273949 41.150000
-0.195114 -0.294771 41.150000
-0.181958 -0.315160 41.150000
-0.157722 -0.316359 41.150000
-0.133459 -0.316739 41.150000
-0.109195 -0.316940 41.150000
-0.084929 -0.317061 41.150000
-0.060664 -0.317136 41.150000
-0.036398 -0.317180 41.150000
-0.012133 -0.317200 41.150000
0.012133 -0.317200 41.150000
0.036398 -0.317180 41.150000
0.060664 -0.317136 41.150000
0.084929 -0.317061 41.150000
0.109195 -0.316940 41.150000
0.133459 -0.316739 41.150000
0.157722 -0.316359 41.150000
0.181958 -0.315160 41.150000
0.195114 -0.294771 41.150000
0.207574 -0.273949 41.150000
0.219880 -0.253035 41.150000
0.232118 -0.232082 41.150000
0.244316 -0.211105 41.150000
0.256487 -0.190112 41.150000
0.268637 -0.169107 41.150000
0.280770 -0.148093 41.150000
0.292885 -0.127068 41.150000
0.304980 -0.106032 41.150000
0.317048 -0.084980 41.150000
0.329075 -0.063904 41.150000
0.341034 -0.042790 41.150000
0.352836 -0.021588 41.150000
0.363916 0.000000 41.150000

