0.258829 0.000000 22.760000
0.251017 0.015390 22.760000
0.242654 0.030488 22.760000
0.234170 0.045518 22.760000
0.225633 0.060517 22.760000
0.217063 0.075498 22.760000
0.208469 0.090466 22.760000
0.199857 0.105423 22.760000
0.191227 0.120370 22.760000
0.182581 0.135307 22.760000
0.173915 0.150233 22.760000
0.165226 0.165145 22.760000
0.156505 0.180039 22.760000
0.147730 0.194901 22.760000
0.138837 0.209692 22.760000
0.129414 0.224152 22.760000
0.112180 0.225082 22.760000
0.094924 0.225389 22.760000
0.077666 0.225556 22.760000
0.060407 0.225662 22.760000
0.043148 0.225731 22.760000
0.025889 0.225773 22.760000
0.008630 0.225793 22.760000
-0.008630 0.225793 22.760000
-0.025889 0.225773 22.760000
-0.043148 0.225731 22.760000
-0.060407 0.225662 22.760000
-0.077666 0.225556 22.760000
-0.094924 0.225389 22.760000
-0.112180 0.225082 22.760000
-0.129414 0.224152 22.760000
-0.138837 0.209692 22.760000
-0.147730 0.194901 22.760000
-0.156505 0.180039 22.760000
-0.165226 0.165145 22.760000
-0.173915 0.150233 22.760000
-0.182581 0.135307 22.760000
-0.191227 0.120370 22.760000
-0.199857 0.105423 22.760000
-0.208469 0.090466 22.760000
-0.217063 0.075498 22.760000
-0.225633 0.060517 22.760000
-0.234170 0.045518 22.760000
-0.242654 0.030488 22.760000
-0.251017 0.015390 22.760000
-0.258829 0.000000 22.760000
-0.251017 -0.015390 22.760000
-0.242654 -0.030488 22.760000
-0.234170 -0.045518 22.760000
-0.225633 -0.060517 22.760000
-0.217063 -0.075498 22.760000
-0.208469 -0.090466 22.760000
-0.199857 -0.105423 22.760000
-0.191227 -0.120370 22.760000
-0.182581 -0.135307 22.760000
-0.173915 -0.150233 22.760000
-0.165226 -0.165145 22.760000
-0.156505 -0.180039 22.760000
-0.147730 -0.194901 22.760000
-0.138837 -0.209692 22.760000
-0.129414 -0.224152 22.760000
-0.112180 -0.225082 22.760000
-0.094924 -0.225389 22.760000
-0.077666 -0.225556 22.760000
-0.060407 -0.225662 22.760000
-0.043148 -0.225731 22.760000
-0.025889 -0.225773 22.760000
-0.008630 -0.225793 22.760000
0.008630 -0.225793 22.760000
0.025889 -0.225773 22.760000
0.043148 -0.225731 22.760000
0.060407 -0.225662 22.760000
0.077666 -0.225556 22.760000
0.094924 -0.225389 22.760000
0.112180 -0.225082 22.760000
0.129414 -0.224152 22.760000
0.138837 -0.209692 22.760000
0.147730 -0.194901 22.760000
0.156505 -0.180039 22.760000
0.165226 -0.165145 22.760000
0.173915 -0.150233 22.760000
0.182581 -0.135307 22.760000
0.191227 -0.120370 22.760000
0.199857 -0.105423 22.760000
0.208469 -0.090466 22.760000
0.217063 -0.075498 22.760000
0.225633 -0.060517 22.760000
0.234170 -0.045518 22.760000
0.242654 -0.030488 22.760000
0.251017 -0.015390 22.760000
0.258829 0.000000 22.760000

