0.085378 -0.000000 2.050000
0.082847 0.005100 2.050000
0.080107 0.010091 2.050000
0.077321 0.015057 2.050000
0.074513 0.020010 2.050000
0.071692 0.024955 2.050000
0.068861 0.029895 2.050000
0.066022 0.034830 2.050000
0.063175 0.039761 2.050000
0.060320 0.044688 2.050000
0.057458 0.049609 2.050000
0.054585 0.054525 2.050000
0.051700 0.059433 2.050000
0.048793 0.064329 2.050000
0.045840 0.069197 2.050000
0.042689 0.073939 2.050000
0.037007 0.074297 2.050000
0.031314 0.074421 2.050000
0.025621 0.074490 2.050000
0.019928 0.074535 2.050000
0.014234 0.074564 2.050000
0.008540 0.074583 2.050000
0.002847 0.074591 2.050000
-0.002847 0.074591 2.050000
-0.008540 0.074583 2.050000
-0.014234 0.074564 2.050000
-0.019928 0.074535 2.050000
-0.025621 0.074490 2.050000
-0.031314 0.074421 2.050000
-0.037007 0.074297 2.050000
-0.042689 0.073939 2.050000
-0.045840 0.069197 2.050000
-0.048793 0.064329 2.050000
-0.051700 0.059433 2.050000
-0.054585 0.054525 2.050000
-0.057458 0.049609 2.050000
-0.060320 0.044688 2.050000
-0.063175 0.039761 2.050000
-0.066022 0.034830 2.050000
-0.068861 0.029895 2.050000
-0.071692 0.024955 2.050000
-0.074513 0.020010 2.050000
-0.077321 0.015057 2.050000
-0.080107 0.010091 2.050000
-0.082847 0.005100 2.050000
-0.085378 -0.000000 2.050000
-0.082847 -0.005100 2.050000
-0.080107 -0.010091 2.050000
-0.077321 -0.015057 2.050000
-0.074513 -0.020010 2.050000
-0.071692 -0.024955 2.050000
-0.068861 -0.029895 2.050000
-0.066022 -0.034830 2.050000
-0.063175 -0.039761 2.050000
-0.060320 -0.044688 2.050000
-0.057458 -0.049609 2.050000
-0.054585 -0.054525 2.050000
-0.051700 -0.059433 2.050000
-0.048793 -0.064329 2.050000
-0.045840 -0.069197 2.050000
-0.042689 -0.073939 2.050000
-0.037007 -0.074297 2.050000
-0.031314 -0.074421 2.050000
-0.025621 -0.074490 2.050000
-0.019928 -0.074535 2.050000
-0.014234 -0.074564 2.050000
-0.008540 -0.074583 2.050000
-0.002847 -0.074591 2.050000
0.002847 -0.074591 2.050000
0.008540 -0.074583 2.050000
0.014234 -0.074564 2.050000
0.019928 -0.074535 2.050000
0.025621 -0.074490 2.050000
0.031314 -0.074421 2.050000
0.037007 -0.074297 2.050000
0.042689 -0.073939 2.050000
0.045840 -0.069197 2.050000
0.048793 -0.064329 2.050000
0.051700 -0.059433 2.050000
0.054585 -0.054525 2.050000
0.057458 -0.049609 2.050000
0.060320 -0.044688 2.050000
0.063175 -0.039761 2.050000
0.066022 -0.034830 2.050000
0.068861 -0.029895 2.050000
0.071692 -0.024955 2.050000
0.074513 -0.020010 2.050000
0.077321 -0.015057 2.050000
0.080107 -0.010091 2.050000
0.082847 -0.005100 2.050000
0.085378 -0.000000 2.050000

