0.344188 0.000000 37.420000
0.333724 0.020426 37.420000
0.322569 0.040483 37.420000
0.311264 0.060456 37.420000
0.299893 0.080391 37.420000
0.288483 0.100304 37.420000
0.277046 0.120202 37.420000
0.265589 0.140087 37.420000
0.254114 0.159963 37.420000
0.242621 0.179828 37.420000
0.231107 0.199682 37.420000
0.219567 0.219519 37.420000
0.207989 0.239335 37.420000
0.196344 0.259112 37.420000
0.184552 0.278801 37.420000
0.172094 0.298075 37.420000
0.149172 0.299227 37.420000
0.126225 0.299595 37.420000
0.103276 0.299791 37.420000
0.080326 0.299911 37.420000
0.057376 0.299986 37.420000
0.034425 0.300030 37.420000
0.011475 0.300050 37.420000
-0.011475 0.300050 37.420000
-0.034425 0.300030 37.420000
-0.057376 0.299986 37.420000
-0.080326 0.299911 37.420000
-0.103276 0.299791 37.420000
-0.126225 0.299595 37.420000
-0.149172 0.299227 37.420000
-0.172094 0.298075 37.420000
-0.184552 0.278801 37.420000
-0.196344 0.259112 37.420000
-0.207989 0.239335 37.420000
-0.219567 0.219519 37.420000
-0.231107 0.199682 37.420000
-0.242621 0.179828 37.420000
-0.254114 0.159963 37.420000
-0.265589 0.140087 37.420000
-0.277046 0.120202 37.420000
-0.288483 0.100304 37.420000
-0.299893 0.080391 37.420000
-0.311264 0.060456 37.420000
-0.322569 0.040483 37.420000
-0.333724 0.020426 37.420000
-0.344188 0.000000 37.420000
-0.333724 -0.020426 37.420000
-0.322569 -0.040483 37.420000
-0.311264 -0.060456 37.420000
-0.299893 -0.080391 37.420000
-0.288483 -0.100304 37.420000
-0.277046 -0.120202 37.420000
-0.265589 -0.140087 37.420000
-0.254114 -0.159963 37.420000
-0.242621 -0.179828 37.420000
-0.231107 -0.199682 37.420000
-0.219567 -0.219519 37.420000
-0.207989 -0.239335 37.420000
-0.196344 -0.259112 37.420000
-0.184552 -0.278801 37.420000
-0.172094 -0.298075 37.420000
-0.149172 -0.299227 37.420000
-0.126225 -0.299595 37.420000
-0.103276 -0.299791 37.420000
-0.080326 -0.299911 37.420000
-0.057376 -0.299986 37.420000
-0.034425 -0.300030 37.420000
-0.011475 -0.300050 37.420000
0.011475 -0.300050 37.420000
0.034425 -0.300030 37.420000
0.057376 -0.299986 37.420000
0.080326 -0.299911 37.420000
0.103276 -0.299791 37.420000
0.126225 -0.299595 37.420000
0.149172 -0.299227 37.420000
0.172094 -0.298075 37.420000
0.184552 -0.278801 37.420000
0.196344 -0.259112 37.420000
0.207989 -0.239335 37.420000
0.219567 -0.219519 37.420000
0.231107 -0.199682 37.420000
0.242621 -0.179828 37.420000
0.254114 -0.159963 37.420000
0.265589 -0.140087 37.420000
0.277046 -0.120202 37.420000
0.288483 -0.100304 37.420000
0.299893 -0.080391 37.420000
0.311264 -0.060456 37.420000
0.322569 -0.040483 37.420000
0.333724 -0.020426 37.420000
0.344188 0.000000 37.420000

