0.284060 0.000000 26.830000
0.275468 0.016880 26.830000
0.266281 0.033445 26.830000
0.256964 0.049937 26.830000
0.247590 0.066396 26.830000
0.238181 0.082835 26.830000
0.228748 0.099260 26.830000
0.219295 0.115674 26.830000
0.209824 0.132078 26.830000
0.200336 0.148471 26.830000
0.190828 0.164854 26.830000
0.181295 0.181221 26.830000
0.171728 0.197569 26.830000
0.162105 0.213884 26.830000
0.152353 0.230122 26.830000
0.142030 0.246003 26.830000
0.123115 0.247002 26.830000
0.104176 0.247328 26.830000
0.085236 0.247506 26.830000
0.066295 0.247617 26.830000
0.047353 0.247689 26.830000
0.028412 0.247732 26.830000
0.009471 0.247752 26.830000
-0.009471 0.247752 26.830000
-0.028412 0.247732 26.830000
-0.047353 0.247689 26.830000
-0.066295 0.247617 26.830000
-0.085236 0.247506 26.830000
-0.104176 0.247328 26.830000
-0.123115 0.247002 26.830000
-0.142030 0.246003 26.830000
-0.152353 0.230122 26.830000
-0.162105 0.213884 26.830000
-0.171728 0.197569 26.830000
-0.181295 0.181221 26.830000
-0.190828 0.164854 26.830000
-0.200336 0.148471 26.830000
-0.209824 0.132078 26.830000
-0.219295 0.115674 26.830000
-0.228748 0.099260 26.830000
-0.238181 0.082835 26.830000
-0.247590 0.066396 26.830000
-0.256964 0.049937 26.830000
-0.266281 0.033445 26.830000
-0.275468 0.016880 26.830000
-0.284060 0.000000 26.830000
-0.275468 -0.016880 26.830000
-0.266281 -0.033445 26.830000
-0.256964 -0.049937 26.830000
-0.247590 -0.066396 26.830000
-0.238181 -0.082835 26.830000
-0.228748 -0.099260 26.830000
-0.219295 -0.115674 26.830000
-0.209824 -0.132078 26.830000
-0.200336 -0.148471 26.830000
-0.190828 -0.164854 26.830000
-0.181295 -0.181221 26.830000
-0.171728 -0.197569 26.830000
-0.162105 -0.213884 26.830000
-0.152353 -0.230122 26.830000
-0.142030 -0.246003 26.830000
-0.123115 -0.247002 26.830000
-0.104176 -0.247328 26.830000
-0.085236 -0.247506 26.830000
-0.066295 -0.247617 26.830000
-0.047353 -0.247689 26.830000
-0.028412 -0.247732 26.830000
-0.009471 -0.247752 26.830000
0.009471 -0.247752 26.830000
0.028412 -0.247732 26.830000
0.047353 -0.247689 26.830000
0.066295 -0.247617 26.830000
0.085236 -0.247506 26.830000
0.104176 -0.247328 26.830000
0.123115 -0.247002 26.830000
0.142030 -0.246003 26.830000
0.152353 -0.230122 26.830000
0.162105 -0.213884 26.830000
0.171728 -0.197569 26.830000
0.181295 -0.181221 26.830000
0.190828 -0.164854 26.830000
0.200336 -0.148471 26.830000
0.209824 -0.132078 26.830000
0.219295 -0.115674 26.830000
0.228748 -0.099260 26.830000
0.238181 -0.082835 26.830000
0.247590 -0.066396 26.830000
0.256964 -0.049937 26.830000
0.266281 -0.033445 26.830000
0.275468 -0.016880 26.830000
0.284060 0.000000 26.830000

