0.145112 -0.000000 7.580000
0.140782 0.008654 7.580000
0.136114 0.017131 7.580000
0.131371 0.025565 7.580000
0.126594 0.033981 7.580000
0.121796 0.042384 7.580000
0.116983 0.050779 7.580000
0.112156 0.059166 7.580000
0.107318 0.067547 7.580000
0.102467 0.075920 7.580000
0.097604 0.084286 7.580000
0.092725 0.092643 7.580000
0.087826 0.100988 7.580000
0.082893 0.109313 7.580000
0.077885 0.117594 7.580000
0.072556 0.125671 7.580000
0.062896 0.126248 7.580000
0.053221 0.126444 7.580000
0.043545 0.126553 7.580000
0.033869 0.126624 7.580000
0.024192 0.126671 7.580000
0.014515 0.126700 7.580000
0.004838 0.126713 7.580000
-0.004838 0.126713 7.580000
-0.014515 0.126700 7.580000
-0.024192 0.126671 7.580000
-0.033869 0.126624 7.580000
-0.043545 0.126553 7.580000
-0.053221 0.126444 7.580000
-0.062896 0.126248 7.580000
-0.072556 0.125671 7.580000
-0.077885 0.117594 7.580000
-0.082893 0.109313 7.580000
-0.087826 0.100988 7.580000
-0.092725 0.092643 7.580000
-0.097604 0.084286 7.580000
-0.102467 0.075920 7.580000
-0.107318 0.067547 7.580000
-0.112156 0.059166 7.580000
-0.116983 0.050779 7.580000
-0.121796 0.042384 7.580000
-0.126594 0.033981 7.580000
-0.131371 0.025565 7.580000
-0.136114 0.017131 7.580000
-0.140782 0.008654 7.580000
-0.145112 -0.000000 7.580000
-0.140782 -0.008654 7.580000
-0.136114 -0.017131 7.580000
-0.131371 -0.025565 7.580000
-0.126594 -0.033981 7.580000
-0.121796 -0.042384 7.580000
-0.116983 -0.050779 7.580000
-0.112156 -0.059166 7.580000
-0.107318 -0.067547 7.580000
-0.102467 -0.075920 7.580000
-0.097604 -0.084286 7.580000
-0.092725 -0.092643 7.580000
-0.087826 -0.100988 7.580000
-0.082893 -0.109313 7.580000
-0.077885 -0.117594 7.580000
-0.072556 -0.125671 7.580000
-0.062896 -0.126248 7.580000
-0.053221 -0.126444 7.580000
-0.043545 -0.126553 7.580000
-0.033869 -0.126624 7.580000
-0.024192 -0.126671 7.580000
-0.014515 -0.126700 7.580000
-0.004838 -0.126713 7.580000
0.004838 -0.126713 7.580000
0.014515 -0.126700 7.580000
0.024192 -0.126671 7.580000
0.033869 -0.126624 7.580000
0.043545 -0.126553 7.580000
0.053221 -0.126444 7.580000
0.062896 -0.126248 7.580000
0.072556 -0.125671 7.580000
0.077885 -0.117594 7.580000
0.082893 -0.109313 7.580000
0.087826 -0.100988 7.580000
0.092725 -0.092643 7.580000
0.097604 -0.084286 7.580000
0.102467 -0.075920 7.580000
0.107318 -0.067547 7.580000
0.112156 -0.059166 7.580000
0.116983 -0.050779 7.580000
0.121796 -0.042384 7.580000
0.126594 -0.033981 7.580000
0.131371 -0.025565 7.580000
0.136114 -0.017131 7.580000
0.140782 -0.008654 7.580000
0.145112 -0.000000 7.580000

