0.197825 0.000000 13.930000
0.191889 0.011781 13.930000
0.185512 0.023329 13.930000
0.179038 0.034822 13.930000
0.172520 0.046291 13.930000
0.165975 0.057745 13.930000
0.159410 0.069187 13.930000
0.152829 0.080620 13.930000
0.146233 0.092044 13.930000
0.139623 0.103460 13.930000
0.132996 0.114866 13.930000
0.126349 0.126261 13.930000
0.119676 0.137640 13.930000
0.112960 0.148994 13.930000
0.106147 0.160290 13.930000
0.098912 0.171321 13.930000
0.085742 0.172071 13.930000
0.072553 0.172323 13.930000
0.059362 0.172462 13.930000
0.046171 0.172552 13.930000
0.032979 0.172610 13.930000
0.019787 0.172646 13.930000
0.006596 0.172664 13.930000
-0.006596 0.172664 13.930000
-0.019787 0.172646 13.930000
-0.032979 0.172610 13.930000
-0.046171 0.172552 13.930000
-0.059362 0.172462 13.930000
-0.072553 0.172323 13.930000
-0.085742 0.172071 13.930000
-0.098912 0.171321 13.930000
-0.106147 0.160290 13.930000
-0.112960 0.148994 13.930000
-0.119676 0.137640 13.930000
-0.126349 0.126261 13.930000
-0.132996 0.114866 13.930000
-0.139623 0.103460 13.930000
-0.146233 0.092044 13.930000
-0.152829 0.080620 13.930000
-0.159410 0.069187 13.930000
-0.165975 0.057745 13.930000
-0.172520 0.046291 13.930000
-0.179038 0.034822 13.930000
-0.185512 0.023329 13.930000
-0.191889 0.011781 13.930000
-0.197825 0.000000 13.930000
-0.191889 -0.011781 13.930000
-0.185512 -0.023329 13.930000
-0.179038 -0.034822 13.930000
-0.172520 -0.046291 13.930000
-0.165975 -0.057745 13.930000
-0.159410 -0.069187 13.930000
-0.152829 -0.080620 13.930000
-0.146233 -0.092044 13.930000
-0.139623 -0.103460 13.930000
-0.132996 -0.114866 13.930000
-0.126349 -0.126261 13.930000
-0.119676 -0.137640 13.930000
-0.112960 -0.148994 13.930000
-0.106147 -0.160290 13.930000
-0.098912 -0.171321 13.930000
-0.085742 -0.172071 13.930000
-0.072553 -0.172323 13.930000
-0.059362 -0.172462 13.930000
-0.046171 -0.172552 13.930000
-0.032979 -0.172610 13.930000
-0.019787 -0.172646 13.930000
-0.006596 -0.172664 13.930000
0.006596 -0.172664 13.930000
0.019787 -0.172646 13.930000
0.032979 -0.172610 13.930000
0.046171 -0.172552 13.930000
0.059362 -0.172462 13.930000
0.072553 -0.172323 13.930000
0.085742 -0.172071 13.930000
0.098912 -0.171321 13.930000
0.106147 -0.160290 13.930000
0.112960 -0.148994 13.930000
0.119676 -0.137640 13.930000
0.126349 -0.126261 13.930000
0.132996 -0.114866 13.930000
0.139623 -0.103460 13.930000
0.146233 -0.092044 13.930000
0.152829 -0.080620 13.930000
0.159410 -0.069187 13.930000
0.165975 -0.057745 13.930000
0.172520 -0.046291 13.930000
0.179038 -0.034822 13.930000
0.185512 -0.023329 13.930000
0.191889 -0.011781 13.930000
0.197825 0.000000 13.930000

