0.295026 0.000000 28.670000
0.286093 0.017528 28.670000
0.276548 0.034729 28.670000
0.266869 0.051856 28.670000
0.257131 0.068949 28.670000
0.247358 0.086022 28.670000
0.237559 0.103081 28.670000
0.227741 0.120128 28.670000
0.217904 0.137165 28.670000
0.208050 0.154192 28.670000
0.198176 0.171207 28.670000
0.188277 0.188207 28.670000
0.178343 0.205187 28.670000
0.168350 0.222133 28.670000
0.158226 0.239000 28.670000
0.147513 0.255500 28.670000
0.127867 0.256528 28.670000
0.108198 0.256862 28.670000
0.088526 0.257043 28.670000
0.068854 0.257157 28.670000
0.049181 0.257229 28.670000
0.029509 0.257273 28.670000
0.009836 0.257293 28.670000
-0.009836 0.257293 28.670000
-0.029509 0.257273 28.670000
-0.049181 0.257229 28.670000
-0.068854 0.257157 28.670000
-0.088526 0.257043 28.670000
-0.108198 0.256862 28.670000
-0.127867 0.256528 28.670000
-0.147513 0.255500 28.670000
-0.158226 0.239000 28.670000
-0.168350 0.222133 28.670000
-0.178343 0.205187 28.670000
-0.188277 0.188207 28.670000
-0.198176 0.171207 28.670000
-0.208050 0.154192 28.670000
-0.217904 0.137165 28.670000
-0.227741 0.120128 28.670000
-0.237559 0.103081 28.670000
-0.247358 0.086022 28.670000
-0.257131 0.068949 28.670000
-0.266869 0.051856 28.670000
-0.276548 0.034729 28.670000
-0.286093 0.017528 28.670000
-0.295026 0.000000 28.670000
-0.286093 -0.017528 28.670000
-0.276548 -0.034729 28.670000
-0.266869 -0.051856 28.670000
-0.257131 -0.068949 28.670000
-0.247358 -0.086022 28.670000
-0.237559 -0.103081 28.670000
-0.227741 -0.120128 28.670000
-0.217904 -0.137165 28.670000
-0.208050 -0.154192 28.670000
-0.198176 -0.171207 28.670000
-0.188277 -0.188207 28.670000
-0.178343 -0.205187 28.670000
-0.168350 -0.222133 28.670000
-0.158226 -0.239000 28.670000
-0.147513 -0.255500 28.670000
-0.127867 -0.256528 28.670000
-0.108198 -0.256862 28.670000
-0.088526 -0.257043 28.670000
-0.068854 -0.257157 28.670000
-0.049181 -0.257229 28.670000
-0.029509 -0.257273 28.670000
-0.009836 -0.257293 28.670000
0.009836 -0.257293 28.670000
0.029509 -0.257273 28.670000
0.049181 -0.257229 28.670000
0.068854 -0.257157 28.670000
0.088526 -0.257043 28.670000
0.108198 -0.256862 28.670000
0.127867 -0.256528 28.670000
0.147513 -0.255500 28.670000
0.158226 -0.239000 28.670000
0.168350 -0.222133 28.670000
0.178343 -0.205187 28.670000
0.188277 -0.188207 28.670000
0.198176 -0.171207 28.670000
0.208050 -0.154192 28.670000
0.217904 -0.137165 28.670000
0.227741 -0.120128 28.670000
0.237559 -0.103081 28.670000
0.247358 -0.086022 28.670000
0.257131 -0.068949 28.670000
0.266869 -0.051856 28.670000
0.276548 -0.034729 28.670000
0.286093 -0.017528 28.670000
0.295026 0.000000 28.670000

