0.365683 0.000000 41.490000
0.354548 0.021692 41.490000
0.342688 0.042997 41.490000
0.330671 0.064213 41.490000
0.318584 0.085391 41.490000
0.306458 0.106545 41.490000
0.294304 0.127683 41.490000
0.282130 0.148810 41.490000
0.269938 0.169927 41.490000
0.257729 0.191033 41.490000
0.245499 0.212128 41.490000
0.233242 0.233207 41.490000
0.220946 0.254262 41.490000
0.208580 0.275278 41.490000
0.196060 0.296201 41.490000
0.182842 0.316691 41.490000
0.158488 0.317893 41.490000
0.134107 0.318275 41.490000
0.109725 0.318476 41.490000
0.085342 0.318597 41.490000
0.060958 0.318673 41.490000
0.036575 0.318716 41.490000
0.012192 0.318736 41.490000
-0.012192 0.318736 41.490000
-0.036575 0.318716 41.490000
-0.060958 0.318673 41.490000
-0.085342 0.318597 41.490000
-0.109725 0.318476 41.490000
-0.134107 0.318275 41.490000
-0.158488 0.317893 41.490000
-0.182842 0.316691 41.490000
-0.196060 0.296201 41.490000
-0.208580 0.275278 41.490000
-0.220946 0.254262 41.490000
-0.233242 0.233207 41.490000
-0.245499 0.212128 41.490000
-0.257729 0.191033 41.490000
-0.269938 0.169927 41.490000
-0.282130 0.148810 41.490000
-0.294304 0.127683 41.490000
-0.306458 0.106545 41.490000
-0.318584 0.085391 41.490000
-0.330671 0.064213 41.490000
-0.342688 0.042997 41.490000
-0.354548 0.021692 41.490000
-0.365683 0.000000 41.490000
-0.354548 -0.021692 41.490000
-0.342688 -0.042997 41.490000
-0.330671 -0.064213 41.490000
-0.318584 -0.085391 41.490000
-0.306458 -0.106545 41.490000
-0.294304 -0.127683 41.490000
-0.282130 -0.148810 41.490000
-0.269938 -0.169927 41.490000
-0.257729 -0.191033 41.490000
-0.245499 -0.212128 41.490000
-0.233242 -0.233207 41.490000
-0.220946 -0.254262 41.490000
-0.208580 -0.275278 41.490000
-0.196060 -0.296201 41.490000
-0.182842 -0.316691 41.490000
-0.158488 -0.317893 41.490000
-0.134107 -0.318275 41.490000
-0.109725 -0.318476 41.490000
-0.085342 -0.318597 41.490000
-0.060958 -0.318673 41.490000
-0.036575 -0.318716 41.490000
-0.012192 -0.318736 41.490000
0.012192 -0.318736 41.490000
0.036575 -0.318716 41.490000
0.060958 -0.318673 41.490000
0.085342 -0.318597 41.490000
0.109725 -0.318476 41.490000
0.134107 -0.318275 41.490000
0.158488 -0.317893 41.490000
0.182842 -0.316691 41.490000
0.196060 -0.296201 41.490000
0.208580 -0.275278 41.490000
0.220946 -0.254262 41.490000
0.233242 -0.233207 41.490000
0.245499 -0.212128 41.490000
0.257729 -0.191033 41.490000
0.269938 -0.169927 41.490000
0.282130 -0.148810 41.490000
0.294304 -0.127683 41.490000
0.306458 -0.106545 41.490000
0.318584 -0.085391 41.490000
0.330671 -0.064213 41.490000
0.342688 -0.042997 41.490000
0.354548 -0.021692 41.490000
0.365683 0.000000 41.490000

