0.304480 0.000000 30.290000
0.295254 0.018085 30.290000
0.285400 0.035836 30.290000
0.275408 0.053511 30.290000
0.265356 0.071151 30.290000
0.255268 0.088770 30.290000
0.245155 0.106375 30.290000
0.235021 0.123968 30.290000
0.224870 0.141551 30.290000
0.214701 0.159123 30.290000
0.204511 0.176684 30.290000
0.194296 0.194230 30.290000
0.184046 0.211755 30.290000
0.173735 0.229245 30.290000
0.163289 0.246655 30.290000
0.152240 0.263688 30.290000
0.131965 0.264740 30.290000
0.111665 0.265082 30.290000
0.091362 0.265266 30.290000
0.071060 0.265381 30.290000
0.050757 0.265454 30.290000
0.030454 0.265498 30.290000
0.010151 0.265518 30.290000
-0.010151 0.265518 30.290000
-0.030454 0.265498 30.290000
-0.050757 0.265454 30.290000
-0.071060 0.265381 30.290000
-0.091362 0.265266 30.290000
-0.111665 0.265082 30.290000
-0.131965 0.264740 30.290000
-0.152240 0.263688 30.290000
-0.163289 0.246655 30.290000
-0.173735 0.229245 30.290000
-0.184046 0.211755 30.290000
-0.194296 0.194230 30.290000
-0.204511 0.176684 30.290000
-0.214701 0.159123 30.290000
-0.224870 0.141551 30.290000
-0.235021 0.123968 30.290000
-0.245155 0.106375 30.290000
-0.255268 0.088770 30.290000
-0.265356 0.071151 30.290000
-0.275408 0.053511 30.290000
-0.285400 0.035836 30.290000
-0.295254 0.018085 30.290000
-0.304480 0.000000 30.290000
-0.295254 -0.018085 30.290000
-0.285400 -0.035836 30.290000
-0.275408 -0.053511 30.290000
-0.265356 -0.071151 30.290000
-0.255268 -0.088770 30.290000
-0.245155 -0.106375 30.290000
-0.235021 -0.123968 30.290000
-0.224870 -0.141551 30.290000
-0.214701 -0.159123 30.290000
-0.204511 -0.176684 30.290000
-0.194296 -0.194230 30.290000
-0.184046 -0.211755 30.290000
-0.173735 -0.229245 30.290000
-0.163289 -0.246655 30.290000
-0.152240 -0.263688 30.290000
-0.131965 -0.264740 30.290000
-0.111665 -0.265082 30.290000
-0.091362 -0.265266 30.290000
-0.071060 -0.265381 30.290000
-0.050757 -0.265454 30.290000
-0.030454 -0.265498 30.290000
-0.010151 -0.265518 30.290000
0.010151 -0.265518 30.290000
0.030454 -0.265498 30.290000
0.050757 -0.265454 30.290000
0.071060 -0.265381 30.290000
0.091362 -0.265266 30.290000
0.111665 -0.265082 30.290000
0.131965 -0.264740 30.290000
0.152240 -0.263688 30.290000
0.163289 -0.246655 30.290000
0.173735 -0.229245 30.290000
0.184046 -0.211755 30.290000
0.194296 -0.194230 30.290000
0.204511 -0.176684 30.290000
0.214701 -0.159123 30.290000
0.224870 -0.141551 30.290000
0.235021 -0.123968 30.290000
0.245155 -0.106375 30.290000
0.255268 -0.088770 30.290000
0.265356 -0.071151 30.290000
0.275408 -0.053511 30.290000
0.285400 -0.035836 30.290000
0.295254 -0.018085 30.290000
0.304480 0.000000 30.290000

