0.404054 0.000000 49.100000
0.391715 0.023950 49.100000
0.378594 0.047481 49.100000
0.365304 0.070916 49.100000
0.351940 0.094310 49.100000
0.338533 0.117679 49.100000
0.325099 0.141032 49.100000
0.311644 0.164373 49.100000
0.298173 0.187705 49.100000
0.284686 0.211028 49.100000
0.271179 0.234339 49.100000
0.257645 0.257634 49.100000
0.244067 0.280905 49.100000
0.230417 0.304132 49.100000
0.216599 0.327260 49.100000
0.202027 0.349921 49.100000
0.175116 0.351210 49.100000
0.148178 0.351613 49.100000
0.121237 0.351821 49.100000
0.094295 0.351944 49.100000
0.067354 0.352018 49.100000
0.040412 0.352059 49.100000
0.013471 0.352078 49.100000
-0.013471 0.352078 49.100000
-0.040412 0.352059 49.100000
-0.067354 0.352018 49.100000
-0.094295 0.351944 49.100000
-0.121237 0.351821 49.100000
-0.148178 0.351613 49.100000
-0.175116 0.351210 49.100000
-0.202027 0.349921 49.100000
-0.216599 0.327260 49.100000
-0.230417 0.304132 49.100000
-0.244067 0.280905 49.100000
-0.257645 0.257634 49.100000
-0.271179 0.234339 49.100000
-0.284686 0.211028 49.100000
-0.298173 0.187705 49.100000
-0.311644 0.164373 49.100000
-0.325099 0.141032 49.100000
-0.338533 0.117679 49.100000
-0.351940 0.094310 49.100000
-0.365304 0.070916 49.100000
-0.378594 0.047481 49.100000
-0.391715 0.023950 49.100000
-0.404054 0.000000 49.100000
-0.391715 -0.023950 49.100000
-0.378594 -0.047481 49.100000
-0.365304 -0.070916 49.100000
-0.351940 -0.094310 49.100000
-0.338533 -0.117679 49.100000
-0.325099 -0.141032 49.100000
-0.311644 -0.164373 49.100000
-0.298173 -0.187705 49.100000
-0.284686 -0.211028 49.100000
-0.271179 -0.234339 49.100000
-0.257645 -0.257634 49.100000
-0.244067 -0.280905 49.100000
-0.230417 -0.304132 49.100000
-0.216599 -0.327260 49.100000
-0.202027 -0.349921 49.100000
-0.175116 -0.351210 49.100000
-0.148178 -0.351613 49.100000
-0.121237 -0.351821 49.100000
-0.094295 -0.351944 49.100000
-0.067354 -0.352018 49.100000
-0.040412 -0.352059 49.100000
-0.013471 -0.352078 49.100000
0.013471 -0.352078 49.100000
0.040412 -0.352059 49.100000
0.067354 -0.352018 49.100000
0.094295 -0.351944 49.100000
0.121237 -0.351821 49.100000
0.148178 -0.351613 49.100000
0.175116 -0.351210 49.100000
0.202027 -0.349921 49.100000
0.216599 -0.327260 49.100000
0.230417 -0.304132 49.100000
0.244067 -0.280905 49.100000
0.257645 -0.257634 49.100000
0.271179 -0.234339 49.100000
0.284686 -0.211028 49.100000
0.298173 -0.187705 49.100000
0.311644 -0.164373 49.100000
0.325099 -0.141032 49.100000
0.338533 -0.117679 49.100000
0.351940 -0.094310 49.100000
0.365304 -0.070916 49.100000
0.378594 -0.047481 49.100000
0.391715 -0.023950 49.100000
0.404054 0.000000 49.100000

