0.256268 0.000000 22.360000
0.248535 0.015239 22.360000
0.240256 0.030188 22.360000
0.231857 0.045069 22.360000
0.223404 0.059921 22.360000
0.214919 0.074754 22.360000
0.206411 0.089573 22.360000
0.197883 0.104382 22.360000
0.189339 0.119181 22.360000
0.180778 0.133970 22.360000
0.172198 0.148748 22.360000
0.163595 0.163513 22.360000
0.154959 0.178259 22.360000
0.146271 0.192974 22.360000
0.137465 0.207619 22.360000
0.128134 0.221934 22.360000
0.111070 0.222857 22.360000
0.093985 0.223162 22.360000
0.076897 0.223328 22.360000
0.059809 0.223434 22.360000
0.042721 0.223502 22.360000
0.025633 0.223543 22.360000
0.008544 0.223563 22.360000
-0.008544 0.223563 22.360000
-0.025633 0.223543 22.360000
-0.042721 0.223502 22.360000
-0.059809 0.223434 22.360000
-0.076897 0.223328 22.360000
-0.093985 0.223162 22.360000
-0.111070 0.222857 22.360000
-0.128134 0.221934 22.360000
-0.137465 0.207619 22.360000
-0.146271 0.192974 22.360000
-0.154959 0.178259 22.360000
-0.163595 0.163513 22.360000
-0.172198 0.148748 22.360000
-0.180778 0.133970 22.360000
-0.189339 0.119181 22.360000
-0.197883 0.104382 22.360000
-0.206411 0.089573 22.360000
-0.214919 0.074754 22.360000
-0.223404 0.059921 22.360000
-0.231857 0.045069 22.360000
-0.240256 0.030188 22.360000
-0.248535 0.015239 22.360000
-0.256268 0.000000 22.360000
-0.248535 -0.015239 22.360000
-0.240256 -0.030188 22.360000
-0.231857 -0.045069 22.360000
-0.223404 -0.059921 22.360000
-0.214919 -0.074754 22.360000
-0.206411 -0.089573 22.360000
-0.197883 -0.104382 22.360000
-0.189339 -0.119181 22.360000
-0.180778 -0.133970 22.360000
-0.172198 -0.148748 22.360000
-0.163595 -0.163513 22.360000
-0.154959 -0.178259 22.360000
-0.146271 -0.192974 22.360000
-0.137465 -0.207619 22.360000
-0.128134 -0.221934 22.360000
-0.111070 -0.222857 22.360000
-0.093985 -0.223162 22.360000
-0.076897 -0.223328 22.360000
-0.059809 -0.223434 22.360000
-0.042721 -0.223502 22.360000
-0.025633 -0.223543 22.360000
-0.008544 -0.223563 22.360000
0.008544 -0.223563 22.360000
0.025633 -0.223543 22.360000
0.042721 -0.223502 22.360000
0.059809 -0.223434 22.360000
0.076897 -0.223328 22.360000
0.093985 -0.223162 22.360000
0.111070 -0.222857 22.360000
0.128134 -0.221934 22.360000
0.137465 -0.207619 22.360000
0.146271 -0.192974 22.360000
0.154959 -0.178259 22.360000
0.163595 -0.163513 22.360000
0.172198 -0.148748 22.360000
0.180778 -0.133970 22.360000
0.189339 -0.119181 22.360000
0.197883 -0.104382 22.360000
0.206411 -0.089573 22.360000
0.214919 -0.074754 22.360000
0.223404 -0.059921 22.360000
0.231857 -0.045069 22.360000
0.240256 -0.030188 22.360000
0.248535 -0.015239 22.360000
0.256268 0.000000 22.360000

