0.264912 0.000000 23.720000
0.256913 0.015750 23.720000
0.248351 0.031201 23.720000
0.239667 0.046583 23.720000
0.230927 0.061935 23.720000
0.222155 0.077268 23.720000
0.213359 0.092587 23.720000
0.204544 0.107895 23.720000
0.195712 0.123193 23.720000
0.186862 0.138481 23.720000
0.177993 0.153758 23.720000
0.169101 0.169022 23.720000
0.160176 0.184266 23.720000
0.151197 0.199478 23.720000
0.142096 0.214618 23.720000
0.132456 0.229421 23.720000
0.114817 0.230368 23.720000
0.097155 0.230679 23.720000
0.079491 0.230849 23.720000
0.061826 0.230956 23.720000
0.044162 0.231026 23.720000
0.026497 0.231068 23.720000
0.008832 0.231088 23.720000
-0.008832 0.231088 23.720000
-0.026497 0.231068 23.720000
-0.044162 0.231026 23.720000
-0.061826 0.230956 23.720000
-0.079491 0.230849 23.720000
-0.097155 0.230679 23.720000
-0.114817 0.230368 23.720000
-0.132456 0.229421 23.720000
-0.142096 0.214618 23.720000
-0.151197 0.199478 23.720000
-0.160176 0.184266 23.720000
-0.169101 0.169022 23.720000
-0.177993 0.153758 23.720000
-0.186862 0.138481 23.720000
-0.195712 0.123193 23.720000
-0.204544 0.107895 23.720000
-0.213359 0.092587 23.720000
-0.222155 0.077268 23.720000
-0.230927 0.061935 23.720000
-0.239667 0.046583 23.720000
-0.248351 0.031201 23.720000
-0.256913 0.015750 23.720000
-0.264912 0.000000 23.720000
-0.256913 -0.015750 23.720000
-0.248351 -0.031201 23.720000
-0.239667 -0.046583 23.720000
-0.230927 -0.061935 23.720000
-0.222155 -0.077268 23.720000
-0.213359 -0.092587 23.720000
-0.204544 -0.107895 23.720000
-0.195712 -0.123193 23.720000
-0.186862 -0.138481 23.720000
-0.177993 -0.153758 23.720000
-0.169101 -0.169022 23.720000
-0.160176 -0.184266 23.720000
-0.151197 -0.199478 23.720000
-0.142096 -0.214618 23.720000
-0.132456 -0.229421 23.720000
-0.114817 -0.230368 23.720000
-0.097155 -0.230679 23.720000
-0.079491 -0.230849 23.720000
-0.061826 -0.230956 23.720000
-0.044162 -0.231026 23.720000
-0.026497 -0.231068 23.720000
-0.008832 -0.231088 23.720000
0.008832 -0.231088 23.720000
0.026497 -0.231068 23.720000
0.044162 -0.231026 23.720000
0.061826 -0.230956 23.720000
0.079491 -0.230849 23.720000
0.097155 -0.230679 23.720000
0.114817 -0.230368 23.720000
0.132456 -0.229421 23.720000
0.142096 -0.214618 23.720000
0.151197 -0.199478 23.720000
0.160176 -0.184266 23.720000
0.169101 -0.169022 23.720000
0.177993 -0.153758 23.720000
0.186862 -0.138481 23.720000
0.195712 -0.123193 23.720000
0.204544 -0.107895 23.720000
0.213359 -0.092587 23.720000
0.222155 -0.077268 23.720000
0.230927 -0.061935 23.720000
0.239667 -0.046583 23.720000
0.248351 -0.031201 23.720000
0.256913 -0.015750 23.720000
0.264912 0.000000 23.720000

