0.393977 0.000000 47.060000
0.381955 0.023357 47.060000
0.369165 0.046304 47.060000
0.356210 0.069157 47.060000
0.343181 0.091968 47.060000
0.330111 0.114755 47.060000
0.317013 0.137527 47.060000
0.303895 0.160287 47.060000
0.290760 0.183037 47.060000
0.277608 0.205778 47.060000
0.264437 0.228507 47.060000
0.251237 0.251220 47.060000
0.237996 0.273908 47.060000
0.224683 0.296555 47.060000
0.211205 0.319104 47.060000
0.196989 0.341194 47.060000
0.170749 0.342461 47.060000
0.144483 0.342858 47.060000
0.118214 0.343065 47.060000
0.091944 0.343188 47.060000
0.065674 0.343262 47.060000
0.039405 0.343305 47.060000
0.013135 0.343324 47.060000
-0.013135 0.343324 47.060000
-0.039405 0.343305 47.060000
-0.065674 0.343262 47.060000
-0.091944 0.343188 47.060000
-0.118214 0.343065 47.060000
-0.144483 0.342858 47.060000
-0.170749 0.342461 47.060000
-0.196989 0.341194 47.060000
-0.211205 0.319104 47.060000
-0.224683 0.296555 47.060000
-0.237996 0.273908 47.060000
-0.251237 0.251220 47.060000
-0.264437 0.228507 47.060000
-0.277608 0.205778 47.060000
-0.290760 0.183037 47.060000
-0.303895 0.160287 47.060000
-0.317013 0.137527 47.060000
-0.330111 0.114755 47.060000
-0.343181 0.091968 47.060000
-0.356210 0.069157 47.060000
-0.369165 0.046304 47.060000
-0.381955 0.023357 47.060000
-0.393977 0.000000 47.060000
-0.381955 -0.023357 47.060000
-0.369165 -0.046304 47.060000
-0.356210 -0.069157 47.060000
-0.343181 -0.091968 47.060000
-0.330111 -0.114755 47.060000
-0.317013 -0.137527 47.060000
-0.303895 -0.160287 47.060000
-0.290760 -0.183037 47.060000
-0.277608 -0.205778 47.060000
-0.264437 -0.228507 47.060000
-0.251237 -0.251220 47.060000
-0.237996 -0.273908 47.060000
-0.224683 -0.296555 47.060000
-0.211205 -0.319104 47.060000
-0.196989 -0.341194 47.060000
-0.170749 -0.342461 47.060000
-0.144483 -0.342858 47.060000
-0.118214 -0.343065 47.060000
-0.091944 -0.343188 47.060000
-0.065674 -0.343262 47.060000
-0.039405 -0.343305 47.060000
-0.013135 -0.343324 47.060000
0.013135 -0.343324 47.060000
0.039405 -0.343305 47.060000
0.065674 -0.343262 47.060000
0.091944 -0.343188 47.060000
0.118214 -0.343065 47.060000
0.144483 -0.342858 47.060000
0.170749 -0.342461 47.060000
0.196989 -0.341194 47.060000
0.211205 -0.319104 47.060000
0.224683 -0.296555 47.060000
0.237996 -0.273908 47.060000
0.251237 -0.251220 47.060000
0.264437 -0.228507 47.060000
0.277608 -0.205778 47.060000
0.290760 -0.183037 47.060000
0.303895 -0.160287 47.060000
0.317013 -0.137527 47.060000
0.330111 -0.114755 47.060000
0.343181 -0.091968 47.060000
0.356210 -0.069157 47.060000
0.369165 -0.046304 47.060000
0.381955 -0.023357 47.060000
0.393977 0.000000 47.060000

