0.318792 0.000000 32.800000
0.309120 0.018929 32.800000
0.298797 0.037512 32.800000
0.288333 0.056015 32.800000
0.277806 0.074482 32.800000
0.267241 0.092928 32.800000
0.256651 0.111359 32.800000
0.246040 0.129779 32.800000
0.235412 0.148188 32.800000
0.224765 0.166587 32.800000
0.214099 0.184974 32.800000
0.203406 0.203346 32.800000
0.192676 0.221696 32.800000
0.181885 0.240010 32.800000
0.170953 0.258241 32.800000
0.159396 0.276082 32.800000
0.138167 0.277171 32.800000
0.116913 0.277522 32.800000
0.095656 0.277711 32.800000
0.074400 0.277828 32.800000
0.053143 0.277902 32.800000
0.031886 0.277946 32.800000
0.010629 0.277967 32.800000
-0.010629 0.277967 32.800000
-0.031886 0.277946 32.800000
-0.053143 0.277902 32.800000
-0.074400 0.277828 32.800000
-0.095656 0.277711 32.800000
-0.116913 0.277522 32.800000
-0.138167 0.277171 32.800000
-0.159396 0.276082 32.800000
-0.170953 0.258241 32.800000
-0.181885 0.240010 32.800000
-0.192676 0.221696 32.800000
-0.203406 0.203346 32.800000
-0.214099 0.184974 32.800000
-0.224765 0.166587 32.800000
-0.235412 0.148188 32.800000
-0.246040 0.129779 32.800000
-0.256651 0.111359 32.800000
-0.267241 0.092928 32.800000
-0.277806 0.074482 32.800000
-0.288333 0.056015 32.800000
-0.298797 0.037512 32.800000
-0.309120 0.018929 32.800000
-0.318792 0.000000 32.800000
-0.309120 -0.018929 32.800000
-0.298797 -0.037512 32.800000
-0.288333 -0.056015 32.800000
-0.277806 -0.074482 32.800000
-0.267241 -0.092928 32.800000
-0.256651 -0.111359 32.800000
-0.246040 -0.129779 32.800000
-0.235412 -0.148188 32.800000
-0.224765 -0.166587 32.800000
-0.214099 -0.184974 32.800000
-0.203406 -0.203346 32.800000
-0.192676 -0.221696 32.800000
-0.181885 -0.240010 32.800000
-0.170953 -0.258241 32.800000
-0.159396 -0.276082 32.800000
-0.138167 -0.277171 32.800000
-0.116913 -0.277522 32.800000
-0.095656 -0.277711 32.800000
-0.074400 -0.277828 32.800000
-0.053143 -0.277902 32.800000
-0.031886 -0.277946 32.800000
-0.010629 -0.277967 32.800000
0.010629 -0.277967 32.800000
0.031886 -0.277946 32.800000
0.053143 -0.277902 32.800000
0.074400 -0.277828 32.800000
0.095656 -0.277711 32.800000
0.116913 -0.277522 32.800000
0.138167 -0.277171 32.800000
0.159396 -0.276082 32.800000
0.170953 -0.258241 32.800000
0.181885 -0.240010 32.800000
0.192676 -0.221696 32.800000
0.203406 -0.203346 32.800000
0.214099 -0.184974 32.800000
0.224765 -0.166587 32.800000
0.235412 -0.148188 32.800000
0.246040 -0.129779 32.800000
0.256651 -0.111359 32.800000
0.267241 -0.092928 32.800000
0.277806 -0.074482 32.800000
0.288333 -0.056015 32.800000
0.298797 -0.037512 32.800000
0.309120 -0.018929 32.800000
0.318792 0.000000 32.800000

