0.310172 0.000000 31.280000
0.300769 0.018421 31.280000
0.290728 0.036503 31.280000
0.280549 0.054507 31.280000
0.270308 0.072476 31.280000
0.260030 0.090424 31.280000
0.249727 0.108357 31.280000
0.239404 0.126279 31.280000
0.229063 0.144190 31.280000
0.218704 0.162092 31.280000
0.208324 0.179981 31.280000
0.197920 0.197856 31.280000
0.187478 0.215709 31.280000
0.176976 0.233527 31.280000
0.166338 0.251263 31.280000
0.155086 0.268617 31.280000
0.134431 0.269684 31.280000
0.113752 0.270029 31.280000
0.093070 0.270216 31.280000
0.072388 0.270331 31.280000
0.051706 0.270405 31.280000
0.031024 0.270449 31.280000
0.010341 0.270469 31.280000
-0.010341 0.270469 31.280000
-0.031024 0.270449 31.280000
-0.051706 0.270405 31.280000
-0.072388 0.270331 31.280000
-0.093070 0.270216 31.280000
-0.113752 0.270029 31.280000
-0.134431 0.269684 31.280000
-0.155086 0.268617 31.280000
-0.166338 0.251263 31.280000
-0.176976 0.233527 31.280000
-0.187478 0.215709 31.280000
-0.197920 0.197856 31.280000
-0.208324 0.179981 31.280000
-0.218704 0.162092 31.280000
-0.229063 0.144190 31.280000
-0.239404 0.126279 31.280000
-0.249727 0.108357 31.280000
-0.260030 0.090424 31.280000
-0.270308 0.072476 31.280000
-0.280549 0.054507 31.280000
-0.290728 0.036503 31.280000
-0.300769 0.018421 31.280000
-0.310172 0.000000 31.280000
-0.300769 -0.018421 31.280000
-0.290728 -0.036503 31.280000
-0.280549 -0.054507 31.280000
-0.270308 -0.072476 31.280000
-0.260030 -0.090424 31.280000
-0.249727 -0.108357 31.280000
-0.239404 -0.126279 31.280000
-0.229063 -0.144190 31.280000
-0.218704 -0.162092 31.280000
-0.208324 -0.179981 31.280000
-0.197920 -0.197856 31.280000
-0.187478 -0.215709 31.280000
-0.176976 -0.233527 31.280000
-0.166338 -0.251263 31.280000
-0.155086 -0.268617 31.280000
-0.134431 -0.269684 31.280000
-0.113752 -0.270029 31.280000
-0.093070 -0.270216 31.280000
-0.072388 -0.270331 31.280000
-0.051706 -0.270405 31.280000
-0.031024 -0.270449 31.280000
-0.010341 -0.270469 31.280000
0.010341 -0.270469 31.280000
0.031024 -0.270449 31.280000
0.051706 -0.270405 31.280000
0.072388 -0.270331 31.280000
0.093070 -0.270216 31.280000
0.113752 -0.270029 31.280000
0.134431 -0.269684 31.280000
0.155086 -0.268617 31.280000
0.166338 -0.251263 31.280000
0.176976 -0.233527 31.280000
0.187478 -0.215709 31.280000
0.197920 -0.197856 31.280000
0.208324 -0.179981 31.280000
0.218704 -0.162092 31.280000
0.229063 -0.144190 31.280000
0.239404 -0.126279 31.280000
0.249727 -0.108357 31.280000
0.260030 -0.090424 31.280000
0.270308 -0.072476 31.280000
0.280549 -0.054507 31.280000
0.290728 -0.036503 31.280000
0.300769 -0.018421 31.280000
0.310172 0.000000 31.280000

