0.323273 0.000000 33.600000
0.313462 0.019194 33.600000
0.302992 0.038036 33.600000
0.292380 0.056799 33.600000
0.281704 0.075525 33.600000
0.270990 0.094230 33.600000
0.260250 0.112920 33.600000
0.249490 0.131598 33.600000
0.238713 0.150266 33.600000
0.227917 0.168924 33.600000
0.217100 0.187569 33.600000
0.206258 0.206200 33.600000
0.195379 0.224809 33.600000
0.184437 0.243381 33.600000
0.173353 0.261869 33.600000
0.161637 0.279963 33.600000
0.140109 0.281063 33.600000
0.118556 0.281417 33.600000
0.097001 0.281607 33.600000
0.075445 0.281725 33.600000
0.053890 0.281799 33.600000
0.032334 0.281843 33.600000
0.010778 0.281864 33.600000
-0.010778 0.281864 33.600000
-0.032334 0.281843 33.600000
-0.053890 0.281799 33.600000
-0.075445 0.281725 33.600000
-0.097001 0.281607 33.600000
-0.118556 0.281417 33.600000
-0.140109 0.281063 33.600000
-0.161637 0.279963 33.600000
-0.173353 0.261869 33.600000
-0.184437 0.243381 33.600000
-0.195379 0.224809 33.600000
-0.206258 0.206200 33.600000
-0.217100 0.187569 33.600000
-0.227917 0.168924 33.600000
-0.238713 0.150266 33.600000
-0.249490 0.131598 33.600000
-0.260250 0.112920 33.600000
-0.270990 0.094230 33.600000
-0.281704 0.075525 33.600000
-0.292380 0.056799 33.600000
-0.302992 0.038036 33.600000
-0.313462 0.019194 33.600000
-0.323273 0.000000 33.600000
-0.313462 -0.019194 33.600000
-0.302992 -0.038036 33.600000
-0.292380 -0.056799 33.600000
-0.281704 -0.075525 33.600000
-0.270990 -0.094230 33.600000
-0.260250 -0.112920 33.600000
-0.249490 -0.131598 33.600000
-0.238713 -0.150266 33.600000
-0.227917 -0.168924 33.600000
-0.217100 -0.187569 33.600000
-0.206258 -0.206200 33.600000
-0.195379 -0.224809 33.600000
-0.184437 -0.243381 33.600000
-0.173353 -0.261869 33.600000
-0.161637 -0.279963 33.600000
-0.140109 -0.281063 33.600000
-0.118556 -0.281417 33.600000
-0.097001 -0.281607 33.600000
-0.075445 -0.281725 33.600000
-0.053890 -0.281799 33.600000
-0.032334 -0.281843 33.600000
-0.010778 -0.281864 33.600000
0.010778 -0.281864 33.600000
0.032334 -0.281843 33.600000
0.053890 -0.281799 33.600000
0.075445 -0.281725 33.600000
0.097001 -0.281607 33.600000
0.118556 -0.281417 33.600000
0.140109 -0.281063 33.600000
0.161637 -0.279963 33.600000
0.173353 -0.261869 33.600000
0.184437 -0.243381 33.600000
0.195379 -0.224809 33.600000
0.206258 -0.206200 33.600000
0.217100 -0.187569 33.600000
0.227917 -0.168924 33.600000
0.238713 -0.150266 33.600000
0.249490 -0.131598 33.600000
0.260250 -0.112920 33.600000
0.270990 -0.094230 33.600000
0.281704 -0.075525 33.600000
0.292380 -0.056799 33.600000
0.302992 -0.038036 33.600000
0.313462 -0.019194 33.600000
0.323273 0.000000 33.600000

