0.347993 0.000000 38.130000
0.337410 0.020650 38.130000
0.326131 0.040928 38.130000
0.314700 0.061121 38.130000
0.303202 0.081276 38.130000
0.291665 0.101409 38.130000
0.280101 0.121526 38.130000
0.268517 0.141632 38.130000
0.256915 0.161727 38.130000
0.245295 0.181812 38.130000
0.233655 0.201885 38.130000
0.221988 0.221943 38.130000
0.210282 0.241977 38.130000
0.198510 0.261973 38.130000
0.186589 0.281881 38.130000
0.173996 0.301371 38.130000
0.150821 0.302531 38.130000
0.127620 0.302902 38.130000
0.104417 0.303099 38.130000
0.081214 0.303219 38.130000
0.058010 0.303294 38.130000
0.034806 0.303338 38.130000
0.011602 0.303359 38.130000
-0.011602 0.303359 38.130000
-0.034806 0.303338 38.130000
-0.058010 0.303294 38.130000
-0.081214 0.303219 38.130000
-0.104417 0.303099 38.130000
-0.127620 0.302902 38.130000
-0.150821 0.302531 38.130000
-0.173996 0.301371 38.130000
-0.186589 0.281881 38.130000
-0.198510 0.261973 38.130000
-0.210282 0.241977 38.130000
-0.221988 0.221943 38.130000
-0.233655 0.201885 38.130000
-0.245295 0.181812 38.130000
-0.256915 0.161727 38.130000
-0.268517 0.141632 38.130000
-0.280101 0.121526 38.130000
-0.291665 0.101409 38.130000
-0.303202 0.081276 38.130000
-0.314700 0.061121 38.130000
-0.326131 0.040928 38.130000
-0.337410 0.020650 38.130000
-0.347993 0.000000 38.130000
-0.337410 -0.020650 38.130000
-0.326131 -0.040928 38.130000
-0.314700 -0.061121 38.130000
-0.303202 -0.081276 38.130000
-0.291665 -0.101409 38.130000
-0.280101 -0.121526 38.130000
-0.268517 -0.141632 38.130000
-0.256915 -0.161727 38.130000
-0.245295 -0.181812 38.130000
-0.233655 -0.201885 38.130000
-0.221988 -0.221943 38.130000
-0.210282 -0.241977 38.130000
-0.198510 -0.261973 38.130000
-0.186589 -0.281881 38.130000
-0.173996 -0.301371 38.130000
-0.150821 -0.302531 38.130000
-0.127620 -0.302902 38.130000
-0.104417 -0.303099 38.130000
-0.081214 -0.303219 38.130000
-0.058010 -0.303294 38.130000
-0.034806 -0.303338 38.130000
-0.011602 -0.303359 38.130000
0.011602 -0.303359 38.130000
0.034806 -0.303338 38.130000
0.058010 -0.303294 38.130000
0.081214 -0.303219 38.130000
0.104417 -0.303099 38.130000
0.127620 -0.302902 38.130000
0.150821 -0.302531 38.130000
0.173996 -0.301371 38.130000
0.186589 -0.281881 38.130000
0.198510 -0.261973 38.130000
0.210282 -0.241977 38.130000
0.221988 -0.221943 38.130000
0.233655 -0.201885 38.130000
0.245295 -0.181812 38.130000
0.256915 -0.161727 38.130000
0.268517 -0.141632 38.130000
0.280101 -0.121526 38.130000
0.291665 -0.101409 38.130000
0.303202 -0.081276 38.130000
0.314700 -0.061121 38.130000
0.326131 -0.040928 38.130000
0.337410 -0.020650 38.130000
0.347993 0.000000 38.130000

