0.404446 0.000000 49.180000
0.392095 0.023973 49.180000
0.378961 0.047527 49.180000
0.365658 0.070985 49.180000
0.352281 0.094401 49.180000
0.338861 0.117792 49.180000
0.325413 0.141168 49.180000
0.311946 0.164532 49.180000
0.298462 0.187887 49.180000
0.284962 0.211232 49.180000
0.271442 0.234566 49.180000
0.257894 0.257884 49.180000
0.244304 0.281177 49.180000
0.230640 0.304427 49.180000
0.216809 0.327578 49.180000
0.202223 0.350261 49.180000
0.175286 0.351551 49.180000
0.148321 0.351953 49.180000
0.121354 0.352162 49.180000
0.094387 0.352285 49.180000
0.067419 0.352359 49.180000
0.040452 0.352400 49.180000
0.013484 0.352419 49.180000
-0.013484 0.352419 49.180000
-0.040452 0.352400 49.180000
-0.067419 0.352359 49.180000
-0.094387 0.352285 49.180000
-0.121354 0.352162 49.180000
-0.148321 0.351953 49.180000
-0.175286 0.351551 49.180000
-0.202223 0.350261 49.180000
-0.216809 0.327578 49.180000
-0.230640 0.304427 49.180000
-0.244304 0.281177 49.180000
-0.257894 0.257884 49.180000
-0.271442 0.234566 49.180000
-0.284962 0.211232 49.180000
-0.298462 0.187887 49.180000
-0.311946 0.164532 49.180000
-0.325413 0.141168 49.180000
-0.338861 0.117792 49.180000
-0.352281 0.094401 49.180000
-0.365658 0.070985 49.180000
-0.378961 0.047527 49.180000
-0.392095 0.023973 49.180000
-0.404446 0.000000 49.180000
-0.392095 -0.023973 49.180000
-0.378961 -0.047527 49.180000
-0.365658 -0.070985 49.180000
-0.352281 -0.094401 49.180000
-0.338861 -0.117792 49.180000
-0.325413 -0.141168 49.180000
-0.311946 -0.164532 49.180000
-0.298462 -0.187887 49.180000
-0.284962 -0.211232 49.180000
-0.271442 -0.234566 49.180000
-0.257894 -0.257884 49.180000
-0.244304 -0.281177 49.180000
-0.230640 -0.304427 49.180000
-0.216809 -0.327578 49.180000
-0.202223 -0.350261 49.180000
-0.175286 -0.351551 49.180000
-0.148321 -0.351953 49.180000
-0.121354 -0.352162 49.180000
-0.094387 -0.352285 49.180000
-0.067419 -0.352359 49.180000
-0.040452 -0.352400 49.180000
-0.013484 -0.352419 49.180000
0.013484 -0.352419 49.180000
0.040452 -0.352400 49.180000
0.067419 -0.352359 49.180000
0.094387 -0.352285 49.180000
0.121354 -0.352162 49.180000
0.148321 -0.351953 49.180000
0.175286 -0.351551 49.180000
0.202223 -0.350261 49.180000
0.216809 -0.327578 49.180000
0.230640 -0.304427 49.180000
0.244304 -0.281177 49.180000
0.257894 -0.257884 49.180000
0.271442 -0.234566 49.180000
0.284962 -0.211232 49.180000
0.298462 -0.187887 49.180000
0.311946 -0.164532 49.180000
0.325413 -0.141168 49.180000
0.338861 -0.117792 49.180000
0.352281 -0.094401 49.180000
0.365658 -0.070985 49.180000
0.378961 -0.047527 49.180000
0.392095 -0.023973 49.180000
0.404446 0.000000 49.180000

