0.198202 0.000000 13.980000
0.192255 0.011803 13.980000
0.185866 0.023373 13.980000
0.179379 0.034889 13.980000
0.172849 0.046379 13.980000
0.166291 0.057855 13.980000
0.159714 0.069319 13.980000
0.153120 0.080773 13.980000
0.146512 0.092219 13.980000
0.139889 0.103657 13.980000
0.133249 0.115085 13.980000
0.126590 0.126502 13.980000
0.119904 0.137903 13.980000
0.113175 0.149278 13.980000
0.106349 0.160596 13.980000
0.099101 0.171648 13.980000
0.085906 0.172400 13.980000
0.072691 0.172652 13.980000
0.059475 0.172791 13.980000
0.046259 0.172881 13.980000
0.033042 0.172940 13.980000
0.019825 0.172976 13.980000
0.006608 0.172993 13.980000
-0.006608 0.172993 13.980000
-0.019825 0.172976 13.980000
-0.033042 0.172940 13.980000
-0.046259 0.172881 13.980000
-0.059475 0.172791 13.980000
-0.072691 0.172652 13.980000
-0.085906 0.172400 13.980000
-0.099101 0.171648 13.980000
-0.106349 0.160596 13.980000
-0.113175 0.149278 13.980000
-0.119904 0.137903 13.980000
-0.126590 0.126502 13.980000
-0.133249 0.115085 13.980000
-0.139889 0.103657 13.980000
-0.146512 0.092219 13.980000
-0.153120 0.080773 13.980000
-0.159714 0.069319 13.980000
-0.166291 0.057855 13.980000
-0.172849 0.046379 13.980000
-0.179379 0.034889 13.980000
-0.185866 0.023373 13.980000
-0.192255 0.011803 13.980000
-0.198202 0.000000 13.980000
-0.192255 -0.011803 13.980000
-0.185866 -0.023373 13.980000
-0.179379 -0.034889 13.980000
-0.172849 -0.046379 13.980000
-0.166291 -0.057855 13.980000
-0.159714 -0.069319 13.980000
-0.153120 -0.080773 13.980000
-0.146512 -0.092219 13.980000
-0.139889 -0.103657 13.980000
-0.133249 -0.115085 13.980000
-0.126590 -0.126502 13.980000
-0.119904 -0.137903 13.980000
-0.113175 -0.149278 13.980000
-0.106349 -0.160596 13.980000
-0.099101 -0.171648 13.980000
-0.085906 -0.172400 13.980000
-0.072691 -0.172652 13.980000
-0.059475 -0.172791 13.980000
-0.046259 -0.172881 13.980000
-0.033042 -0.172940 13.980000
-0.019825 -0.172976 13.980000
-0.006608 -0.172993 13.980000
0.006608 -0.172993 13.980000
0.019825 -0.172976 13.980000
0.033042 -0.172940 13.980000
0.046259 -0.172881 13.980000
0.059475 -0.172791 13.980000
0.072691 -0.172652 13.980000
0.085906 -0.172400 13.980000
0.099101 -0.171648 13.980000
0.106349 -0.160596 13.980000
0.113175 -0.149278 13.980000
0.119904 -0.137903 13.980000
0.126590 -0.126502 13.980000
0.133249 -0.115085 13.980000
0.139889 -0.103657 13.980000
0.146512 -0.092219 13.980000
0.153120 -0.080773 13.980000
0.159714 -0.069319 13.980000
0.166291 -0.057855 13.980000
0.172849 -0.046379 13.980000
0.179379 -0.034889 13.980000
0.185866 -0.023373 13.980000
0.192255 -0.011803 13.980000
0.198202 0.000000 13.980000

