0.168751 0.000000 10.270000
0.163702 0.010057 10.270000
0.158269 0.019912 10.270000
0.152750 0.029718 10.270000
0.147193 0.039503 10.270000
0.141612 0.049275 10.270000
0.136013 0.059036 10.270000
0.130400 0.068790 10.270000
0.124774 0.078535 10.270000
0.119134 0.088273 10.270000
0.113479 0.098002 10.270000
0.107807 0.107721 10.270000
0.102112 0.117426 10.270000
0.096379 0.127109 10.270000
0.090561 0.136742 10.270000
0.084375 0.146142 10.270000
0.073141 0.146799 10.270000
0.061891 0.147021 10.270000
0.050638 0.147145 10.270000
0.039385 0.147224 10.270000
0.028133 0.147277 10.270000
0.016880 0.147309 10.270000
0.005627 0.147325 10.270000
-0.005627 0.147325 10.270000
-0.016880 0.147309 10.270000
-0.028133 0.147277 10.270000
-0.039385 0.147224 10.270000
-0.050638 0.147145 10.270000
-0.061891 0.147021 10.270000
-0.073141 0.146799 10.270000
-0.084375 0.146142 10.270000
-0.090561 0.136742 10.270000
-0.096379 0.127109 10.270000
-0.102112 0.117426 10.270000
-0.107807 0.107721 10.270000
-0.113479 0.098002 10.270000
-0.119134 0.088273 10.270000
-0.124774 0.078535 10.270000
-0.130400 0.068790 10.270000
-0.136013 0.059036 10.270000
-0.141612 0.049275 10.270000
-0.147193 0.039503 10.270000
-0.152750 0.029718 10.270000
-0.158269 0.019912 10.270000
-0.163702 0.010057 10.270000
-0.168751 -0.000000 10.270000
-0.163702 -0.010057 10.270000
-0.158269 -0.019912 10.270000
-0.152750 -0.029718 10.270000
-0.147193 -0.039503 10.270000
-0.141612 -0.049275 10.270000
-0.136013 -0.059036 10.270000
-0.130400 -0.068790 10.270000
-0.124774 -0.078535 10.270000
-0.119134 -0.088273 10.270000
-0.113479 -0.098002 10.270000
-0.107807 -0.107721 10.270000
-0.102112 -0.117426 10.270000
-0.096379 -0.127109 10.270000
-0.090561 -0.136742 10.270000
-0.084375 -0.146142 10.270000
-0.073141 -0.146799 10.270000
-0.061891 -0.147021 10.270000
-0.050638 -0.147145 10.270000
-0.039385 -0.147224 10.270000
-0.028133 -0.147277 10.270000
-0.016880 -0.147309 10.270000
-0.005627 -0.147325 10.270000
0.005627 -0.147325 10.270000
0.016880 -0.147309 10.270000
0.028133 -0.147277 10.270000
0.039385 -0.147224 10.270000
0.050638 -0.147145 10.270000
0.061891 -0.147021 10.270000
0.073141 -0.146799 10.270000
0.084375 -0.146142 10.270000
0.090561 -0.136742 10.270000
0.096379 -0.127109 10.270000
0.102112 -0.117426 10.270000
0.107807 -0.107721 10.270000
0.113479 -0.098002 10.270000
0.119134 -0.088273 10.270000
0.124774 -0.078535 10.270000
0.130400 -0.068790 10.270000
0.136013 -0.059036 10.270000
0.141612 -0.049275 10.270000
0.147193 -0.039503 10.270000
0.152750 -0.029718 10.270000
0.158269 -0.019912 10.270000
0.163702 -0.010057 10.270000
0.168751 0.000000 10.270000

