0.277319 0.000000 25.720000
0.268935 0.016482 25.720000
0.259969 0.032655 25.720000
0.250875 0.048756 25.720000
0.241724 0.064825 25.720000
0.232540 0.080875 25.720000
0.223331 0.096911 25.720000
0.214102 0.112936 25.720000
0.204856 0.128950 25.720000
0.195593 0.144955 25.720000
0.186310 0.160948 25.720000
0.177003 0.176927 25.720000
0.167662 0.192886 25.720000
0.158265 0.208812 25.720000
0.148742 0.224664 25.720000
0.138660 0.240165 25.720000
0.120194 0.241146 25.720000
0.101704 0.241467 25.720000
0.083213 0.241642 25.720000
0.064722 0.241752 25.720000
0.046230 0.241823 25.720000
0.027738 0.241866 25.720000
0.009246 0.241886 25.720000
-0.009246 0.241886 25.720000
-0.027738 0.241866 25.720000
-0.046230 0.241823 25.720000
-0.064722 0.241752 25.720000
-0.083213 0.241642 25.720000
-0.101704 0.241467 25.720000
-0.120194 0.241146 25.720000
-0.138660 0.240165 25.720000
-0.148742 0.224664 25.720000
-0.158265 0.208812 25.720000
-0.167662 0.192886 25.720000
-0.177003 0.176927 25.720000
-0.186310 0.160948 25.720000
-0.195593 0.144955 25.720000
-0.204856 0.128950 25.720000
-0.214102 0.112936 25.720000
-0.223331 0.096911 25.720000
-0.232540 0.080875 25.720000
-0.241724 0.064825 25.720000
-0.250875 0.048756 25.720000
-0.259969 0.032655 25.720000
-0.268935 0.016482 25.720000
-0.277319 0.000000 25.720000
-0.268935 -0.016482 25.720000
-0.259969 -0.032655 25.720000
-0.250875 -0.048756 25.720000
-0.241724 -0.064825 25.720000
-0.232540 -0.080875 25.720000
-0.223331 -0.096911 25.720000
-0.214102 -0.112936 25.720000
-0.204856 -0.128950 25.720000
-0.195593 -0.144955 25.720000
-0.186310 -0.160948 25.720000
-0.177003 -0.176927 25.720000
-0.167662 -0.192886 25.720000
-0.158265 -0.208812 25.720000
-0.148742 -0.224664 25.720000
-0.138660 -0.240165 25.720000
-0.120194 -0.241146 25.720000
-0.101704 -0.241467 25.720000
-0.083213 -0.241642 25.720000
-0.064722 -0.241752 25.720000
-0.046230 -0.241823 25.720000
-0.027738 -0.241866 25.720000
-0.009246 -0.241886 25.720000
0.009246 -0.241886 25.720000
0.027738 -0.241866 25.720000
0.046230 -0.241823 25.720000
0.064722 -0.241752 25.720000
0.083213 -0.241642 25.720000
0.101704 -0.241467 25.720000
0.120194 -0.241146 25.720000
0.138660 -0.240165 25.720000
0.148742 -0.224664 25.720000
0.158265 -0.208812 25.720000
0.167662 -0.192886 25.720000
0.177003 -0.176927 25.720000
0.186310 -0.160948 25.720000
0.195593 -0.144955 25.720000
0.204856 -0.128950 25.720000
0.214102 -0.112936 25.720000
0.223331 -0.096911 25.720000
0.232540 -0.080875 25.720000
0.241724 -0.064825 25.720000
0.250875 -0.048756 25.720000
0.259969 -0.032655 25.720000
0.268935 -0.016482 25.720000
0.277319 0.000000 25.720000

