0.320421 0.000000 33.090000
0.310698 0.019025 33.090000
0.300322 0.037702 33.090000
0.289804 0.056300 33.090000
0.279222 0.074861 33.090000
0.268604 0.093401 33.090000
0.257959 0.111926 33.090000
0.247294 0.130440 33.090000
0.236612 0.148943 33.090000
0.225911 0.167436 33.090000
0.215190 0.185917 33.090000
0.204443 0.204383 33.090000
0.193659 0.222828 33.090000
0.182812 0.241235 33.090000
0.171826 0.259560 33.090000
0.160210 0.277492 33.090000
0.138873 0.278585 33.090000
0.117510 0.278938 33.090000
0.096145 0.279127 33.090000
0.074780 0.279244 33.090000
0.053414 0.279318 33.090000
0.032048 0.279363 33.090000
0.010683 0.279383 33.090000
-0.010683 0.279383 33.090000
-0.032048 0.279363 33.090000
-0.053414 0.279318 33.090000
-0.074780 0.279244 33.090000
-0.096145 0.279127 33.090000
-0.117510 0.278938 33.090000
-0.138873 0.278585 33.090000
-0.160210 0.277492 33.090000
-0.171826 0.259560 33.090000
-0.182812 0.241235 33.090000
-0.193659 0.222828 33.090000
-0.204443 0.204383 33.090000
-0.215190 0.185917 33.090000
-0.225911 0.167436 33.090000
-0.236612 0.148943 33.090000
-0.247294 0.130440 33.090000
-0.257959 0.111926 33.090000
-0.268604 0.093401 33.090000
-0.279222 0.074861 33.090000
-0.289804 0.056300 33.090000
-0.300322 0.037702 33.090000
-0.310698 0.019025 33.090000
-0.320421 0.000000 33.090000
-0.310698 -0.019025 33.090000
-0.300322 -0.037702 33.090000
-0.289804 -0.056300 33.090000
-0.279222 -0.074861 33.090000
-0.268604 -0.093401 33.090000
-0.257959 -0.111926 33.090000
-0.247294 -0.130440 33.090000
-0.236612 -0.148943 33.090000
-0.225911 -0.167436 33.090000
-0.215190 -0.185917 33.090000
-0.204443 -0.204383 33.090000
-0.193659 -0.222828 33.090000
-0.182812 -0.241235 33.090000
-0.171826 -0.259560 33.090000
-0.160210 -0.277492 33.090000
-0.138873 -0.278585 33.090000
-0.117510 -0.278938 33.090000
-0.096145 -0.279127 33.090000
-0.074780 -0.279244 33.090000
-0.053414 -0.279318 33.090000
-0.032048 -0.279363 33.090000
-0.010683 -0.279383 33.090000
0.010683 -0.279383 33.090000
0.032048 -0.279363 33.090000
0.053414 -0.279318 33.090000
0.074780 -0.279244 33.090000
0.096145 -0.279127 33.090000
0.117510 -0.278938 33.090000
0.138873 -0.278585 33.090000
0.160210 -0.277492 33.090000
0.171826 -0.259560 33.090000
0.182812 -0.241235 33.090000
0.193659 -0.222828 33.090000
0.204443 -0.204383 33.090000
0.215190 -0.185917 33.090000
0.225911 -0.167436 33.090000
0.236612 -0.148943 33.090000
0.247294 -0.130440 33.090000
0.257959 -0.111926 33.090000
0.268604 -0.093401 33.090000
0.279222 -0.074861 33.090000
0.289804 -0.056300 33.090000
0.300322 -0.037702 33.090000
0.310698 -0.019025 33.090000
0.320421 0.000000 33.090000

