0.077225 -0.000000 1.450000
0.074938 0.004614 1.450000
0.072461 0.009129 1.450000
0.069941 0.013621 1.450000
0.067401 0.018101 1.450000
0.064850 0.022574 1.450000
0.062289 0.027043 1.450000
0.059721 0.031507 1.450000
0.057146 0.035967 1.450000
0.054564 0.040423 1.450000
0.051975 0.044874 1.450000
0.049377 0.049321 1.450000
0.046766 0.053760 1.450000
0.044137 0.058188 1.450000
0.041465 0.062591 1.450000
0.038613 0.066879 1.450000
0.033473 0.067205 1.450000
0.028324 0.067318 1.450000
0.023175 0.067381 1.450000
0.018025 0.067422 1.450000
0.012875 0.067449 1.450000
0.007725 0.067466 1.450000
0.002575 0.067474 1.450000
-0.002575 0.067474 1.450000
-0.007725 0.067466 1.450000
-0.012875 0.067449 1.450000
-0.018025 0.067422 1.450000
-0.023175 0.067381 1.450000
-0.028324 0.067318 1.450000
-0.033473 0.067205 1.450000
-0.038613 0.066879 1.450000
-0.041465 0.062591 1.450000
-0.044137 0.058188 1.450000
-0.046766 0.053760 1.450000
-0.049377 0.049321 1.450000
-0.051975 0.044874 1.450000
-0.054564 0.040423 1.450000
-0.057146 0.035967 1.450000
-0.059721 0.031507 1.450000
-0.062289 0.027043 1.450000
-0.064850 0.022574 1.450000
-0.067401 0.018101 1.450000
-0.069941 0.013621 1.450000
-0.072461 0.009129 1.450000
-0.074938 0.004614 1.450000
-0.077225 -0.000000 1.450000
-0.074938 -0.004614 1.450000
-0.072461 -0.009129 1.450000
-0.069941 -0.013621 1.450000
-0.067401 -0.018101 1.450000
-0.064850 -0.022574 1.450000
-0.062289 -0.027043 1.450000
-0.059721 -0.031507 1.450000
-0.057146 -0.035967 1.450000
-0.054564 -0.040423 1.450000
-0.051975 -0.044874 1.450000
-0.049377 -0.049321 1.450000
-0.046766 -0.053760 1.450000
-0.044137 -0.058188 1.450000
-0.041465 -0.062591 1.450000
-0.038613 -0.066879 1.450000
-0.033473 -0.067205 1.450000
-0.028324 -0.067318 1.450000
-0.023175 -0.067381 1.450000
-0.018025 -0.067422 1.450000
-0.012875 -0.067449 1.450000
-0.007725 -0.067466 1.450000
-0.002575 -0.067474 1.450000
0.002575 -0.067474 1.450000
0.007725 -0.067466 1.450000
0.012875 -0.067449 1.450000
0.018025 -0.067422 1.450000
0.023175 -0.067381 1.450000
0.028324 -0.067318 1.450000
0.033473 -0.067205 1.450000
0.038613 -0.066879 1.450000
0.041465 -0.062591 1.450000
0.044137 -0.058188 1.450000
0.046766 -0.053760 1.450000
0.049377 -0.049321 1.450000
0.051975 -0.044874 1.450000
0.054564 -0.040423 1.450000
0.057146 -0.035967 1.450000
0.059721 -0.031507 1.450000
0.062289 -0.027043 1.450000
0.064850 -0.022574 1.450000
0.067401 -0.018101 1.450000
0.069941 -0.013621 1.450000
0.072461 -0.009129 1.450000
0.074938 -0.004614 1.450000
0.077225 -0.000000 1.450000

