0.181670 0.000000 11.850000
0.176228 0.010823 11.850000
0.170376 0.021431 11.850000
0.164433 0.031987 11.850000
0.158448 0.042520 11.850000
0.152439 0.053039 11.850000
0.146411 0.063548 11.850000
0.140368 0.074047 11.850000
0.134311 0.084539 11.850000
0.128240 0.095022 11.850000
0.122153 0.105496 11.850000
0.116048 0.115960 11.850000
0.109918 0.126409 11.850000
0.103748 0.136835 11.850000
0.097487 0.147206 11.850000
0.090835 0.157331 11.850000
0.078741 0.158030 11.850000
0.066629 0.158265 11.850000
0.054515 0.158396 11.850000
0.042401 0.158480 11.850000
0.030286 0.158536 11.850000
0.018172 0.158570 11.850000
0.006057 0.158586 11.850000
-0.006057 0.158586 11.850000
-0.018172 0.158570 11.850000
-0.030286 0.158536 11.850000
-0.042401 0.158480 11.850000
-0.054515 0.158396 11.850000
-0.066629 0.158265 11.850000
-0.078741 0.158030 11.850000
-0.090835 0.157331 11.850000
-0.097487 0.147206 11.850000
-0.103748 0.136835 11.850000
-0.109918 0.126409 11.850000
-0.116048 0.115960 11.850000
-0.122153 0.105496 11.850000
-0.128240 0.095022 11.850000
-0.134311 0.084539 11.850000
-0.140368 0.074047 11.850000
-0.146411 0.063548 11.850000
-0.152439 0.053039 11.850000
-0.158448 0.042520 11.850000
-0.164433 0.031987 11.850000
-0.170376 0.021431 11.850000
-0.176228 0.010823 11.850000
-0.181670 -0.000000 11.850000
-0.176228 -0.010823 11.850000
-0.170376 -0.021431 11.850000
-0.164433 -0.031987 11.850000
-0.158448 -0.042520 11.850000
-0.152439 -0.053039 11.850000
-0.146411 -0.063548 11.850000
-0.140368 -0.074047 11.850000
-0.134311 -0.084539 11.850000
-0.128240 -0.095022 11.850000
-0.122153 -0.105496 11.850000
-0.116048 -0.115960 11.850000
-0.109918 -0.126409 11.850000
-0.103748 -0.136835 11.850000
-0.097487 -0.147206 11.850000
-0.090835 -0.157331 11.850000
-0.078741 -0.158030 11.850000
-0.066629 -0.158265 11.850000
-0.054515 -0.158396 11.850000
-0.042401 -0.158480 11.850000
-0.030286 -0.158536 11.850000
-0.018172 -0.158570 11.850000
-0.006057 -0.158586 11.850000
0.006057 -0.158586 11.850000
0.018172 -0.158570 11.850000
0.030286 -0.158536 11.850000
0.042401 -0.158480 11.850000
0.054515 -0.158396 11.850000
0.066629 -0.158265 11.850000
0.078741 -0.158030 11.850000
0.090835 -0.157331 11.850000
0.097487 -0.147206 11.850000
0.103748 -0.136835 11.850000
0.109918 -0.126409 11.850000
0.116048 -0.115960 11.850000
0.122153 -0.105496 11.850000
0.128240 -0.095022 11.850000
0.134311 -0.084539 11.850000
0.140368 -0.074047 11.850000
0.146411 -0.063548 11.850000
0.152439 -0.053039 11.850000
0.158448 -0.042520 11.850000
0.164433 -0.031987 11.850000
0.170376 -0.021431 11.850000
0.176228 -0.010823 11.850000
0.181670 0.000000 11.850000

