0.105535 -0.000000 3.700000
0.102400 0.006301 3.700000
0.099011 0.012469 3.700000
0.095564 0.018605 3.700000
0.092093 0.024727 3.700000
0.088605 0.030840 3.700000
0.085105 0.036946 3.700000
0.081595 0.043046 3.700000
0.078076 0.049141 3.700000
0.074548 0.055230 3.700000
0.071010 0.061314 3.700000
0.067460 0.067391 3.700000
0.063895 0.073459 3.700000
0.060304 0.079511 3.700000
0.056656 0.085530 3.700000
0.052768 0.091396 3.700000
0.045743 0.091831 3.700000
0.038707 0.091980 3.700000
0.031670 0.092064 3.700000
0.024632 0.092118 3.700000
0.017594 0.092154 3.700000
0.010557 0.092176 3.700000
0.003519 0.092186 3.700000
-0.003519 0.092186 3.700000
-0.010557 0.092176 3.700000
-0.017594 0.092154 3.700000
-0.024632 0.092118 3.700000
-0.031670 0.092064 3.700000
-0.038707 0.091980 3.700000
-0.045743 0.091831 3.700000
-0.052768 0.091396 3.700000
-0.056656 0.085530 3.700000
-0.060304 0.079511 3.700000
-0.063895 0.073459 3.700000
-0.067460 0.067391 3.700000
-0.071010 0.061314 3.700000
-0.074548 0.055230 3.700000
-0.078076 0.049141 3.700000
-0.081595 0.043046 3.700000
-0.085105 0.036946 3.700000
-0.088605 0.030840 3.700000
-0.092093 0.024727 3.700000
-0.095564 0.018605 3.700000
-0.099011 0.012469 3.700000
-0.102400 0.006301 3.700000
-0.105535 -0.000000 3.700000
-0.102400 -0.006301 3.700000
-0.099011 -0.012469 3.700000
-0.095564 -0.018605 3.700000
-0.092093 -0.024727 3.700000
-0.088605 -0.030840 3.700000
-0.085105 -0.036946 3.700000
-0.081595 -0.043046 3.700000
-0.078076 -0.049141 3.700000
-0.074548 -0.055230 3.700000
-0.071010 -0.061314 3.700000
-0.067460 -0.067391 3.700000
-0.063895 -0.073459 3.700000
-0.060304 -0.079511 3.700000
-0.056656 -0.085530 3.700000
-0.052768 -0.091396 3.700000
-0.045743 -0.091831 3.700000
-0.038707 -0.091980 3.700000
-0.031670 -0.092064 3.700000
-0.024632 -0.092118 3.700000
-0.017594 -0.092154 3.700000
-0.010557 -0.092176 3.700000
-0.003519 -0.092186 3.700000
0.003519 -0.092186 3.700000
0.010557 -0.092176 3.700000
0.017594 -0.092154 3.700000
0.024632 -0.092118 3.700000
0.031670 -0.092064 3.700000
0.038707 -0.091980 3.700000
0.045743 -0.091831 3.700000
0.052768 -0.091396 3.700000
0.056656 -0.085530 3.700000
0.060304 -0.079511 3.700000
0.063895 -0.073459 3.700000
0.067460 -0.067391 3.700000
0.071010 -0.061314 3.700000
0.074548 -0.055230 3.700000
0.078076 -0.049141 3.700000
0.081595 -0.043046 3.700000
0.085105 -0.036946 3.700000
0.088605 -0.030840 3.700000
0.092093 -0.024727 3.700000
0.095564 -0.018605 3.700000
0.099011 -0.012469 3.700000
0.102400 -0.006301 3.700000
0.105535 -0.000000 3.700000

