0.133325 -0.000000 6.340000
0.129351 0.007954 6.340000
0.125065 0.015743 6.340000
0.120708 0.023493 6.340000
0.116320 0.031226 6.340000
0.111913 0.038947 6.340000
0.107491 0.046660 6.340000
0.103056 0.054366 6.340000
0.098611 0.062066 6.340000
0.094154 0.069759 6.340000
0.089686 0.077446 6.340000
0.085203 0.085123 6.340000
0.080700 0.092790 6.340000
0.076166 0.100438 6.340000
0.071564 0.108045 6.340000
0.066662 0.115463 6.340000
0.057788 0.115998 6.340000
0.048899 0.116181 6.340000
0.040008 0.116283 6.340000
0.031118 0.116349 6.340000
0.022227 0.116393 6.340000
0.013336 0.116420 6.340000
0.004445 0.116433 6.340000
-0.004445 0.116433 6.340000
-0.013336 0.116420 6.340000
-0.022227 0.116393 6.340000
-0.031118 0.116349 6.340000
-0.040008 0.116283 6.340000
-0.048899 0.116181 6.340000
-0.057788 0.115998 6.340000
-0.066662 0.115463 6.340000
-0.071564 0.108045 6.340000
-0.076166 0.100438 6.340000
-0.080700 0.092790 6.340000
-0.085203 0.085123 6.340000
-0.089686 0.077446 6.340000
-0.094154 0.069759 6.340000
-0.098611 0.062066 6.340000
-0.103056 0.054366 6.340000
-0.107491 0.046660 6.340000
-0.111913 0.038947 6.340000
-0.116320 0.031226 6.340000
-0.120708 0.023493 6.340000
-0.125065 0.015743 6.340000
-0.129351 0.007954 6.340000
-0.133325 -0.000000 6.340000
-0.129351 -0.007954 6.340000
-0.125065 -0.015743 6.340000
-0.120708 -0.023493 6.340000
-0.116320 -0.031226 6.340000
-0.111913 -0.038947 6.340000
-0.107491 -0.046660 6.340000
-0.103056 -0.054366 6.340000
-0.098611 -0.062066 6.340000
-0.094154 -0.069759 6.340000
-0.089686 -0.077446 6.340000
-0.085203 -0.085123 6.340000
-0.080700 -0.092790 6.340000
-0.076166 -0.100438 6.340000
-0.071564 -0.108045 6.340000
-0.066662 -0.115463 6.340000
-0.057788 -0.115998 6.340000
-0.048899 -0.116181 6.340000
-0.040008 -0.116283 6.340000
-0.031118 -0.116349 6.340000
-0.022227 -0.116393 6.340000
-0.013336 -0.116420 6.340000
-0.004445 -0.116433 6.340000
0.004445 -0.116433 6.340000
0.013336 -0.116420 6.340000
0.022227 -0.116393 6.340000
0.031118 -0.116349 6.340000
0.040008 -0.116283 6.340000
0.048899 -0.116181 6.340000
0.057788 -0.115998 6.340000
0.066662 -0.115463 6.340000
0.071564 -0.108045 6.340000
0.076166 -0.100438 6.340000
0.080700 -0.092790 6.340000
0.085203 -0.085123 6.340000
0.089686 -0.077446 6.340000
0.094154 -0.069759 6.340000
0.098611 -0.062066 6.340000
0.103056 -0.054366 6.340000
0.107491 -0.046660 6.340000
0.111913 -0.038947 6.340000
0.116320 -0.031226 6.340000
0.120708 -0.023493 6.340000
0.125065 -0.015743 6.340000
0.129351 -0.007954 6.340000
0.133325 -0.000000 6.340000

