0.181191 0.000000 11.790000
0.175763 0.010795 11.790000
0.169927 0.021374 11.790000
0.163999 0.031903 11.790000
0.158031 0.042408 11.790000
0.152037 0.052900 11.790000
0.146025 0.063380 11.790000
0.139998 0.073852 11.790000
0.133957 0.084316 11.790000
0.127902 0.094772 11.790000
0.121831 0.105218 11.790000
0.115742 0.115654 11.790000
0.109628 0.126076 11.790000
0.103474 0.136474 11.790000
0.097230 0.146818 11.790000
0.090595 0.156916 11.790000
0.078533 0.157613 11.790000
0.066453 0.157848 11.790000
0.054371 0.157979 11.790000
0.042289 0.158063 11.790000
0.030206 0.158118 11.790000
0.018124 0.158152 11.790000
0.006041 0.158168 11.790000
-0.006041 0.158168 11.790000
-0.018124 0.158152 11.790000
-0.030206 0.158118 11.790000
-0.042289 0.158063 11.790000
-0.054371 0.157979 11.790000
-0.066453 0.157848 11.790000
-0.078533 0.157613 11.790000
-0.090595 0.156916 11.790000
-0.097230 0.146818 11.790000
-0.103474 0.136474 11.790000
-0.109628 0.126076 11.790000
-0.115742 0.115654 11.790000
-0.121831 0.105218 11.790000
-0.127902 0.094772 11.790000
-0.133957 0.084316 11.790000
-0.139998 0.073852 11.790000
-0.146025 0.063380 11.790000
-0.152037 0.052900 11.790000
-0.158031 0.042408 11.790000
-0.163999 0.031903 11.790000
-0.169927 0.021374 11.790000
-0.175763 0.010795 11.790000
-0.181191 0.000000 11.790000
-0.175763 -0.010795 11.790000
-0.169927 -0.021374 11.790000
-0.163999 -0.031903 11.790000
-0.158031 -0.042408 11.790000
-0.152037 -0.052900 11.790000
-0.146025 -0.063380 11.790000
-0.139998 -0.073852 11.790000
-0.133957 -0.084316 11.790000
-0.127902 -0.094772 11.790000
-0.121831 -0.105218 11.790000
-0.115742 -0.115654 11.790000
-0.109628 -0.126076 11.790000
-0.103474 -0.136474 11.790000
-0.097230 -0.146818 11.790000
-0.090595 -0.156916 11.790000
-0.078533 -0.157613 11.790000
-0.066453 -0.157848 11.790000
-0.054371 -0.157979 11.790000
-0.042289 -0.158063 11.790000
-0.030206 -0.158118 11.790000
-0.018124 -0.158152 11.790000
-0.006041 -0.158168 11.790000
0.006041 -0.158168 11.790000
0.018124 -0.158152 11.790000
0.030206 -0.158118 11.790000
0.042289 -0.158063 11.790000
0.054371 -0.157979 11.790000
0.066453 -0.157848 11.790000
0.078533 -0.157613 11.790000
0.090595 -0.156916 11.790000
0.097230 -0.146818 11.790000
0.103474 -0.136474 11.790000
0.109628 -0.126076 11.790000
0.115742 -0.115654 11.790000
0.121831 -0.105218 11.790000
0.127902 -0.094772 11.790000
0.133957 -0.084316 11.790000
0.139998 -0.073852 11.790000
0.146025 -0.063380 11.790000
0.152037 -0.052900 11.790000
0.158031 -0.042408 11.790000
0.163999 -0.031903 11.790000
0.169927 -0.021374 11.790000
0.175763 -0.010795 11.790000
0.181191 0.000000 11.790000

