0.339383 0.000000 36.530000
0.329069 0.020143 36.530000
0.318072 0.039921 36.530000
0.306926 0.059616 36.530000
0.295715 0.079273 36.530000
0.284465 0.098909 36.530000
0.273188 0.118529 36.530000
0.261891 0.138137 36.530000
0.250576 0.157735 36.530000
0.239243 0.177323 36.530000
0.227890 0.196899 36.530000
0.216510 0.216460 36.530000
0.205092 0.235998 36.530000
0.193609 0.255498 36.530000
0.181979 0.274911 36.530000
0.169691 0.293914 36.530000
0.147090 0.295054 36.530000
0.124463 0.295419 36.530000
0.101834 0.295614 36.530000
0.079205 0.295733 36.530000
0.056575 0.295808 36.530000
0.033945 0.295852 36.530000
0.011315 0.295873 36.530000
-0.011315 0.295873 36.530000
-0.033945 0.295852 36.530000
-0.056575 0.295808 36.530000
-0.079205 0.295733 36.530000
-0.101834 0.295614 36.530000
-0.124463 0.295419 36.530000
-0.147090 0.295054 36.530000
-0.169691 0.293914 36.530000
-0.181979 0.274911 36.530000
-0.193609 0.255498 36.530000
-0.205092 0.235998 36.530000
-0.216510 0.216460 36.530000
-0.227890 0.196899 36.530000
-0.239243 0.177323 36.530000
-0.250576 0.157735 36.530000
-0.261891 0.138137 36.530000
-0.273188 0.118529 36.530000
-0.284465 0.098909 36.530000
-0.295715 0.079273 36.530000
-0.306926 0.059616 36.530000
-0.318072 0.039921 36.530000
-0.329069 0.020143 36.530000
-0.339383 0.000000 36.530000
-0.329069 -0.020143 36.530000
-0.318072 -0.039921 36.530000
-0.306926 -0.059616 36.530000
-0.295715 -0.079273 36.530000
-0.284465 -0.098909 36.530000
-0.273188 -0.118529 36.530000
-0.261891 -0.138137 36.530000
-0.250576 -0.157735 36.530000
-0.239243 -0.177323 36.530000
-0.227890 -0.196899 36.530000
-0.216510 -0.216460 36.530000
-0.205092 -0.235998 36.530000
-0.193609 -0.255498 36.530000
-0.181979 -0.274911 36.530000
-0.169691 -0.293914 36.530000
-0.147090 -0.295054 36.530000
-0.124463 -0.295419 36.530000
-0.101834 -0.295614 36.530000
-0.079205 -0.295733 36.530000
-0.056575 -0.295808 36.530000
-0.033945 -0.295852 36.530000
-0.011315 -0.295873 36.530000
0.011315 -0.295873 36.530000
0.033945 -0.295852 36.530000
0.056575 -0.295808 36.530000
0.079205 -0.295733 36.530000
0.101834 -0.295614 36.530000
0.124463 -0.295419 36.530000
0.147090 -0.295054 36.530000
0.169691 -0.293914 36.530000
0.181979 -0.274911 36.530000
0.193609 -0.255498 36.530000
0.205092 -0.235998 36.530000
0.216510 -0.216460 36.530000
0.227890 -0.196899 36.530000
0.239243 -0.177323 36.530000
0.250576 -0.157735 36.530000
0.261891 -0.138137 36.530000
0.273188 -0.118529 36.530000
0.284465 -0.098909 36.530000
0.295715 -0.079273 36.530000
0.306926 -0.059616 36.530000
0.318072 -0.039921 36.530000
0.329069 -0.020143 36.530000
0.339383 0.000000 36.530000

