0.062018 -0.000000 0.440000
0.060184 0.003707 0.440000
0.058196 0.007334 0.440000
0.056173 0.010941 0.440000
0.054134 0.014540 0.440000
0.052086 0.018132 0.440000
0.050029 0.021721 0.440000
0.047967 0.025306 0.440000
0.045899 0.028888 0.440000
0.043826 0.032466 0.440000
0.041746 0.036041 0.440000
0.039659 0.039612 0.440000
0.037562 0.043177 0.440000
0.035450 0.046733 0.440000
0.033303 0.050268 0.440000
0.031009 0.053709 0.440000
0.026882 0.053975 0.440000
0.022747 0.054067 0.440000
0.018611 0.054118 0.440000
0.014476 0.054151 0.440000
0.010340 0.054174 0.440000
0.006204 0.054187 0.440000
0.002068 0.054194 0.440000
-0.002068 0.054194 0.440000
-0.006204 0.054187 0.440000
-0.010340 0.054174 0.440000
-0.014476 0.054151 0.440000
-0.018611 0.054118 0.440000
-0.022747 0.054067 0.440000
-0.026882 0.053975 0.440000
-0.031009 0.053709 0.440000
-0.033303 0.050268 0.440000
-0.035450 0.046733 0.440000
-0.037562 0.043177 0.440000
-0.039659 0.039612 0.440000
-0.041746 0.036041 0.440000
-0.043826 0.032466 0.440000
-0.045899 0.028888 0.440000
-0.047967 0.025306 0.440000
-0.050029 0.021721 0.440000
-0.052086 0.018132 0.440000
-0.054134 0.014540 0.440000
-0.056173 0.010941 0.440000
-0.058196 0.007334 0.440000
-0.060184 0.003707 0.440000
-0.062018 -0.000000 0.440000
-0.060184 -0.003707 0.440000
-0.058196 -0.007334 0.440000
-0.056173 -0.010941 0.440000
-0.054134 -0.014540 0.440000
-0.052086 -0.018132 0.440000
-0.050029 -0.021721 0.440000
-0.047967 -0.025306 0.440000
-0.045899 -0.028888 0.440000
-0.043826 -0.032466 0.440000
-0.041746 -0.036041 0.440000
-0.039659 -0.039612 0.440000
-0.037562 -0.043177 0.440000
-0.035450 -0.046733 0.440000
-0.033303 -0.050268 0.440000
-0.031009 -0.053709 0.440000
-0.026882 -0.053975 0.440000
-0.022747 -0.054067 0.440000
-0.018611 -0.054118 0.440000
-0.014476 -0.054151 0.440000
-0.010340 -0.054174 0.440000
-0.006204 -0.054187 0.440000
-0.002068 -0.054194 0.440000
0.002068 -0.054194 0.440000
0.006204 -0.054187 0.440000
0.010340 -0.054174 0.440000
0.014476 -0.054151 0.440000
0.018611 -0.054118 0.440000
0.022747 -0.054067 0.440000
0.026882 -0.053975 0.440000
0.031009 -0.053709 0.440000
0.033303 -0.050268 0.440000
0.035450 -0.046733 0.440000
0.037562 -0.043177 0.440000
0.039659 -0.039612 0.440000
0.041746 -0.036041 0.440000
0.043826 -0.032466 0.440000
0.045899 -0.028888 0.440000
0.047967 -0.025306 0.440000
0.050029 -0.021721 0.440000
0.052086 -0.018132 0.440000
0.054134 -0.014540 0.440000
0.056173 -0.010941 0.440000
0.058196 -0.007334 0.440000
0.060184 -0.003707 0.440000
0.062018 -0.000000 0.440000

