0.308855 0.000000 31.050000
0.299493 0.018343 31.050000
0.289496 0.036349 31.050000
0.279359 0.054276 31.050000
0.269162 0.072169 31.050000
0.258929 0.090041 31.050000
0.248670 0.107899 31.050000
0.238390 0.125744 31.050000
0.228093 0.143580 31.050000
0.217778 0.161405 31.050000
0.207442 0.179218 31.050000
0.197081 0.197017 31.050000
0.186684 0.214794 31.050000
0.176227 0.232536 31.050000
0.165632 0.250197 31.050000
0.154428 0.267477 31.050000
0.133861 0.268540 31.050000
0.113269 0.268885 31.050000
0.092675 0.269070 31.050000
0.072081 0.269186 31.050000
0.051486 0.269259 31.050000
0.030892 0.269303 31.050000
0.010297 0.269324 31.050000
-0.010297 0.269324 31.050000
-0.030892 0.269303 31.050000
-0.051486 0.269259 31.050000
-0.072081 0.269186 31.050000
-0.092675 0.269070 31.050000
-0.113269 0.268885 31.050000
-0.133861 0.268540 31.050000
-0.154428 0.267477 31.050000
-0.165632 0.250197 31.050000
-0.176227 0.232536 31.050000
-0.186684 0.214794 31.050000
-0.197081 0.197017 31.050000
-0.207442 0.179218 31.050000
-0.217778 0.161405 31.050000
-0.228093 0.143580 31.050000
-0.238390 0.125744 31.050000
-0.248670 0.107899 31.050000
-0.258929 0.090041 31.050000
-0.269162 0.072169 31.050000
-0.279359 0.054276 31.050000
-0.289496 0.036349 31.050000
-0.299493 0.018343 31.050000
-0.308855 0.000000 31.050000
-0.299493 -0.018343 31.050000
-0.289496 -0.036349 31.050000
-0.279359 -0.054276 31.050000
-0.269162 -0.072169 31.050000
-0.258929 -0.090041 31.050000
-0.248670 -0.107899 31.050000
-0.238390 -0.125744 31.050000
-0.228093 -0.143580 31.050000
-0.217778 -0.161405 31.050000
-0.207442 -0.179218 31.050000
-0.197081 -0.197017 31.050000
-0.186684 -0.214794 31.050000
-0.176227 -0.232536 31.050000
-0.165632 -0.250197 31.050000
-0.154428 -0.267477 31.050000
-0.133861 -0.268540 31.050000
-0.113269 -0.268885 31.050000
-0.092675 -0.269070 31.050000
-0.072081 -0.269186 31.050000
-0.051486 -0.269259 31.050000
-0.030892 -0.269303 31.050000
-0.010297 -0.269324 31.050000
0.010297 -0.269324 31.050000
0.030892 -0.269303 31.050000
0.051486 -0.269259 31.050000
0.072081 -0.269186 31.050000
0.092675 -0.269070 31.050000
0.113269 -0.268885 31.050000
0.133861 -0.268540 31.050000
0.154428 -0.267477 31.050000
0.165632 -0.250197 31.050000
0.176227 -0.232536 31.050000
0.186684 -0.214794 31.050000
0.197081 -0.197017 31.050000
0.207442 -0.179218 31.050000
0.217778 -0.161405 31.050000
0.228093 -0.143580 31.050000
0.238390 -0.125744 31.050000
0.248670 -0.107899 31.050000
0.258929 -0.090041 31.050000
0.269162 -0.072169 31.050000
0.279359 -0.054276 31.050000
0.289496 -0.036349 31.050000
0.299493 -0.018343 31.050000
0.308855 0.000000 31.050000

