0.141944 -0.000000 7.240000
0.137710 0.008466 7.240000
0.133145 0.016758 7.240000
0.128506 0.025009 7.240000
0.123833 0.033241 7.240000
0.119140 0.041461 7.240000
0.114432 0.049673 7.240000
0.109711 0.057877 7.240000
0.104978 0.066074 7.240000
0.100234 0.074265 7.240000
0.095476 0.082448 7.240000
0.090704 0.090623 7.240000
0.085911 0.098785 7.240000
0.081085 0.106928 7.240000
0.076187 0.115028 7.240000
0.070972 0.122928 7.240000
0.061524 0.123494 7.240000
0.052060 0.123686 7.240000
0.042595 0.123794 7.240000
0.033130 0.123863 7.240000
0.023664 0.123909 7.240000
0.014198 0.123937 7.240000
0.004733 0.123951 7.240000
-0.004733 0.123951 7.240000
-0.014198 0.123937 7.240000
-0.023664 0.123909 7.240000
-0.033130 0.123863 7.240000
-0.042595 0.123794 7.240000
-0.052060 0.123686 7.240000
-0.061524 0.123494 7.240000
-0.070972 0.122928 7.240000
-0.076187 0.115028 7.240000
-0.081085 0.106928 7.240000
-0.085911 0.098785 7.240000
-0.090704 0.090623 7.240000
-0.095476 0.082448 7.240000
-0.100234 0.074265 7.240000
-0.104978 0.066074 7.240000
-0.109711 0.057877 7.240000
-0.114432 0.049673 7.240000
-0.119140 0.041461 7.240000
-0.123833 0.033241 7.240000
-0.128506 0.025009 7.240000
-0.133145 0.016758 7.240000
-0.137710 0.008466 7.240000
-0.141944 -0.000000 7.240000
-0.137710 -0.008466 7.240000
-0.133145 -0.016758 7.240000
-0.128506 -0.025009 7.240000
-0.123833 -0.033241 7.240000
-0.119140 -0.041461 7.240000
-0.114432 -0.049673 7.240000
-0.109711 -0.057877 7.240000
-0.104978 -0.066074 7.240000
-0.100234 -0.074265 7.240000
-0.095476 -0.082448 7.240000
-0.090704 -0.090623 7.240000
-0.085911 -0.098785 7.240000
-0.081085 -0.106928 7.240000
-0.076187 -0.115028 7.240000
-0.070972 -0.122928 7.240000
-0.061524 -0.123494 7.240000
-0.052060 -0.123686 7.240000
-0.042595 -0.123794 7.240000
-0.033130 -0.123863 7.240000
-0.023664 -0.123909 7.240000
-0.014198 -0.123937 7.240000
-0.004733 -0.123951 7.240000
0.004733 -0.123951 7.240000
0.014198 -0.123937 7.240000
0.023664 -0.123909 7.240000
0.033130 -0.123863 7.240000
0.042595 -0.123794 7.240000
0.052060 -0.123686 7.240000
0.061524 -0.123494 7.240000
0.070972 -0.122928 7.240000
0.076187 -0.115028 7.240000
0.081085 -0.106928 7.240000
0.085911 -0.098785 7.240000
0.090704 -0.090623 7.240000
0.095476 -0.082448 7.240000
0.100234 -0.074265 7.240000
0.104978 -0.066074 7.240000
0.109711 -0.057877 7.240000
0.114432 -0.049673 7.240000
0.119140 -0.041461 7.240000
0.123833 -0.033241 7.240000
0.128506 -0.025009 7.240000
0.133145 -0.016758 7.240000
0.137710 -0.008466 7.240000
0.141944 -0.000000 7.240000

