0.155240 -0.000000 8.700000
0.150603 0.009255 8.700000
0.145607 0.018323 8.700000
0.140532 0.027345 8.700000
0.135421 0.036347 8.700000
0.130287 0.045337 8.700000
0.125137 0.054318 8.700000
0.119974 0.063290 8.700000
0.114798 0.072255 8.700000
0.109609 0.081213 8.700000
0.104407 0.090163 8.700000
0.099188 0.099104 8.700000
0.093947 0.108032 8.700000
0.088671 0.116938 8.700000
0.083317 0.125798 8.700000
0.077620 0.134442 8.700000
0.067286 0.135053 8.700000
0.056936 0.135261 8.700000
0.046584 0.135377 8.700000
0.036232 0.135451 8.700000
0.025880 0.135501 8.700000
0.015528 0.135531 8.700000
0.005176 0.135545 8.700000
-0.005176 0.135545 8.700000
-0.015528 0.135531 8.700000
-0.025880 0.135501 8.700000
-0.036232 0.135451 8.700000
-0.046584 0.135377 8.700000
-0.056936 0.135261 8.700000
-0.067286 0.135053 8.700000
-0.077620 0.134442 8.700000
-0.083317 0.125798 8.700000
-0.088671 0.116938 8.700000
-0.093947 0.108032 8.700000
-0.099188 0.099104 8.700000
-0.104407 0.090163 8.700000
-0.109609 0.081213 8.700000
-0.114798 0.072255 8.700000
-0.119974 0.063290 8.700000
-0.125137 0.054318 8.700000
-0.130287 0.045337 8.700000
-0.135421 0.036347 8.700000
-0.140532 0.027345 8.700000
-0.145607 0.018323 8.700000
-0.150603 0.009255 8.700000
-0.155240 -0.000000 8.700000
-0.150603 -0.009255 8.700000
-0.145607 -0.018323 8.700000
-0.140532 -0.027345 8.700000
-0.135421 -0.036347 8.700000
-0.130287 -0.045337 8.700000
-0.125137 -0.054318 8.700000
-0.119974 -0.063290 8.700000
-0.114798 -0.072255 8.700000
-0.109609 -0.081213 8.700000
-0.104407 -0.090163 8.700000
-0.099188 -0.099104 8.700000
-0.093947 -0.108032 8.700000
-0.088671 -0.116938 8.700000
-0.083317 -0.125798 8.700000
-0.077620 -0.134442 8.700000
-0.067286 -0.135053 8.700000
-0.056936 -0.135261 8.700000
-0.046584 -0.135377 8.700000
-0.036232 -0.135451 8.700000
-0.025880 -0.135501 8.700000
-0.015528 -0.135531 8.700000
-0.005176 -0.135545 8.700000
0.005176 -0.135545 8.700000
0.015528 -0.135531 8.700000
0.025880 -0.135501 8.700000
0.036232 -0.135451 8.700000
0.046584 -0.135377 8.700000
0.056936 -0.135261 8.700000
0.067286 -0.135053 8.700000
0.077620 -0.134442 8.700000
0.083317 -0.125798 8.700000
0.088671 -0.116938 8.700000
0.093947 -0.108032 8.700000
0.099188 -0.099104 8.700000
0.104407 -0.090163 8.700000
0.109609 -0.081213 8.700000
0.114798 -0.072255 8.700000
0.119974 -0.063290 8.700000
0.125137 -0.054318 8.700000
0.130287 -0.045337 8.700000
0.135421 -0.036347 8.700000
0.140532 -0.027345 8.700000
0.145607 -0.018323 8.700000
0.150603 -0.009255 8.700000
0.155240 -0.000000 8.700000

