0.340791 0.000000 36.790000
0.330433 0.020226 36.790000
0.319390 0.040086 36.790000
0.308197 0.059862 36.790000
0.296939 0.079601 36.790000
0.285642 0.099318 36.790000
0.274318 0.119019 36.790000
0.262974 0.138709 36.790000
0.251612 0.158388 36.790000
0.240233 0.178057 36.790000
0.228833 0.197714 36.790000
0.217406 0.217356 36.790000
0.205941 0.236976 36.790000
0.194410 0.256557 36.790000
0.182733 0.276051 36.790000
0.170395 0.295133 36.790000
0.147700 0.296277 36.790000
0.124980 0.296643 36.790000
0.102257 0.296838 36.790000
0.079533 0.296957 36.790000
0.056809 0.297032 36.790000
0.034086 0.297076 36.790000
0.011362 0.297097 36.790000
-0.011362 0.297097 36.790000
-0.034086 0.297076 36.790000
-0.056809 0.297032 36.790000
-0.079533 0.296957 36.790000
-0.102257 0.296838 36.790000
-0.124980 0.296643 36.790000
-0.147700 0.296277 36.790000
-0.170395 0.295133 36.790000
-0.182733 0.276051 36.790000
-0.194410 0.256557 36.790000
-0.205941 0.236976 36.790000
-0.217406 0.217356 36.790000
-0.228833 0.197714 36.790000
-0.240233 0.178057 36.790000
-0.251612 0.158388 36.790000
-0.262974 0.138709 36.790000
-0.274318 0.119019 36.790000
-0.285642 0.099318 36.790000
-0.296939 0.079601 36.790000
-0.308197 0.059862 36.790000
-0.319390 0.040086 36.790000
-0.330433 0.020226 36.790000
-0.340791 0.000000 36.790000
-0.330433 -0.020226 36.790000
-0.319390 -0.040086 36.790000
-0.308197 -0.059862 36.790000
-0.296939 -0.079601 36.790000
-0.285642 -0.099318 36.790000
-0.274318 -0.119019 36.790000
-0.262974 -0.138709 36.790000
-0.251612 -0.158388 36.790000
-0.240233 -0.178057 36.790000
-0.228833 -0.197714 36.790000
-0.217406 -0.217356 36.790000
-0.205941 -0.236976 36.790000
-0.194410 -0.256557 36.790000
-0.182733 -0.276051 36.790000
-0.170395 -0.295133 36.790000
-0.147700 -0.296277 36.790000
-0.124980 -0.296643 36.790000
-0.102257 -0.296838 36.790000
-0.079533 -0.296957 36.790000
-0.056809 -0.297032 36.790000
-0.034086 -0.297076 36.790000
-0.011362 -0.297097 36.790000
0.011362 -0.297097 36.790000
0.034086 -0.297076 36.790000
0.056809 -0.297032 36.790000
0.079533 -0.296957 36.790000
0.102257 -0.296838 36.790000
0.124980 -0.296643 36.790000
0.147700 -0.296277 36.790000
0.170395 -0.295133 36.790000
0.182733 -0.276051 36.790000
0.194410 -0.256557 36.790000
0.205941 -0.236976 36.790000
0.217406 -0.217356 36.790000
0.228833 -0.197714 36.790000
0.240233 -0.178057 36.790000
0.251612 -0.158388 36.790000
0.262974 -0.138709 36.790000
0.274318 -0.119019 36.790000
0.285642 -0.099318 36.790000
0.296939 -0.079601 36.790000
0.308197 -0.059862 36.790000
0.319390 -0.040086 36.790000
0.330433 -0.020226 36.790000
0.340791 0.000000 36.790000

