0.308282 0.000000 30.950000
0.298937 0.018310 30.950000
0.288959 0.036282 30.950000
0.278841 0.054176 30.950000
0.268663 0.072036 30.950000
0.258449 0.089875 30.950000
0.248209 0.107699 30.950000
0.237949 0.125511 30.950000
0.227670 0.143314 30.950000
0.217374 0.161106 30.950000
0.207058 0.178886 30.950000
0.196716 0.196651 30.950000
0.186338 0.214396 30.950000
0.175900 0.232105 30.950000
0.165325 0.249732 30.950000
0.154141 0.266980 30.950000
0.133612 0.268042 30.950000
0.113059 0.268386 30.950000
0.092503 0.268572 30.950000
0.071947 0.268687 30.950000
0.051391 0.268761 30.950000
0.030835 0.268805 30.950000
0.010278 0.268825 30.950000
-0.010278 0.268825 30.950000
-0.030835 0.268805 30.950000
-0.051391 0.268761 30.950000
-0.071947 0.268687 30.950000
-0.092503 0.268572 30.950000
-0.113059 0.268386 30.950000
-0.133612 0.268042 30.950000
-0.154141 0.266980 30.950000
-0.165325 0.249732 30.950000
-0.175900 0.232105 30.950000
-0.186338 0.214396 30.950000
-0.196716 0.196651 30.950000
-0.207058 0.178886 30.950000
-0.217374 0.161106 30.950000
-0.227670 0.143314 30.950000
-0.237949 0.125511 30.950000
-0.248209 0.107699 30.950000
-0.258449 0.089875 30.950000
-0.268663 0.072036 30.950000
-0.278841 0.054176 30.950000
-0.288959 0.036282 30.950000
-0.298937 0.018310 30.950000
-0.308282 0.000000 30.950000
-0.298937 -0.018310 30.950000
-0.288959 -0.036282 30.950000
-0.278841 -0.054176 30.950000
-0.268663 -0.072036 30.950000
-0.258449 -0.089875 30.950000
-0.248209 -0.107699 30.950000
-0.237949 -0.125511 30.950000
-0.227670 -0.143314 30.950000
-0.217374 -0.161106 30.950000
-0.207058 -0.178886 30.950000
-0.196716 -0.196651 30.950000
-0.186338 -0.214396 30.950000
-0.175900 -0.232105 30.950000
-0.165325 -0.249732 30.950000
-0.154141 -0.266980 30.950000
-0.133612 -0.268042 30.950000
-0.113059 -0.268386 30.950000
-0.092503 -0.268572 30.950000
-0.071947 -0.268687 30.950000
-0.051391 -0.268761 30.950000
-0.030835 -0.268805 30.950000
-0.010278 -0.268825 30.950000
0.010278 -0.268825 30.950000
0.030835 -0.268805 30.950000
0.051391 -0.268761 30.950000
0.071947 -0.268687 30.950000
0.092503 -0.268572 30.950000
0.113059 -0.268386 30.950000
0.133612 -0.268042 30.950000
0.154141 -0.266980 30.950000
0.165325 -0.249732 30.950000
0.175900 -0.232105 30.950000
0.186338 -0.214396 30.950000
0.196716 -0.196651 30.950000
0.207058 -0.178886 30.950000
0.217374 -0.161106 30.950000
0.227670 -0.143314 30.950000
0.237949 -0.125511 30.950000
0.248209 -0.107699 30.950000
0.258449 -0.089875 30.950000
0.268663 -0.072036 30.950000
0.278841 -0.054176 30.950000
0.288959 -0.036282 30.950000
0.298937 -0.018310 30.950000
0.308282 0.000000 30.950000

