0.250251 0.000000 21.430000
0.242705 0.014883 21.430000
0.234621 0.029482 21.430000
0.226420 0.044015 21.430000
0.218167 0.058518 21.430000
0.209882 0.073004 21.430000
0.201574 0.087476 21.430000
0.193247 0.101937 21.430000
0.184904 0.116388 21.430000
0.176543 0.130830 21.430000
0.168164 0.145261 21.430000
0.159762 0.159679 21.430000
0.151328 0.174078 21.430000
0.142843 0.188447 21.430000
0.134242 0.202747 21.430000
0.125126 0.216724 21.430000
0.108463 0.217630 21.430000
0.091778 0.217929 21.430000
0.075092 0.218093 21.430000
0.058405 0.218197 21.430000
0.041718 0.218265 21.430000
0.025031 0.218306 21.430000
0.008344 0.218325 21.430000
-0.008344 0.218325 21.430000
-0.025031 0.218306 21.430000
-0.041718 0.218265 21.430000
-0.058405 0.218197 21.430000
-0.075092 0.218093 21.430000
-0.091778 0.217929 21.430000
-0.108463 0.217630 21.430000
-0.125126 0.216724 21.430000
-0.134242 0.202747 21.430000
-0.142843 0.188447 21.430000
-0.151328 0.174078 21.430000
-0.159762 0.159679 21.430000
-0.168164 0.145261 21.430000
-0.176543 0.130830 21.430000
-0.184904 0.116388 21.430000
-0.193247 0.101937 21.430000
-0.201574 0.087476 21.430000
-0.209882 0.073004 21.430000
-0.218167 0.058518 21.430000
-0.226420 0.044015 21.430000
-0.234621 0.029482 21.430000
-0.242705 0.014883 21.430000
-0.250251 0.000000 21.430000
-0.242705 -0.014883 21.430000
-0.234621 -0.029482 21.430000
-0.226420 -0.044015 21.430000
-0.218167 -0.058518 21.430000
-0.209882 -0.073004 21.430000
-0.201574 -0.087476 21.430000
-0.193247 -0.101937 21.430000
-0.184904 -0.116388 21.430000
-0.176543 -0.130830 21.430000
-0.168164 -0.145261 21.430000
-0.159762 -0.159679 21.430000
-0.151328 -0.174078 21.430000
-0.142843 -0.188447 21.430000
-0.134242 -0.202747 21.430000
-0.125126 -0.216724 21.430000
-0.108463 -0.217630 21.430000
-0.091778 -0.217929 21.430000
-0.075092 -0.218093 21.430000
-0.058405 -0.218197 21.430000
-0.041718 -0.218265 21.430000
-0.025031 -0.218306 21.430000
-0.008344 -0.218325 21.430000
0.008344 -0.218325 21.430000
0.025031 -0.218306 21.430000
0.041718 -0.218265 21.430000
0.058405 -0.218197 21.430000
0.075092 -0.218093 21.430000
0.091778 -0.217929 21.430000
0.108463 -0.217630 21.430000
0.125126 -0.216724 21.430000
0.134242 -0.202747 21.430000
0.142843 -0.188447 21.430000
0.151328 -0.174078 21.430000
0.159762 -0.159679 21.430000
0.168164 -0.145261 21.430000
0.176543 -0.130830 21.430000
0.184904 -0.116388 21.430000
0.193247 -0.101937 21.430000
0.201574 -0.087476 21.430000
0.209882 -0.073004 21.430000
0.218167 -0.058518 21.430000
0.226420 -0.044015 21.430000
0.234621 -0.029482 21.430000
0.242705 -0.014883 21.430000
0.250251 0.000000 21.430000

