0.086686 -0.000000 2.150000
0.084116 0.005178 2.150000
0.081335 0.010246 2.150000
0.078505 0.015287 2.150000
0.075654 0.020316 2.150000
0.072790 0.025337 2.150000
0.069915 0.030353 2.150000
0.067033 0.035364 2.150000
0.064142 0.040370 2.150000
0.061244 0.045372 2.150000
0.058338 0.050369 2.150000
0.055421 0.055360 2.150000
0.052491 0.060344 2.150000
0.049540 0.065315 2.150000
0.046542 0.070258 2.150000
0.043343 0.075073 2.150000
0.037574 0.075436 2.150000
0.031794 0.075561 2.150000
0.026014 0.075631 2.150000
0.020233 0.075676 2.150000
0.014452 0.075706 2.150000
0.008671 0.075725 2.150000
0.002890 0.075734 2.150000
-0.002890 0.075734 2.150000
-0.008671 0.075725 2.150000
-0.014452 0.075706 2.150000
-0.020233 0.075676 2.150000
-0.026014 0.075631 2.150000
-0.031794 0.075561 2.150000
-0.037574 0.075436 2.150000
-0.043343 0.075073 2.150000
-0.046542 0.070258 2.150000
-0.049540 0.065315 2.150000
-0.052491 0.060344 2.150000
-0.055421 0.055360 2.150000
-0.058338 0.050369 2.150000
-0.061244 0.045372 2.150000
-0.064142 0.040370 2.150000
-0.067033 0.035364 2.150000
-0.069915 0.030353 2.150000
-0.072790 0.025337 2.150000
-0.075654 0.020316 2.150000
-0.078505 0.015287 2.150000
-0.081335 0.010246 2.150000
-0.084116 0.005178 2.150000
-0.086686 -0.000000 2.150000
-0.084116 -0.005178 2.150000
-0.081335 -0.010246 2.150000
-0.078505 -0.015287 2.150000
-0.075654 -0.020316 2.150000
-0.072790 -0.025337 2.150000
-0.069915 -0.030353 2.150000
-0.067033 -0.035364 2.150000
-0.064142 -0.040370 2.150000
-0.061244 -0.045372 2.150000
-0.058338 -0.050369 2.150000
-0.055421 -0.055360 2.150000
-0.052491 -0.060344 2.150000
-0.049540 -0.065315 2.150000
-0.046542 -0.070258 2.150000
-0.043343 -0.075073 2.150000
-0.037574 -0.075436 2.150000
-0.031794 -0.075561 2.150000
-0.026014 -0.075631 2.150000
-0.020233 -0.075676 2.150000
-0.014452 -0.075706 2.150000
-0.008671 -0.075725 2.150000
-0.002890 -0.075734 2.150000
0.002890 -0.075734 2.150000
0.008671 -0.075725 2.150000
0.014452 -0.075706 2.150000
0.020233 -0.075676 2.150000
0.026014 -0.075631 2.150000
0.031794 -0.075561 2.150000
0.037574 -0.075436 2.150000
0.043343 -0.075073 2.150000
0.046542 -0.070258 2.150000
0.049540 -0.065315 2.150000
0.052491 -0.060344 2.150000
0.055421 -0.055360 2.150000
0.058338 -0.050369 2.150000
0.061244 -0.045372 2.150000
0.064142 -0.040370 2.150000
0.067033 -0.035364 2.150000
0.069915 -0.030353 2.150000
0.072790 -0.025337 2.150000
0.075654 -0.020316 2.150000
0.078505 -0.015287 2.150000
0.081335 -0.010246 2.150000
0.084116 -0.005178 2.150000
0.086686 -0.000000 2.150000

