0.388734 0.000000 46.010000
0.376876 0.023049 46.010000
0.364259 0.045691 46.010000
0.351477 0.068241 46.010000
0.338624 0.090749 46.010000
0.325728 0.113234 46.010000
0.312805 0.135703 46.010000
0.299862 0.158160 46.010000
0.286902 0.180608 46.010000
0.273925 0.203046 46.010000
0.260928 0.225472 46.010000
0.247903 0.247882 46.010000
0.234837 0.270268 46.010000
0.221699 0.292612 46.010000
0.208399 0.314860 46.010000
0.194367 0.336653 46.010000
0.168477 0.337908 46.010000
0.142560 0.338303 46.010000
0.116640 0.338509 46.010000
0.090721 0.338631 46.010000
0.064800 0.338706 46.010000
0.038880 0.338749 46.010000
0.012960 0.338768 46.010000
-0.012960 0.338768 46.010000
-0.038880 0.338749 46.010000
-0.064800 0.338706 46.010000
-0.090721 0.338631 46.010000
-0.116640 0.338509 46.010000
-0.142560 0.338303 46.010000
-0.168477 0.337908 46.010000
-0.194367 0.336653 46.010000
-0.208399 0.314860 46.010000
-0.221699 0.292612 46.010000
-0.234837 0.270268 46.010000
-0.247903 0.247882 46.010000
-0.260928 0.225472 46.010000
-0.273925 0.203046 46.010000
-0.286902 0.180608 46.010000
-0.299862 0.158160 46.010000
-0.312805 0.135703 46.010000
-0.325728 0.113234 46.010000
-0.338624 0.090749 46.010000
-0.351477 0.068241 46.010000
-0.364259 0.045691 46.010000
-0.376876 0.023049 46.010000
-0.388734 0.000000 46.010000
-0.376876 -0.023049 46.010000
-0.364259 -0.045691 46.010000
-0.351477 -0.068241 46.010000
-0.338624 -0.090749 46.010000
-0.325728 -0.113234 46.010000
-0.312805 -0.135703 46.010000
-0.299862 -0.158160 46.010000
-0.286902 -0.180608 46.010000
-0.273925 -0.203046 46.010000
-0.260928 -0.225472 46.010000
-0.247903 -0.247882 46.010000
-0.234837 -0.270268 46.010000
-0.221699 -0.292612 46.010000
-0.208399 -0.314860 46.010000
-0.194367 -0.336653 46.010000
-0.168477 -0.337908 46.010000
-0.142560 -0.338303 46.010000
-0.116640 -0.338509 46.010000
-0.090721 -0.338631 46.010000
-0.064800 -0.338706 46.010000
-0.038880 -0.338749 46.010000
-0.012960 -0.338768 46.010000
0.012960 -0.338768 46.010000
0.038880 -0.338749 46.010000
0.064800 -0.338706 46.010000
0.090721 -0.338631 46.010000
0.116640 -0.338509 46.010000
0.142560 -0.338303 46.010000
0.168477 -0.337908 46.010000
0.194367 -0.336653 46.010000
0.208399 -0.314860 46.010000
0.221699 -0.292612 46.010000
0.234837 -0.270268 46.010000
0.247903 -0.247882 46.010000
0.260928 -0.225472 46.010000
0.273925 -0.203046 46.010000
0.286902 -0.180608 46.010000
0.299862 -0.158160 46.010000
0.312805 -0.135703 46.010000
0.325728 -0.113234 46.010000
0.338624 -0.090749 46.010000
0.351477 -0.068241 46.010000
0.364259 -0.045691 46.010000
0.376876 -0.023049 46.010000
0.388734 0.000000 46.010000

