0.164612 0.000000 9.780000
0.159690 0.009812 9.780000
0.154391 0.019425 9.780000
0.149008 0.028992 9.780000
0.143587 0.038537 9.780000
0.138143 0.048069 9.780000
0.132682 0.057591 9.780000
0.127206 0.067105 9.780000
0.121718 0.076612 9.780000
0.116216 0.086110 9.780000
0.110700 0.095601 9.780000
0.105167 0.105081 9.780000
0.099611 0.114549 9.780000
0.094018 0.123994 9.780000
0.088342 0.133390 9.780000
0.082306 0.142558 9.780000
0.071348 0.143201 9.780000
0.060373 0.143419 9.780000
0.049396 0.143540 9.780000
0.038420 0.143618 9.780000
0.027443 0.143670 9.780000
0.016466 0.143701 9.780000
0.005489 0.143717 9.780000
-0.005489 0.143717 9.780000
-0.016466 0.143701 9.780000
-0.027443 0.143670 9.780000
-0.038420 0.143618 9.780000
-0.049396 0.143540 9.780000
-0.060373 0.143419 9.780000
-0.071348 0.143201 9.780000
-0.082306 0.142558 9.780000
-0.088342 0.133390 9.780000
-0.094018 0.123994 9.780000
-0.099611 0.114549 9.780000
-0.105167 0.105081 9.780000
-0.110700 0.095601 9.780000
-0.116216 0.086110 9.780000
-0.121718 0.076612 9.780000
-0.127206 0.067105 9.780000
-0.132682 0.057591 9.780000
-0.138143 0.048069 9.780000
-0.143587 0.038537 9.780000
-0.149008 0.028992 9.780000
-0.154391 0.019425 9.780000
-0.159690 0.009812 9.780000
-0.164612 0.000000 9.780000
-0.159690 -0.009812 9.780000
-0.154391 -0.019425 9.780000
-0.149008 -0.028992 9.780000
-0.143587 -0.038537 9.780000
-0.138143 -0.048069 9.780000
-0.132682 -0.057591 9.780000
-0.127206 -0.067105 9.780000
-0.121718 -0.076612 9.780000
-0.116216 -0.086110 9.780000
-0.110700 -0.095601 9.780000
-0.105167 -0.105081 9.780000
-0.099611 -0.114549 9.780000
-0.094018 -0.123994 9.780000
-0.088342 -0.133390 9.780000
-0.082306 -0.142558 9.780000
-0.071348 -0.143201 9.780000
-0.060373 -0.143419 9.780000
-0.049396 -0.143540 9.780000
-0.038420 -0.143618 9.780000
-0.027443 -0.143670 9.780000
-0.016466 -0.143701 9.780000
-0.005489 -0.143717 9.780000
0.005489 -0.143717 9.780000
0.016466 -0.143701 9.780000
0.027443 -0.143670 9.780000
0.038420 -0.143618 9.780000
0.049396 -0.143540 9.780000
0.060373 -0.143419 9.780000
0.071348 -0.143201 9.780000
0.082306 -0.142558 9.780000
0.088342 -0.133390 9.780000
0.094018 -0.123994 9.780000
0.099611 -0.114549 9.780000
0.105167 -0.105081 9.780000
0.110700 -0.095601 9.780000
0.116216 -0.086110 9.780000
0.121718 -0.076612 9.780000
0.127206 -0.067105 9.780000
0.132682 -0.057591 9.780000
0.138143 -0.048069 9.780000
0.143587 -0.038537 9.780000
0.149008 -0.028992 9.780000
0.154391 -0.019425 9.780000
0.159690 -0.009812 9.780000
0.164612 0.000000 9.780000

