0.386625 0.000000 45.590000
0.374833 0.022925 45.590000
0.362286 0.045445 45.590000
0.349574 0.067872 45.590000
0.336791 0.090259 45.590000
0.323966 0.112622 45.590000
0.311113 0.134969 45.590000
0.298240 0.157305 45.590000
0.285350 0.179631 45.590000
0.272443 0.201947 45.590000
0.259517 0.224251 45.590000
0.246562 0.246540 45.590000
0.233566 0.268804 45.590000
0.220499 0.291026 45.590000
0.207270 0.313153 45.590000
0.193313 0.334827 45.590000
0.167563 0.336078 45.590000
0.141787 0.336471 45.590000
0.116008 0.336676 45.590000
0.090229 0.336799 45.590000
0.064449 0.336874 45.590000
0.038669 0.336916 45.590000
0.012890 0.336936 45.590000
-0.012890 0.336936 45.590000
-0.038669 0.336916 45.590000
-0.064449 0.336874 45.590000
-0.090229 0.336799 45.590000
-0.116008 0.336676 45.590000
-0.141787 0.336471 45.590000
-0.167563 0.336078 45.590000
-0.193313 0.334827 45.590000
-0.207270 0.313153 45.590000
-0.220499 0.291026 45.590000
-0.233566 0.268804 45.590000
-0.246562 0.246540 45.590000
-0.259517 0.224251 45.590000
-0.272443 0.201947 45.590000
-0.285350 0.179631 45.590000
-0.298240 0.157305 45.590000
-0.311113 0.134969 45.590000
-0.323966 0.112622 45.590000
-0.336791 0.090259 45.590000
-0.349574 0.067872 45.590000
-0.362286 0.045445 45.590000
-0.374833 0.022925 45.590000
-0.386625 0.000000 45.590000
-0.374833 -0.022925 45.590000
-0.362286 -0.045445 45.590000
-0.349574 -0.067872 45.590000
-0.336791 -0.090259 45.590000
-0.323966 -0.112622 45.590000
-0.311113 -0.134969 45.590000
-0.298240 -0.157305 45.590000
-0.285350 -0.179631 45.590000
-0.272443 -0.201947 45.590000
-0.259517 -0.224251 45.590000
-0.246562 -0.246540 45.590000
-0.233566 -0.268804 45.590000
-0.220499 -0.291026 45.590000
-0.207270 -0.313153 45.590000
-0.193313 -0.334827 45.590000
-0.167563 -0.336078 45.590000
-0.141787 -0.336471 45.590000
-0.116008 -0.336676 45.590000
-0.090229 -0.336799 45.590000
-0.064449 -0.336874 45.590000
-0.038669 -0.336916 45.590000
-0.012890 -0.336936 45.590000
0.012890 -0.336936 45.590000
0.038669 -0.336916 45.590000
0.064449 -0.336874 45.590000
0.090229 -0.336799 45.590000
0.116008 -0.336676 45.590000
0.141787 -0.336471 45.590000
0.167563 -0.336078 45.590000
0.193313 -0.334827 45.590000
0.207270 -0.313153 45.590000
0.220499 -0.291026 45.590000
0.233566 -0.268804 45.590000
0.246562 -0.246540 45.590000
0.259517 -0.224251 45.590000
0.272443 -0.201947 45.590000
0.285350 -0.179631 45.590000
0.298240 -0.157305 45.590000
0.311113 -0.134969 45.590000
0.323966 -0.112622 45.590000
0.336791 -0.090259 45.590000
0.349574 -0.067872 45.590000
0.362286 -0.045445 45.590000
0.374833 -0.022925 45.590000
0.386625 0.000000 45.590000

