0.307363 0.000000 30.790000
0.298047 0.018255 30.790000
0.288098 0.036174 30.790000
0.278011 0.054015 30.790000
0.267864 0.071822 30.790000
0.257680 0.089608 30.790000
0.247471 0.107379 30.790000
0.237241 0.125138 30.790000
0.226993 0.142888 30.790000
0.216728 0.160626 30.790000
0.206442 0.178354 30.790000
0.196131 0.196066 30.790000
0.185784 0.213757 30.790000
0.175377 0.231413 30.790000
0.164833 0.248988 30.790000
0.153681 0.266184 30.790000
0.133214 0.267244 30.790000
0.112722 0.267587 30.790000
0.092227 0.267773 30.790000
0.071733 0.267888 30.790000
0.051238 0.267961 30.790000
0.030743 0.268005 30.790000
0.010248 0.268026 30.790000
-0.010248 0.268026 30.790000
-0.030743 0.268005 30.790000
-0.051238 0.267961 30.790000
-0.071733 0.267888 30.790000
-0.092227 0.267773 30.790000
-0.112722 0.267587 30.790000
-0.133214 0.267244 30.790000
-0.153681 0.266184 30.790000
-0.164833 0.248988 30.790000
-0.175377 0.231413 30.790000
-0.185784 0.213757 30.790000
-0.196131 0.196066 30.790000
-0.206442 0.178354 30.790000
-0.216728 0.160626 30.790000
-0.226993 0.142888 30.790000
-0.237241 0.125138 30.790000
-0.247471 0.107379 30.790000
-0.257680 0.089608 30.790000
-0.267864 0.071822 30.790000
-0.278011 0.054015 30.790000
-0.288098 0.036174 30.790000
-0.298047 0.018255 30.790000
-0.307363 0.000000 30.790000
-0.298047 -0.018255 30.790000
-0.288098 -0.036174 30.790000
-0.278011 -0.054015 30.790000
-0.267864 -0.071822 30.790000
-0.257680 -0.089608 30.790000
-0.247471 -0.107379 30.790000
-0.237241 -0.125138 30.790000
-0.226993 -0.142888 30.790000
-0.216728 -0.160626 30.790000
-0.206442 -0.178354 30.790000
-0.196131 -0.196066 30.790000
-0.185784 -0.213757 30.790000
-0.175377 -0.231413 30.790000
-0.164833 -0.248988 30.790000
-0.153681 -0.266184 30.790000
-0.133214 -0.267244 30.790000
-0.112722 -0.267587 30.790000
-0.092227 -0.267773 30.790000
-0.071733 -0.267888 30.790000
-0.051238 -0.267961 30.790000
-0.030743 -0.268005 30.790000
-0.010248 -0.268026 30.790000
0.010248 -0.268026 30.790000
0.030743 -0.268005 30.790000
0.051238 -0.267961 30.790000
0.071733 -0.267888 30.790000
0.092227 -0.267773 30.790000
0.112722 -0.267587 30.790000
0.133214 -0.267244 30.790000
0.153681 -0.266184 30.790000
0.164833 -0.248988 30.790000
0.175377 -0.231413 30.790000
0.185784 -0.213757 30.790000
0.196131 -0.196066 30.790000
0.206442 -0.178354 30.790000
0.216728 -0.160626 30.790000
0.226993 -0.142888 30.790000
0.237241 -0.125138 30.790000
0.247471 -0.107379 30.790000
0.257680 -0.089608 30.790000
0.267864 -0.071822 30.790000
0.278011 -0.054015 30.790000
0.288098 -0.036174 30.790000
0.298047 -0.018255 30.790000
0.307363 0.000000 30.790000

