0.348100 0.000000 38.150000
0.337514 0.020657 38.150000
0.326231 0.040941 38.150000
0.314796 0.061140 38.150000
0.303295 0.081301 38.150000
0.291755 0.101440 38.150000
0.280187 0.121563 38.150000
0.268599 0.141675 38.150000
0.256994 0.161776 38.150000
0.245371 0.181868 38.150000
0.233727 0.201947 38.150000
0.222056 0.222011 38.150000
0.210347 0.242052 38.150000
0.198571 0.262054 38.150000
0.186646 0.281967 38.150000
0.174050 0.301463 38.150000
0.150868 0.302624 38.150000
0.127660 0.302995 38.150000
0.104449 0.303191 38.150000
0.081239 0.303312 38.150000
0.058028 0.303387 38.150000
0.034817 0.303431 38.150000
0.011606 0.303451 38.150000
-0.011606 0.303451 38.150000
-0.034817 0.303431 38.150000
-0.058028 0.303387 38.150000
-0.081239 0.303312 38.150000
-0.104449 0.303191 38.150000
-0.127660 0.302995 38.150000
-0.150868 0.302624 38.150000
-0.174050 0.301463 38.150000
-0.186646 0.281967 38.150000
-0.198571 0.262054 38.150000
-0.210347 0.242052 38.150000
-0.222056 0.222011 38.150000
-0.233727 0.201947 38.150000
-0.245371 0.181868 38.150000
-0.256994 0.161776 38.150000
-0.268599 0.141675 38.150000
-0.280187 0.121563 38.150000
-0.291755 0.101440 38.150000
-0.303295 0.081301 38.150000
-0.314796 0.061140 38.150000
-0.326231 0.040941 38.150000
-0.337514 0.020657 38.150000
-0.348100 0.000000 38.150000
-0.337514 -0.020657 38.150000
-0.326231 -0.040941 38.150000
-0.314796 -0.061140 38.150000
-0.303295 -0.081301 38.150000
-0.291755 -0.101440 38.150000
-0.280187 -0.121563 38.150000
-0.268599 -0.141675 38.150000
-0.256994 -0.161776 38.150000
-0.245371 -0.181868 38.150000
-0.233727 -0.201947 38.150000
-0.222056 -0.222011 38.150000
-0.210347 -0.242052 38.150000
-0.198571 -0.262054 38.150000
-0.186646 -0.281967 38.150000
-0.174050 -0.301463 38.150000
-0.150868 -0.302624 38.150000
-0.127660 -0.302995 38.150000
-0.104449 -0.303191 38.150000
-0.081239 -0.303312 38.150000
-0.058028 -0.303387 38.150000
-0.034817 -0.303431 38.150000
-0.011606 -0.303451 38.150000
0.011606 -0.303451 38.150000
0.034817 -0.303431 38.150000
0.058028 -0.303387 38.150000
0.081239 -0.303312 38.150000
0.104449 -0.303191 38.150000
0.127660 -0.302995 38.150000
0.150868 -0.302624 38.150000
0.174050 -0.301463 38.150000
0.186646 -0.281967 38.150000
0.198571 -0.262054 38.150000
0.210347 -0.242052 38.150000
0.222056 -0.222011 38.150000
0.233727 -0.201947 38.150000
0.245371 -0.181868 38.150000
0.256994 -0.161776 38.150000
0.268599 -0.141675 38.150000
0.280187 -0.121563 38.150000
0.291755 -0.101440 38.150000
0.303295 -0.081301 38.150000
0.314796 -0.061140 38.150000
0.326231 -0.040941 38.150000
0.337514 -0.020657 38.150000
0.348100 0.000000 38.150000

