0.182547 0.000000 11.960000
0.177079 0.010875 11.960000
0.171198 0.021534 11.960000
0.165226 0.032141 11.960000
0.159213 0.042725 11.960000
0.153174 0.053295 11.960000
0.147117 0.063854 11.960000
0.141045 0.074404 11.960000
0.134958 0.084946 11.960000
0.128858 0.095480 11.960000
0.122742 0.106005 11.960000
0.116607 0.116520 11.960000
0.110448 0.127019 11.960000
0.104248 0.137495 11.960000
0.097958 0.147917 11.960000
0.091274 0.158091 11.960000
0.079121 0.158792 11.960000
0.066950 0.159029 11.960000
0.054778 0.159160 11.960000
0.042605 0.159245 11.960000
0.030432 0.159300 11.960000
0.018259 0.159334 11.960000
0.006086 0.159351 11.960000
-0.006086 0.159351 11.960000
-0.018259 0.159334 11.960000
-0.030432 0.159300 11.960000
-0.042605 0.159245 11.960000
-0.054778 0.159160 11.960000
-0.066950 0.159029 11.960000
-0.079121 0.158792 11.960000
-0.091274 0.158091 11.960000
-0.097958 0.147917 11.960000
-0.104248 0.137495 11.960000
-0.110448 0.127019 11.960000
-0.116607 0.116520 11.960000
-0.122742 0.106005 11.960000
-0.128858 0.095480 11.960000
-0.134958 0.084946 11.960000
-0.141045 0.074404 11.960000
-0.147117 0.063854 11.960000
-0.153174 0.053295 11.960000
-0.159213 0.042725 11.960000
-0.165226 0.032141 11.960000
-0.171198 0.021534 11.960000
-0.177079 0.010875 11.960000
-0.182547 0.000000 11.960000
-0.177079 -0.010875 11.960000
-0.171198 -0.021534 11.960000
-0.165226 -0.032141 11.960000
-0.159213 -0.042725 11.960000
-0.153174 -0.053295 11.960000
-0.147117 -0.063854 11.960000
-0.141045 -0.074404 11.960000
-0.134958 -0.084946 11.960000
-0.128858 -0.095480 11.960000
-0.122742 -0.106005 11.960000
-0.116607 -0.116520 11.960000
-0.110448 -0.127019 11.960000
-0.104248 -0.137495 11.960000
-0.097958 -0.147917 11.960000
-0.091274 -0.158091 11.960000
-0.079121 -0.158792 11.960000
-0.066950 -0.159029 11.960000
-0.054778 -0.159160 11.960000
-0.042605 -0.159245 11.960000
-0.030432 -0.159300 11.960000
-0.018259 -0.159334 11.960000
-0.006086 -0.159351 11.960000
0.006086 -0.159351 11.960000
0.018259 -0.159334 11.960000
0.030432 -0.159300 11.960000
0.042605 -0.159245 11.960000
0.054778 -0.159160 11.960000
0.066950 -0.159029 11.960000
0.079121 -0.158792 11.960000
0.091274 -0.158091 11.960000
0.097958 -0.147917 11.960000
0.104248 -0.137495 11.960000
0.110448 -0.127019 11.960000
0.116607 -0.116520 11.960000
0.122742 -0.106005 11.960000
0.128858 -0.095480 11.960000
0.134958 -0.084946 11.960000
0.141045 -0.074404 11.960000
0.147117 -0.063854 11.960000
0.153174 -0.053295 11.960000
0.159213 -0.042725 11.960000
0.165226 -0.032141 11.960000
0.171198 -0.021534 11.960000
0.177079 -0.010875 11.960000
0.182547 0.000000 11.960000

