0.347030 0.000000 37.950000
0.336478 0.020594 37.950000
0.325230 0.040816 37.950000
0.313831 0.060953 37.950000
0.302365 0.081052 37.950000
0.290860 0.101130 37.950000
0.279329 0.121191 37.950000
0.267777 0.141241 37.950000
0.256207 0.161281 37.950000
0.244619 0.181310 37.950000
0.233011 0.201328 37.950000
0.221376 0.221330 37.950000
0.209702 0.241309 37.950000
0.197963 0.261250 37.950000
0.186074 0.281102 37.950000
0.173515 0.300537 37.950000
0.150404 0.301695 37.950000
0.127268 0.302065 37.950000
0.104129 0.302262 37.950000
0.080989 0.302382 37.950000
0.057849 0.302457 37.950000
0.034710 0.302501 37.950000
0.011570 0.302522 37.950000
-0.011570 0.302522 37.950000
-0.034710 0.302501 37.950000
-0.057849 0.302457 37.950000
-0.080989 0.302382 37.950000
-0.104129 0.302262 37.950000
-0.127268 0.302065 37.950000
-0.150404 0.301695 37.950000
-0.173515 0.300537 37.950000
-0.186074 0.281102 37.950000
-0.197963 0.261250 37.950000
-0.209702 0.241309 37.950000
-0.221376 0.221330 37.950000
-0.233011 0.201328 37.950000
-0.244619 0.181310 37.950000
-0.256207 0.161281 37.950000
-0.267777 0.141241 37.950000
-0.279329 0.121191 37.950000
-0.290860 0.101130 37.950000
-0.302365 0.081052 37.950000
-0.313831 0.060953 37.950000
-0.325230 0.040816 37.950000
-0.336478 0.020594 37.950000
-0.347030 0.000000 37.950000
-0.336478 -0.020594 37.950000
-0.325230 -0.040816 37.950000
-0.313831 -0.060953 37.950000
-0.302365 -0.081052 37.950000
-0.290860 -0.101130 37.950000
-0.279329 -0.121191 37.950000
-0.267777 -0.141241 37.950000
-0.256207 -0.161281 37.950000
-0.244619 -0.181310 37.950000
-0.233011 -0.201328 37.950000
-0.221376 -0.221330 37.950000
-0.209702 -0.241309 37.950000
-0.197963 -0.261250 37.950000
-0.186074 -0.281102 37.950000
-0.173515 -0.300537 37.950000
-0.150404 -0.301695 37.950000
-0.127268 -0.302065 37.950000
-0.104129 -0.302262 37.950000
-0.080989 -0.302382 37.950000
-0.057849 -0.302457 37.950000
-0.034710 -0.302501 37.950000
-0.011570 -0.302522 37.950000
0.011570 -0.302522 37.950000
0.034710 -0.302501 37.950000
0.057849 -0.302457 37.950000
0.080989 -0.302382 37.950000
0.104129 -0.302262 37.950000
0.127268 -0.302065 37.950000
0.150404 -0.301695 37.950000
0.173515 -0.300537 37.950000
0.186074 -0.281102 37.950000
0.197963 -0.261250 37.950000
0.209702 -0.241309 37.950000
0.221376 -0.221330 37.950000
0.233011 -0.201328 37.950000
0.244619 -0.181310 37.950000
0.256207 -0.161281 37.950000
0.267777 -0.141241 37.950000
0.279329 -0.121191 37.950000
0.290860 -0.101130 37.950000
0.302365 -0.081052 37.950000
0.313831 -0.060953 37.950000
0.325230 -0.040816 37.950000
0.336478 -0.020594 37.950000
0.347030 0.000000 37.950000

