0.370647 0.000000 42.450000
0.359356 0.021984 42.450000
0.347333 0.043577 42.450000
0.335152 0.065081 42.450000
0.322900 0.086545 42.450000
0.310608 0.107985 42.450000
0.298289 0.129410 42.450000
0.285949 0.150824 42.450000
0.273592 0.172227 42.450000
0.261217 0.193620 42.450000
0.248822 0.215002 42.450000
0.236400 0.236367 42.450000
0.223937 0.257709 42.450000
0.211406 0.279011 42.450000
0.198717 0.300219 42.450000
0.185324 0.320990 42.450000
0.160639 0.322204 42.450000
0.135928 0.322588 42.450000
0.111214 0.322790 42.450000
0.086500 0.322912 42.450000
0.061786 0.322987 42.450000
0.037072 0.323031 42.450000
0.012357 0.323051 42.450000
-0.012357 0.323051 42.450000
-0.037072 0.323031 42.450000
-0.061786 0.322987 42.450000
-0.086500 0.322912 42.450000
-0.111214 0.322790 42.450000
-0.135928 0.322588 42.450000
-0.160639 0.322204 42.450000
-0.185324 0.320990 42.450000
-0.198717 0.300219 42.450000
-0.211406 0.279011 42.450000
-0.223937 0.257709 42.450000
-0.236400 0.236367 42.450000
-0.248822 0.215002 42.450000
-0.261217 0.193620 42.450000
-0.273592 0.172227 42.450000
-0.285949 0.150824 42.450000
-0.298289 0.129410 42.450000
-0.310608 0.107985 42.450000
-0.322900 0.086545 42.450000
-0.335152 0.065081 42.450000
-0.347333 0.043577 42.450000
-0.359356 0.021984 42.450000
-0.370647 0.000000 42.450000
-0.359356 -0.021984 42.450000
-0.347333 -0.043577 42.450000
-0.335152 -0.065081 42.450000
-0.322900 -0.086545 42.450000
-0.310608 -0.107985 42.450000
-0.298289 -0.129410 42.450000
-0.285949 -0.150824 42.450000
-0.273592 -0.172227 42.450000
-0.261217 -0.193620 42.450000
-0.248822 -0.215002 42.450000
-0.236400 -0.236367 42.450000
-0.223937 -0.257709 42.450000
-0.211406 -0.279011 42.450000
-0.198717 -0.300219 42.450000
-0.185324 -0.320990 42.450000
-0.160639 -0.322204 42.450000
-0.135928 -0.322588 42.450000
-0.111214 -0.322790 42.450000
-0.086500 -0.322912 42.450000
-0.061786 -0.322987 42.450000
-0.037072 -0.323031 42.450000
-0.012357 -0.323051 42.450000
0.012357 -0.323051 42.450000
0.037072 -0.323031 42.450000
0.061786 -0.322987 42.450000
0.086500 -0.322912 42.450000
0.111214 -0.322790 42.450000
0.135928 -0.322588 42.450000
0.160639 -0.322204 42.450000
0.185324 -0.320990 42.450000
0.198717 -0.300219 42.450000
0.211406 -0.279011 42.450000
0.223937 -0.257709 42.450000
0.236400 -0.236367 42.450000
0.248822 -0.215002 42.450000
0.261217 -0.193620 42.450000
0.273592 -0.172227 42.450000
0.285949 -0.150824 42.450000
0.298289 -0.129410 42.450000
0.310608 -0.107985 42.450000
0.322900 -0.086545 42.450000
0.335152 -0.065081 42.450000
0.347333 -0.043577 42.450000
0.359356 -0.021984 42.450000
0.370647 0.000000 42.450000

