0.139111 -0.000000 6.940000
0.134962 0.008297 6.940000
0.130489 0.016424 6.940000
0.125942 0.024510 6.940000
0.121363 0.032578 6.940000
0.116764 0.040635 6.940000
0.112150 0.048682 6.940000
0.107523 0.056723 6.940000
0.102885 0.064757 6.940000
0.098235 0.072784 6.940000
0.093573 0.080804 6.940000
0.088895 0.088815 6.940000
0.084198 0.096814 6.940000
0.079468 0.104794 6.940000
0.074667 0.112732 6.940000
0.069555 0.120473 6.940000
0.060295 0.121029 6.940000
0.051021 0.121219 6.940000
0.041745 0.121325 6.940000
0.032468 0.121393 6.940000
0.023192 0.121438 6.940000
0.013915 0.121466 6.940000
0.004638 0.121479 6.940000
-0.004638 0.121479 6.940000
-0.013915 0.121466 6.940000
-0.023192 0.121438 6.940000
-0.032468 0.121393 6.940000
-0.041745 0.121325 6.940000
-0.051021 0.121219 6.940000
-0.060295 0.121029 6.940000
-0.069555 0.120473 6.940000
-0.074667 0.112732 6.940000
-0.079468 0.104794 6.940000
-0.084198 0.096814 6.940000
-0.088895 0.088815 6.940000
-0.093573 0.080804 6.940000
-0.098235 0.072784 6.940000
-0.102885 0.064757 6.940000
-0.107523 0.056723 6.940000
-0.112150 0.048682 6.940000
-0.116764 0.040635 6.940000
-0.121363 0.032578 6.940000
-0.125942 0.024510 6.940000
-0.130489 0.016424 6.940000
-0.134962 0.008297 6.940000
-0.139111 -0.000000 6.940000
-0.134962 -0.008297 6.940000
-0.130489 -0.016424 6.940000
-0.125942 -0.024510 6.940000
-0.121363 -0.032578 6.940000
-0.116764 -0.040635 6.940000
-0.112150 -0.048682 6.940000
-0.107523 -0.056723 6.940000
-0.102885 -0.064757 6.940000
-0.098235 -0.072784 6.940000
-0.093573 -0.080804 6.940000
-0.088895 -0.088815 6.940000
-0.084198 -0.096814 6.940000
-0.079468 -0.104794 6.940000
-0.074667 -0.112732 6.940000
-0.069555 -0.120473 6.940000
-0.060295 -0.121029 6.940000
-0.051021 -0.121219 6.940000
-0.041745 -0.121325 6.940000
-0.032468 -0.121393 6.940000
-0.023192 -0.121438 6.940000
-0.013915 -0.121466 6.940000
-0.004638 -0.121479 6.940000
0.004638 -0.121479 6.940000
0.013915 -0.121466 6.940000
0.023192 -0.121438 6.940000
0.032468 -0.121393 6.940000
0.041745 -0.121325 6.940000
0.051021 -0.121219 6.940000
0.060295 -0.121029 6.940000
0.069555 -0.120473 6.940000
0.074667 -0.112732 6.940000
0.079468 -0.104794 6.940000
0.084198 -0.096814 6.940000
0.088895 -0.088815 6.940000
0.093573 -0.080804 6.940000
0.098235 -0.072784 6.940000
0.102885 -0.064757 6.940000
0.107523 -0.056723 6.940000
0.112150 -0.048682 6.940000
0.116764 -0.040635 6.940000
0.121363 -0.032578 6.940000
0.125942 -0.024510 6.940000
0.130489 -0.016424 6.940000
0.134962 -0.008297 6.940000
0.139111 -0.000000 6.940000

