0.398094 0.000000 47.890000
0.385943 0.023599 47.890000
0.373018 0.046785 47.890000
0.359926 0.069876 47.890000
0.346760 0.092925 47.890000
0.333552 0.115950 47.890000
0.320317 0.138959 47.890000
0.307061 0.161956 47.890000
0.293789 0.184944 47.890000
0.280500 0.207923 47.890000
0.267192 0.230890 47.890000
0.253855 0.253841 47.890000
0.240477 0.276767 47.890000
0.227026 0.299651 47.890000
0.213409 0.322436 47.890000
0.199047 0.344760 47.890000
0.172534 0.346036 47.890000
0.145992 0.346435 47.890000
0.119449 0.346643 47.890000
0.092905 0.346765 47.890000
0.066361 0.346840 47.890000
0.039816 0.346882 47.890000
0.013272 0.346901 47.890000
-0.013272 0.346901 47.890000
-0.039816 0.346882 47.890000
-0.066361 0.346840 47.890000
-0.092905 0.346765 47.890000
-0.119449 0.346643 47.890000
-0.145992 0.346435 47.890000
-0.172534 0.346036 47.890000
-0.199047 0.344760 47.890000
-0.213409 0.322436 47.890000
-0.227026 0.299651 47.890000
-0.240477 0.276767 47.890000
-0.253855 0.253841 47.890000
-0.267192 0.230890 47.890000
-0.280500 0.207923 47.890000
-0.293789 0.184944 47.890000
-0.307061 0.161956 47.890000
-0.320317 0.138959 47.890000
-0.333552 0.115950 47.890000
-0.346760 0.092925 47.890000
-0.359926 0.069876 47.890000
-0.373018 0.046785 47.890000
-0.385943 0.023599 47.890000
-0.398094 0.000000 47.890000
-0.385943 -0.023599 47.890000
-0.373018 -0.046785 47.890000
-0.359926 -0.069876 47.890000
-0.346760 -0.092925 47.890000
-0.333552 -0.115950 47.890000
-0.320317 -0.138959 47.890000
-0.307061 -0.161956 47.890000
-0.293789 -0.184944 47.890000
-0.280500 -0.207923 47.890000
-0.267192 -0.230890 47.890000
-0.253855 -0.253841 47.890000
-0.240477 -0.276767 47.890000
-0.227026 -0.299651 47.890000
-0.213409 -0.322436 47.890000
-0.199047 -0.344760 47.890000
-0.172534 -0.346036 47.890000
-0.145992 -0.346435 47.890000
-0.119449 -0.346643 47.890000
-0.092905 -0.346765 47.890000
-0.066361 -0.346840 47.890000
-0.039816 -0.346882 47.890000
-0.013272 -0.346901 47.890000
0.013272 -0.346901 47.890000
0.039816 -0.346882 47.890000
0.066361 -0.346840 47.890000
0.092905 -0.346765 47.890000
0.119449 -0.346643 47.890000
0.145992 -0.346435 47.890000
0.172534 -0.346036 47.890000
0.199047 -0.344760 47.890000
0.213409 -0.322436 47.890000
0.227026 -0.299651 47.890000
0.240477 -0.276767 47.890000
0.253855 -0.253841 47.890000
0.267192 -0.230890 47.890000
0.280500 -0.207923 47.890000
0.293789 -0.184944 47.890000
0.307061 -0.161956 47.890000
0.320317 -0.138959 47.890000
0.333552 -0.115950 47.890000
0.346760 -0.092925 47.890000
0.359926 -0.069876 47.890000
0.373018 -0.046785 47.890000
0.385943 -0.023599 47.890000
0.398094 0.000000 47.890000

