0.358216 0.000000 40.060000
0.347314 0.021252 40.060000
0.335699 0.042124 40.060000
0.323930 0.062908 40.060000
0.312092 0.083654 40.060000
0.300214 0.104377 40.060000
0.288310 0.125085 40.060000
0.276384 0.145780 40.060000
0.264442 0.166466 40.060000
0.252481 0.187141 40.060000
0.240500 0.207805 40.060000
0.228492 0.228452 40.060000
0.216445 0.249077 40.060000
0.204330 0.269662 40.060000
0.192062 0.290157 40.060000
0.179108 0.310224 40.060000
0.155252 0.311409 40.060000
0.131369 0.311786 40.060000
0.107485 0.311985 40.060000
0.083599 0.312106 40.060000
0.059714 0.312182 40.060000
0.035828 0.312226 40.060000
0.011943 0.312246 40.060000
-0.011943 0.312246 40.060000
-0.035828 0.312226 40.060000
-0.059714 0.312182 40.060000
-0.083599 0.312106 40.060000
-0.107485 0.311985 40.060000
-0.131369 0.311786 40.060000
-0.155252 0.311409 40.060000
-0.179108 0.310224 40.060000
-0.192062 0.290157 40.060000
-0.204330 0.269662 40.060000
-0.216445 0.249077 40.060000
-0.228492 0.228452 40.060000
-0.240500 0.207805 40.060000
-0.252481 0.187141 40.060000
-0.264442 0.166466 40.060000
-0.276384 0.145780 40.060000
-0.288310 0.125085 40.060000
-0.300214 0.104377 40.060000
-0.312092 0.083654 40.060000
-0.323930 0.062908 40.060000
-0.335699 0.042124 40.060000
-0.347314 0.021252 40.060000
-0.358216 0.000000 40.060000
-0.347314 -0.021252 40.060000
-0.335699 -0.042124 40.060000
-0.323930 -0.062908 40.060000
-0.312092 -0.083654 40.060000
-0.300214 -0.104377 40.060000
-0.288310 -0.125085 40.060000
-0.276384 -0.145780 40.060000
-0.264442 -0.166466 40.060000
-0.252481 -0.187141 40.060000
-0.240500 -0.207805 40.060000
-0.228492 -0.228452 40.060000
-0.216445 -0.249077 40.060000
-0.204330 -0.269662 40.060000
-0.192062 -0.290157 40.060000
-0.179108 -0.310224 40.060000
-0.155252 -0.311409 40.060000
-0.131369 -0.311786 40.060000
-0.107485 -0.311985 40.060000
-0.083599 -0.312106 40.060000
-0.059714 -0.312182 40.060000
-0.035828 -0.312226 40.060000
-0.011943 -0.312246 40.060000
0.011943 -0.312246 40.060000
0.035828 -0.312226 40.060000
0.059714 -0.312182 40.060000
0.083599 -0.312106 40.060000
0.107485 -0.311985 40.060000
0.131369 -0.311786 40.060000
0.155252 -0.311409 40.060000
0.179108 -0.310224 40.060000
0.192062 -0.290157 40.060000
0.204330 -0.269662 40.060000
0.216445 -0.249077 40.060000
0.228492 -0.228452 40.060000
0.240500 -0.207805 40.060000
0.252481 -0.187141 40.060000
0.264442 -0.166466 40.060000
0.276384 -0.145780 40.060000
0.288310 -0.125085 40.060000
0.300214 -0.104377 40.060000
0.312092 -0.083654 40.060000
0.323930 -0.062908 40.060000
0.335699 -0.042124 40.060000
0.347314 -0.021252 40.060000
0.358216 0.000000 40.060000

