0.175124 0.000000 11.040000
0.169882 0.010435 11.040000
0.164242 0.020661 11.040000
0.158514 0.030838 11.040000
0.152746 0.040992 11.040000
0.146953 0.051132 11.040000
0.141143 0.061262 11.040000
0.135318 0.071383 11.040000
0.129479 0.081497 11.040000
0.123626 0.091602 11.040000
0.117758 0.101699 11.040000
0.111873 0.111786 11.040000
0.105963 0.121858 11.040000
0.100014 0.131907 11.040000
0.093978 0.141904 11.040000
0.087562 0.151662 11.040000
0.075904 0.152340 11.040000
0.064228 0.152568 11.040000
0.052551 0.152696 11.040000
0.040873 0.152778 11.040000
0.029195 0.152831 11.040000
0.017517 0.152865 11.040000
0.005839 0.152880 11.040000
-0.005839 0.152880 11.040000
-0.017517 0.152865 11.040000
-0.029195 0.152831 11.040000
-0.040873 0.152778 11.040000
-0.052551 0.152696 11.040000
-0.064228 0.152568 11.040000
-0.075904 0.152340 11.040000
-0.087562 0.151662 11.040000
-0.093978 0.141904 11.040000
-0.100014 0.131907 11.040000
-0.105963 0.121858 11.040000
-0.111873 0.111786 11.040000
-0.117758 0.101699 11.040000
-0.123626 0.091602 11.040000
-0.129479 0.081497 11.040000
-0.135318 0.071383 11.040000
-0.141143 0.061262 11.040000
-0.146953 0.051132 11.040000
-0.152746 0.040992 11.040000
-0.158514 0.030838 11.040000
-0.164242 0.020661 11.040000
-0.169882 0.010435 11.040000
-0.175124 0.000000 11.040000
-0.169882 -0.010435 11.040000
-0.164242 -0.020661 11.040000
-0.158514 -0.030838 11.040000
-0.152746 -0.040992 11.040000
-0.146953 -0.051132 11.040000
-0.141143 -0.061262 11.040000
-0.135318 -0.071383 11.040000
-0.129479 -0.081497 11.040000
-0.123626 -0.091602 11.040000
-0.117758 -0.101699 11.040000
-0.111873 -0.111786 11.040000
-0.105963 -0.121858 11.040000
-0.100014 -0.131907 11.040000
-0.093978 -0.141904 11.040000
-0.087562 -0.151662 11.040000
-0.075904 -0.152340 11.040000
-0.064228 -0.152568 11.040000
-0.052551 -0.152696 11.040000
-0.040873 -0.152778 11.040000
-0.029195 -0.152831 11.040000
-0.017517 -0.152865 11.040000
-0.005839 -0.152880 11.040000
0.005839 -0.152880 11.040000
0.017517 -0.152865 11.040000
0.029195 -0.152831 11.040000
0.040873 -0.152778 11.040000
0.052551 -0.152696 11.040000
0.064228 -0.152568 11.040000
0.075904 -0.152340 11.040000
0.087562 -0.151662 11.040000
0.093978 -0.141904 11.040000
0.100014 -0.131907 11.040000
0.105963 -0.121858 11.040000
0.111873 -0.111786 11.040000
0.117758 -0.101699 11.040000
0.123626 -0.091602 11.040000
0.129479 -0.081497 11.040000
0.135318 -0.071383 11.040000
0.141143 -0.061262 11.040000
0.146953 -0.051132 11.040000
0.152746 -0.040992 11.040000
0.158514 -0.030838 11.040000
0.164242 -0.020661 11.040000
0.169882 -0.010435 11.040000
0.175124 0.000000 11.040000

