0.201507 0.000000 14.420000
0.195459 0.011999 14.420000
0.188963 0.023761 14.420000
0.182367 0.035468 14.420000
0.175727 0.047150 14.420000
0.169060 0.058817 14.420000
0.162373 0.070472 14.420000
0.155669 0.082118 14.420000
0.148951 0.093755 14.420000
0.142217 0.105383 14.420000
0.135467 0.117002 14.420000
0.128697 0.128609 14.420000
0.121900 0.140200 14.420000
0.115059 0.151766 14.420000
0.108121 0.163273 14.420000
0.100754 0.174511 14.420000
0.087338 0.175272 14.420000
0.073903 0.175527 14.420000
0.060467 0.175669 14.420000
0.047030 0.175759 14.420000
0.033593 0.175819 14.420000
0.020156 0.175855 14.420000
0.006719 0.175873 14.420000
-0.006719 0.175873 14.420000
-0.020156 0.175855 14.420000
-0.033593 0.175819 14.420000
-0.047030 0.175759 14.420000
-0.060467 0.175669 14.420000
-0.073903 0.175527 14.420000
-0.087338 0.175272 14.420000
-0.100754 0.174511 14.420000
-0.108121 0.163273 14.420000
-0.115059 0.151766 14.420000
-0.121900 0.140200 14.420000
-0.128697 0.128609 14.420000
-0.135467 0.117002 14.420000
-0.142217 0.105383 14.420000
-0.148951 0.093755 14.420000
-0.155669 0.082118 14.420000
-0.162373 0.070472 14.420000
-0.169060 0.058817 14.420000
-0.175727 0.047150 14.420000
-0.182367 0.035468 14.420000
-0.188963 0.023761 14.420000
-0.195459 0.011999 14.420000
-0.201507 0.000000 14.420000
-0.195459 -0.011999 14.420000
-0.188963 -0.023761 14.420000
-0.182367 -0.035468 14.420000
-0.175727 -0.047150 14.420000
-0.169060 -0.058817 14.420000
-0.162373 -0.070472 14.420000
-0.155669 -0.082118 14.420000
-0.148951 -0.093755 14.420000
-0.142217 -0.105383 14.420000
-0.135467 -0.117002 14.420000
-0.128697 -0.128609 14.420000
-0.121900 -0.140200 14.420000
-0.115059 -0.151766 14.420000
-0.108121 -0.163273 14.420000
-0.100754 -0.174511 14.420000
-0.087338 -0.175272 14.420000
-0.073903 -0.175527 14.420000
-0.060467 -0.175669 14.420000
-0.047030 -0.175759 14.420000
-0.033593 -0.175819 14.420000
-0.020156 -0.175855 14.420000
-0.006719 -0.175873 14.420000
0.006719 -0.175873 14.420000
0.020156 -0.175855 14.420000
0.033593 -0.175819 14.420000
0.047030 -0.175759 14.420000
0.060467 -0.175669 14.420000
0.073903 -0.175527 14.420000
0.087338 -0.175272 14.420000
0.100754 -0.174511 14.420000
0.108121 -0.163273 14.420000
0.115059 -0.151766 14.420000
0.121900 -0.140200 14.420000
0.128697 -0.128609 14.420000
0.135467 -0.117002 14.420000
0.142217 -0.105383 14.420000
0.148951 -0.093755 14.420000
0.155669 -0.082118 14.420000
0.162373 -0.070472 14.420000
0.169060 -0.058817 14.420000
0.175727 -0.047150 14.420000
0.182367 -0.035468 14.420000
0.188963 -0.023761 14.420000
0.195459 -0.011999 14.420000
0.201507 0.000000 14.420000

