0.401105 0.000000 48.500000
0.388859 0.023777 48.500000
0.375835 0.047136 48.500000
0.362643 0.070401 48.500000
0.349377 0.093624 48.500000
0.336069 0.116823 48.500000
0.322732 0.140006 48.500000
0.309376 0.163177 48.500000
0.296004 0.186339 48.500000
0.282615 0.209492 48.500000
0.269206 0.232632 48.500000
0.255770 0.255757 48.500000
0.242291 0.278857 48.500000
0.228739 0.301914 48.500000
0.215020 0.324873 48.500000
0.200552 0.347367 48.500000
0.173838 0.348650 48.500000
0.147096 0.349051 48.500000
0.120352 0.349259 48.500000
0.093607 0.349381 48.500000
0.066862 0.349456 48.500000
0.040117 0.349498 48.500000
0.013372 0.349516 48.500000
-0.013372 0.349516 48.500000
-0.040117 0.349498 48.500000
-0.066862 0.349456 48.500000
-0.093607 0.349381 48.500000
-0.120352 0.349259 48.500000
-0.147096 0.349051 48.500000
-0.173838 0.348650 48.500000
-0.200552 0.347367 48.500000
-0.215020 0.324873 48.500000
-0.228739 0.301914 48.500000
-0.242291 0.278857 48.500000
-0.255770 0.255757 48.500000
-0.269206 0.232632 48.500000
-0.282615 0.209492 48.500000
-0.296004 0.186339 48.500000
-0.309376 0.163177 48.500000
-0.322732 0.140006 48.500000
-0.336069 0.116823 48.500000
-0.349377 0.093624 48.500000
-0.362643 0.070401 48.500000
-0.375835 0.047136 48.500000
-0.388859 0.023777 48.500000
-0.401105 0.000000 48.500000
-0.388859 -0.023777 48.500000
-0.375835 -0.047136 48.500000
-0.362643 -0.070401 48.500000
-0.349377 -0.093624 48.500000
-0.336069 -0.116823 48.500000
-0.322732 -0.140006 48.500000
-0.309376 -0.163177 48.500000
-0.296004 -0.186339 48.500000
-0.282615 -0.209492 48.500000
-0.269206 -0.232632 48.500000
-0.255770 -0.255757 48.500000
-0.242291 -0.278857 48.500000
-0.228739 -0.301914 48.500000
-0.215020 -0.324873 48.500000
-0.200552 -0.347367 48.500000
-0.173838 -0.348650 48.500000
-0.147096 -0.349051 48.500000
-0.120352 -0.349259 48.500000
-0.093607 -0.349381 48.500000
-0.066862 -0.349456 48.500000
-0.040117 -0.349498 48.500000
-0.013372 -0.349516 48.500000
0.013372 -0.349516 48.500000
0.040117 -0.349498 48.500000
0.066862 -0.349456 48.500000
0.093607 -0.349381 48.500000
0.120352 -0.349259 48.500000
0.147096 -0.349051 48.500000
0.173838 -0.348650 48.500000
0.200552 -0.347367 48.500000
0.215020 -0.324873 48.500000
0.228739 -0.301914 48.500000
0.242291 -0.278857 48.500000
0.255770 -0.255757 48.500000
0.269206 -0.232632 48.500000
0.282615 -0.209492 48.500000
0.296004 -0.186339 48.500000
0.309376 -0.163177 48.500000
0.322732 -0.140006 48.500000
0.336069 -0.116823 48.500000
0.349377 -0.093624 48.500000
0.362643 -0.070401 48.500000
0.375835 -0.047136 48.500000
0.388859 -0.023777 48.500000
0.401105 0.000000 48.500000

