0.123704 -0.000000 5.380000
0.120021 0.007382 5.380000
0.116046 0.014610 5.380000
0.112004 0.021801 5.380000
0.107933 0.028976 5.380000
0.103844 0.036141 5.380000
0.099742 0.043298 5.380000
0.095627 0.050448 5.380000
0.091503 0.057592 5.380000
0.087368 0.064730 5.380000
0.083221 0.071861 5.380000
0.079061 0.078985 5.380000
0.074883 0.086098 5.380000
0.070675 0.093194 5.380000
0.066403 0.100250 5.380000
0.061852 0.107131 5.380000
0.053618 0.107632 5.380000
0.045370 0.107803 5.380000
0.037122 0.107899 5.380000
0.028872 0.107961 5.380000
0.020623 0.108002 5.380000
0.012374 0.108028 5.380000
0.004125 0.108040 5.380000
-0.004125 0.108040 5.380000
-0.012374 0.108028 5.380000
-0.020623 0.108002 5.380000
-0.028872 0.107961 5.380000
-0.037122 0.107899 5.380000
-0.045370 0.107803 5.380000
-0.053618 0.107632 5.380000
-0.061852 0.107131 5.380000
-0.066403 0.100250 5.380000
-0.070675 0.093194 5.380000
-0.074883 0.086098 5.380000
-0.079061 0.078985 5.380000
-0.083221 0.071861 5.380000
-0.087368 0.064730 5.380000
-0.091503 0.057592 5.380000
-0.095627 0.050448 5.380000
-0.099742 0.043298 5.380000
-0.103844 0.036141 5.380000
-0.107933 0.028976 5.380000
-0.112004 0.021801 5.380000
-0.116046 0.014610 5.380000
-0.120021 0.007382 5.380000
-0.123704 -0.000000 5.380000
-0.120021 -0.007382 5.380000
-0.116046 -0.014610 5.380000
-0.112004 -0.021801 5.380000
-0.107933 -0.028976 5.380000
-0.103844 -0.036141 5.380000
-0.099742 -0.043298 5.380000
-0.095627 -0.050448 5.380000
-0.091503 -0.057592 5.380000
-0.087368 -0.064730 5.380000
-0.083221 -0.071861 5.380000
-0.079061 -0.078985 5.380000
-0.074883 -0.086098 5.380000
-0.070675 -0.093194 5.380000
-0.066403 -0.100250 5.380000
-0.061852 -0.107131 5.380000
-0.053618 -0.107632 5.380000
-0.045370 -0.107803 5.380000
-0.037122 -0.107899 5.380000
-0.028872 -0.107961 5.380000
-0.020623 -0.108002 5.380000
-0.012374 -0.108028 5.380000
-0.004125 -0.108040 5.380000
0.004125 -0.108040 5.380000
0.012374 -0.108028 5.380000
0.020623 -0.108002 5.380000
0.028872 -0.107961 5.380000
0.037122 -0.107899 5.380000
0.045370 -0.107803 5.380000
0.053618 -0.107632 5.380000
0.061852 -0.107131 5.380000
0.066403 -0.100250 5.380000
0.070675 -0.093194 5.380000
0.074883 -0.086098 5.380000
0.079061 -0.078985 5.380000
0.083221 -0.071861 5.380000
0.087368 -0.064730 5.380000
0.091503 -0.057592 5.380000
0.095627 -0.050448 5.380000
0.099742 -0.043298 5.380000
0.103844 -0.036141 5.380000
0.107933 -0.028976 5.380000
0.112004 -0.021801 5.380000
0.116046 -0.014610 5.380000
0.120021 -0.007382 5.380000
0.123704 -0.000000 5.380000

