0.243415 0.000000 20.390000
0.236079 0.014479 20.390000
0.228219 0.028680 20.390000
0.220243 0.042817 20.390000
0.212216 0.056925 20.390000
0.204158 0.071015 20.390000
0.196077 0.085092 20.390000
0.187978 0.099158 20.390000
0.179863 0.113215 20.390000
0.171730 0.127262 20.390000
0.163580 0.141299 20.390000
0.155406 0.155322 20.390000
0.147202 0.169328 20.390000
0.138947 0.183303 20.390000
0.130579 0.197211 20.390000
0.121707 0.210803 20.390000
0.105500 0.211690 20.390000
0.089271 0.211983 20.390000
0.073041 0.212145 20.390000
0.056810 0.212247 20.390000
0.040578 0.212313 20.390000
0.024347 0.212354 20.390000
0.008116 0.212373 20.390000
-0.008116 0.212373 20.390000
-0.024347 0.212354 20.390000
-0.040578 0.212313 20.390000
-0.056810 0.212247 20.390000
-0.073041 0.212145 20.390000
-0.089271 0.211983 20.390000
-0.105500 0.211690 20.390000
-0.121707 0.210803 20.390000
-0.130579 0.197211 20.390000
-0.138947 0.183303 20.390000
-0.147202 0.169328 20.390000
-0.155406 0.155322 20.390000
-0.163580 0.141299 20.390000
-0.171730 0.127262 20.390000
-0.179863 0.113215 20.390000
-0.187978 0.099158 20.390000
-0.196077 0.085092 20.390000
-0.204158 0.071015 20.390000
-0.212216 0.056925 20.390000
-0.220243 0.042817 20.390000
-0.228219 0.028680 20.390000
-0.236079 0.014479 20.390000
-0.243415 0.000000 20.390000
-0.236079 -0.014479 20.390000
-0.228219 -0.028680 20.390000
-0.220243 -0.042817 20.390000
-0.212216 -0.056925 20.390000
-0.204158 -0.071015 20.390000
-0.196077 -0.085092 20.390000
-0.187978 -0.099158 20.390000
-0.179863 -0.113215 20.390000
-0.171730 -0.127262 20.390000
-0.163580 -0.141299 20.390000
-0.155406 -0.155322 20.390000
-0.147202 -0.169328 20.390000
-0.138947 -0.183303 20.390000
-0.130579 -0.197211 20.390000
-0.121707 -0.210803 20.390000
-0.105500 -0.211690 20.390000
-0.089271 -0.211983 20.390000
-0.073041 -0.212145 20.390000
-0.056810 -0.212247 20.390000
-0.040578 -0.212313 20.390000
-0.024347 -0.212354 20.390000
-0.008116 -0.212373 20.390000
0.008116 -0.212373 20.390000
0.024347 -0.212354 20.390000
0.040578 -0.212313 20.390000
0.056810 -0.212247 20.390000
0.073041 -0.212145 20.390000
0.089271 -0.211983 20.390000
0.105500 -0.211690 20.390000
0.121707 -0.210803 20.390000
0.130579 -0.197211 20.390000
0.138947 -0.183303 20.390000
0.147202 -0.169328 20.390000
0.155406 -0.155322 20.390000
0.163580 -0.141299 20.390000
0.171730 -0.127262 20.390000
0.179863 -0.113215 20.390000
0.187978 -0.099158 20.390000
0.196077 -0.085092 20.390000
0.204158 -0.071015 20.390000
0.212216 -0.056925 20.390000
0.220243 -0.042817 20.390000
0.228219 -0.028680 20.390000
0.236079 -0.014479 20.390000
0.243415 0.000000 20.390000

