0.269108 0.000000 24.390000
0.260978 0.015997 24.390000
0.252280 0.031693 24.390000
0.243457 0.047318 24.390000
0.234578 0.062912 24.390000
0.225667 0.078488 24.390000
0.216731 0.094049 24.390000
0.207776 0.109600 24.390000
0.198804 0.125140 24.390000
0.189815 0.140670 24.390000
0.180806 0.156189 24.390000
0.171773 0.171695 24.390000
0.162707 0.187181 24.390000
0.153587 0.202634 24.390000
0.144343 0.218015 24.390000
0.134554 0.233054 24.390000
0.116635 0.234012 24.390000
0.098693 0.234327 24.390000
0.080750 0.234499 24.390000
0.062805 0.234607 24.390000
0.044861 0.234677 24.390000
0.026917 0.234719 24.390000
0.008972 0.234739 24.390000
-0.008972 0.234739 24.390000
-0.026917 0.234719 24.390000
-0.044861 0.234677 24.390000
-0.062805 0.234607 24.390000
-0.080750 0.234499 24.390000
-0.098693 0.234327 24.390000
-0.116635 0.234012 24.390000
-0.134554 0.233054 24.390000
-0.144343 0.218015 24.390000
-0.153587 0.202634 24.390000
-0.162707 0.187181 24.390000
-0.171773 0.171695 24.390000
-0.180806 0.156189 24.390000
-0.189815 0.140670 24.390000
-0.198804 0.125140 24.390000
-0.207776 0.109600 24.390000
-0.216731 0.094049 24.390000
-0.225667 0.078488 24.390000
-0.234578 0.062912 24.390000
-0.243457 0.047318 24.390000
-0.252280 0.031693 24.390000
-0.260978 0.015997 24.390000
-0.269108 0.000000 24.390000
-0.260978 -0.015997 24.390000
-0.252280 -0.031693 24.390000
-0.243457 -0.047318 24.390000
-0.234578 -0.062912 24.390000
-0.225667 -0.078488 24.390000
-0.216731 -0.094049 24.390000
-0.207776 -0.109600 24.390000
-0.198804 -0.125140 24.390000
-0.189815 -0.140670 24.390000
-0.180806 -0.156189 24.390000
-0.171773 -0.171695 24.390000
-0.162707 -0.187181 24.390000
-0.153587 -0.202634 24.390000
-0.144343 -0.218015 24.390000
-0.134554 -0.233054 24.390000
-0.116635 -0.234012 24.390000
-0.098693 -0.234327 24.390000
-0.080750 -0.234499 24.390000
-0.062805 -0.234607 24.390000
-0.044861 -0.234677 24.390000
-0.026917 -0.234719 24.390000
-0.008972 -0.234739 24.390000
0.008972 -0.234739 24.390000
0.026917 -0.234719 24.390000
0.044861 -0.234677 24.390000
0.062805 -0.234607 24.390000
0.080750 -0.234499 24.390000
0.098693 -0.234327 24.390000
0.116635 -0.234012 24.390000
0.134554 -0.233054 24.390000
0.144343 -0.218015 24.390000
0.153587 -0.202634 24.390000
0.162707 -0.187181 24.390000
0.171773 -0.171695 24.390000
0.180806 -0.156189 24.390000
0.189815 -0.140670 24.390000
0.198804 -0.125140 24.390000
0.207776 -0.109600 24.390000
0.216731 -0.094049 24.390000
0.225667 -0.078488 24.390000
0.234578 -0.062912 24.390000
0.243457 -0.047318 24.390000
0.252280 -0.031693 24.390000
0.260978 -0.015997 24.390000
0.269108 0.000000 24.390000

