0.321709 0.000000 33.320000
0.311946 0.019101 33.320000
0.301528 0.037853 33.320000
0.290967 0.056525 33.320000
0.280343 0.075161 33.320000
0.269682 0.093775 33.320000
0.258994 0.112375 33.320000
0.248286 0.130963 33.320000
0.237560 0.149541 33.320000
0.226817 0.168108 33.320000
0.216053 0.186663 33.320000
0.205263 0.205204 33.320000
0.194435 0.223722 33.320000
0.183546 0.242204 33.320000
0.172515 0.260603 33.320000
0.160854 0.278608 33.320000
0.139431 0.279704 33.320000
0.117982 0.280058 33.320000
0.096532 0.280247 33.320000
0.075080 0.280365 33.320000
0.053629 0.280439 33.320000
0.032177 0.280483 33.320000
0.010726 0.280504 33.320000
-0.010726 0.280504 33.320000
-0.032177 0.280483 33.320000
-0.053629 0.280439 33.320000
-0.075080 0.280365 33.320000
-0.096532 0.280247 33.320000
-0.117982 0.280058 33.320000
-0.139431 0.279704 33.320000
-0.160854 0.278608 33.320000
-0.172515 0.260603 33.320000
-0.183546 0.242204 33.320000
-0.194435 0.223722 33.320000
-0.205263 0.205204 33.320000
-0.216053 0.186663 33.320000
-0.226817 0.168108 33.320000
-0.237560 0.149541 33.320000
-0.248286 0.130963 33.320000
-0.258994 0.112375 33.320000
-0.269682 0.093775 33.320000
-0.280343 0.075161 33.320000
-0.290967 0.056525 33.320000
-0.301528 0.037853 33.320000
-0.311946 0.019101 33.320000
-0.321709 0.000000 33.320000
-0.311946 -0.019101 33.320000
-0.301528 -0.037853 33.320000
-0.290967 -0.056525 33.320000
-0.280343 -0.075161 33.320000
-0.269682 -0.093775 33.320000
-0.258994 -0.112375 33.320000
-0.248286 -0.130963 33.320000
-0.237560 -0.149541 33.320000
-0.226817 -0.168108 33.320000
-0.216053 -0.186663 33.320000
-0.205263 -0.205204 33.320000
-0.194435 -0.223722 33.320000
-0.183546 -0.242204 33.320000
-0.172515 -0.260603 33.320000
-0.160854 -0.278608 33.320000
-0.139431 -0.279704 33.320000
-0.117982 -0.280058 33.320000
-0.096532 -0.280247 33.320000
-0.075080 -0.280365 33.320000
-0.053629 -0.280439 33.320000
-0.032177 -0.280483 33.320000
-0.010726 -0.280504 33.320000
0.010726 -0.280504 33.320000
0.032177 -0.280483 33.320000
0.053629 -0.280439 33.320000
0.075080 -0.280365 33.320000
0.096532 -0.280247 33.320000
0.117982 -0.280058 33.320000
0.139431 -0.279704 33.320000
0.160854 -0.278608 33.320000
0.172515 -0.260603 33.320000
0.183546 -0.242204 33.320000
0.194435 -0.223722 33.320000
0.205263 -0.205204 33.320000
0.216053 -0.186663 33.320000
0.226817 -0.168108 33.320000
0.237560 -0.149541 33.320000
0.248286 -0.130963 33.320000
0.258994 -0.112375 33.320000
0.269682 -0.093775 33.320000
0.280343 -0.075161 33.320000
0.290967 -0.056525 33.320000
0.301528 -0.037853 33.320000
0.311946 -0.019101 33.320000
0.321709 0.000000 33.320000

