0.349753 0.000000 38.460000
0.339116 0.020754 38.460000
0.327778 0.041134 38.460000
0.316289 0.061429 38.460000
0.304733 0.081686 38.460000
0.293137 0.101920 38.460000
0.281515 0.122139 38.460000
0.269872 0.142346 38.460000
0.258211 0.162543 38.460000
0.246533 0.182730 38.460000
0.234834 0.202904 38.460000
0.223108 0.223063 38.460000
0.211344 0.243200 38.460000
0.199512 0.263297 38.460000
0.187531 0.283306 38.460000
0.174877 0.302895 38.460000
0.151584 0.304060 38.460000
0.128266 0.304432 38.460000
0.104945 0.304629 38.460000
0.081624 0.304749 38.460000
0.058303 0.304824 38.460000
0.034982 0.304868 38.460000
0.011661 0.304889 38.460000
-0.011661 0.304889 38.460000
-0.034982 0.304868 38.460000
-0.058303 0.304824 38.460000
-0.081624 0.304749 38.460000
-0.104945 0.304629 38.460000
-0.128266 0.304432 38.460000
-0.151584 0.304060 38.460000
-0.174877 0.302895 38.460000
-0.187531 0.283306 38.460000
-0.199512 0.263297 38.460000
-0.211344 0.243200 38.460000
-0.223108 0.223063 38.460000
-0.234834 0.202904 38.460000
-0.246533 0.182730 38.460000
-0.258211 0.162543 38.460000
-0.269872 0.142346 38.460000
-0.281515 0.122139 38.460000
-0.293137 0.101920 38.460000
-0.304733 0.081686 38.460000
-0.316289 0.061429 38.460000
-0.327778 0.041134 38.460000
-0.339116 0.020754 38.460000
-0.349753 0.000000 38.460000
-0.339116 -0.020754 38.460000
-0.327778 -0.041134 38.460000
-0.316289 -0.061429 38.460000
-0.304733 -0.081686 38.460000
-0.293137 -0.101920 38.460000
-0.281515 -0.122139 38.460000
-0.269872 -0.142346 38.460000
-0.258211 -0.162543 38.460000
-0.246533 -0.182730 38.460000
-0.234834 -0.202904 38.460000
-0.223108 -0.223063 38.460000
-0.211344 -0.243200 38.460000
-0.199512 -0.263297 38.460000
-0.187531 -0.283306 38.460000
-0.174877 -0.302895 38.460000
-0.151584 -0.304060 38.460000
-0.128266 -0.304432 38.460000
-0.104945 -0.304629 38.460000
-0.081624 -0.304749 38.460000
-0.058303 -0.304824 38.460000
-0.034982 -0.304868 38.460000
-0.011661 -0.304889 38.460000
0.011661 -0.304889 38.460000
0.034982 -0.304868 38.460000
0.058303 -0.304824 38.460000
0.081624 -0.304749 38.460000
0.104945 -0.304629 38.460000
0.128266 -0.304432 38.460000
0.151584 -0.304060 38.460000
0.174877 -0.302895 38.460000
0.187531 -0.283306 38.460000
0.199512 -0.263297 38.460000
0.211344 -0.243200 38.460000
0.223108 -0.223063 38.460000
0.234834 -0.202904 38.460000
0.246533 -0.182730 38.460000
0.258211 -0.162543 38.460000
0.269872 -0.142346 38.460000
0.281515 -0.122139 38.460000
0.293137 -0.101920 38.460000
0.304733 -0.081686 38.460000
0.316289 -0.061429 38.460000
0.327778 -0.041134 38.460000
0.339116 -0.020754 38.460000
0.349753 0.000000 38.460000

