0.283819 0.000000 26.790000
0.275234 0.016866 26.790000
0.266055 0.033417 26.790000
0.256746 0.049894 26.790000
0.247380 0.066339 26.790000
0.237979 0.082765 26.790000
0.228554 0.099176 26.790000
0.219109 0.115576 26.790000
0.209646 0.131966 26.790000
0.200166 0.148346 26.790000
0.190666 0.164714 26.790000
0.181142 0.181068 26.790000
0.171583 0.197402 26.790000
0.161967 0.213702 26.790000
0.152223 0.229926 26.790000
0.141909 0.245794 26.790000
0.123010 0.246793 26.790000
0.104088 0.247119 26.790000
0.085163 0.247296 26.790000
0.066238 0.247407 26.790000
0.047313 0.247479 26.790000
0.028388 0.247522 26.790000
0.009463 0.247542 26.790000
-0.009463 0.247542 26.790000
-0.028388 0.247522 26.790000
-0.047313 0.247479 26.790000
-0.066238 0.247407 26.790000
-0.085163 0.247296 26.790000
-0.104088 0.247119 26.790000
-0.123010 0.246793 26.790000
-0.141909 0.245794 26.790000
-0.152223 0.229926 26.790000
-0.161967 0.213702 26.790000
-0.171583 0.197402 26.790000
-0.181142 0.181068 26.790000
-0.190666 0.164714 26.790000
-0.200166 0.148346 26.790000
-0.209646 0.131966 26.790000
-0.219109 0.115576 26.790000
-0.228554 0.099176 26.790000
-0.237979 0.082765 26.790000
-0.247380 0.066339 26.790000
-0.256746 0.049894 26.790000
-0.266055 0.033417 26.790000
-0.275234 0.016866 26.790000
-0.283819 0.000000 26.790000
-0.275234 -0.016866 26.790000
-0.266055 -0.033417 26.790000
-0.256746 -0.049894 26.790000
-0.247380 -0.066339 26.790000
-0.237979 -0.082765 26.790000
-0.228554 -0.099176 26.790000
-0.219109 -0.115576 26.790000
-0.209646 -0.131966 26.790000
-0.200166 -0.148346 26.790000
-0.190666 -0.164714 26.790000
-0.181142 -0.181068 26.790000
-0.171583 -0.197402 26.790000
-0.161967 -0.213702 26.790000
-0.152223 -0.229926 26.790000
-0.141909 -0.245794 26.790000
-0.123010 -0.246793 26.790000
-0.104088 -0.247119 26.790000
-0.085163 -0.247296 26.790000
-0.066238 -0.247407 26.790000
-0.047313 -0.247479 26.790000
-0.028388 -0.247522 26.790000
-0.009463 -0.247542 26.790000
0.009463 -0.247542 26.790000
0.028388 -0.247522 26.790000
0.047313 -0.247479 26.790000
0.066238 -0.247407 26.790000
0.085163 -0.247296 26.790000
0.104088 -0.247119 26.790000
0.123010 -0.246793 26.790000
0.141909 -0.245794 26.790000
0.152223 -0.229926 26.790000
0.161967 -0.213702 26.790000
0.171583 -0.197402 26.790000
0.181142 -0.181068 26.790000
0.190666 -0.164714 26.790000
0.200166 -0.148346 26.790000
0.209646 -0.131966 26.790000
0.219109 -0.115576 26.790000
0.228554 -0.099176 26.790000
0.237979 -0.082765 26.790000
0.247380 -0.066339 26.790000
0.256746 -0.049894 26.790000
0.266055 -0.033417 26.790000
0.275234 -0.016866 26.790000
0.283819 0.000000 26.790000

