0.308798 0.000000 31.040000
0.299437 0.018340 31.040000
0.289442 0.036342 31.040000
0.279308 0.054266 31.040000
0.269112 0.072156 31.040000
0.258881 0.090025 31.040000
0.248623 0.107879 31.040000
0.238346 0.125721 31.040000
0.228051 0.143553 31.040000
0.217737 0.161375 31.040000
0.207404 0.179185 31.040000
0.197045 0.196980 31.040000
0.186650 0.214754 31.040000
0.176194 0.232493 31.040000
0.165602 0.250150 31.040000
0.154399 0.267427 31.040000
0.133836 0.268490 31.040000
0.113248 0.268835 31.040000
0.092658 0.269021 31.040000
0.072067 0.269136 31.040000
0.051477 0.269210 31.040000
0.030886 0.269254 31.040000
0.010295 0.269274 31.040000
-0.010295 0.269274 31.040000
-0.030886 0.269254 31.040000
-0.051477 0.269210 31.040000
-0.072067 0.269136 31.040000
-0.092658 0.269021 31.040000
-0.113248 0.268835 31.040000
-0.133836 0.268490 31.040000
-0.154399 0.267427 31.040000
-0.165602 0.250150 31.040000
-0.176194 0.232493 31.040000
-0.186650 0.214754 31.040000
-0.197045 0.196980 31.040000
-0.207404 0.179185 31.040000
-0.217737 0.161375 31.040000
-0.228051 0.143553 31.040000
-0.238346 0.125721 31.040000
-0.248623 0.107879 31.040000
-0.258881 0.090025 31.040000
-0.269112 0.072156 31.040000
-0.279308 0.054266 31.040000
-0.289442 0.036342 31.040000
-0.299437 0.018340 31.040000
-0.308798 0.000000 31.040000
-0.299437 -0.018340 31.040000
-0.289442 -0.036342 31.040000
-0.279308 -0.054266 31.040000
-0.269112 -0.072156 31.040000
-0.258881 -0.090025 31.040000
-0.248623 -0.107879 31.040000
-0.238346 -0.125721 31.040000
-0.228051 -0.143553 31.040000
-0.217737 -0.161375 31.040000
-0.207404 -0.179185 31.040000
-0.197045 -0.196980 31.040000
-0.186650 -0.214754 31.040000
-0.176194 -0.232493 31.040000
-0.165602 -0.250150 31.040000
-0.154399 -0.267427 31.040000
-0.133836 -0.268490 31.040000
-0.113248 -0.268835 31.040000
-0.092658 -0.269021 31.040000
-0.072067 -0.269136 31.040000
-0.051477 -0.269210 31.040000
-0.030886 -0.269254 31.040000
-0.010295 -0.269274 31.040000
0.010295 -0.269274 31.040000
0.030886 -0.269254 31.040000
0.051477 -0.269210 31.040000
0.072067 -0.269136 31.040000
0.092658 -0.269021 31.040000
0.113248 -0.268835 31.040000
0.133836 -0.268490 31.040000
0.154399 -0.267427 31.040000
0.165602 -0.250150 31.040000
0.176194 -0.232493 31.040000
0.186650 -0.214754 31.040000
0.197045 -0.196980 31.040000
0.207404 -0.179185 31.040000
0.217737 -0.161375 31.040000
0.228051 -0.143553 31.040000
0.238346 -0.125721 31.040000
0.248623 -0.107879 31.040000
0.258881 -0.090025 31.040000
0.269112 -0.072156 31.040000
0.279308 -0.054266 31.040000
0.289442 -0.036342 31.040000
0.299437 -0.018340 31.040000
0.308798 0.000000 31.040000

