0.256460 0.000000 22.390000
0.248722 0.015250 22.390000
0.240436 0.030210 22.390000
0.232031 0.045103 22.390000
0.223571 0.059965 22.390000
0.215080 0.074810 22.390000
0.206565 0.089640 22.390000
0.198032 0.104460 22.390000
0.189481 0.119270 22.390000
0.180914 0.134071 22.390000
0.172327 0.148860 22.390000
0.163717 0.163636 22.390000
0.155076 0.178393 22.390000
0.146381 0.193119 22.390000
0.137568 0.207774 22.390000
0.128230 0.222101 22.390000
0.111154 0.223025 22.390000
0.094055 0.223329 22.390000
0.076955 0.223496 22.390000
0.059854 0.223601 22.390000
0.042753 0.223670 22.390000
0.025652 0.223711 22.390000
0.008551 0.223731 22.390000
-0.008551 0.223731 22.390000
-0.025652 0.223711 22.390000
-0.042753 0.223670 22.390000
-0.059854 0.223601 22.390000
-0.076955 0.223496 22.390000
-0.094055 0.223329 22.390000
-0.111154 0.223025 22.390000
-0.128230 0.222101 22.390000
-0.137568 0.207774 22.390000
-0.146381 0.193119 22.390000
-0.155076 0.178393 22.390000
-0.163717 0.163636 22.390000
-0.172327 0.148860 22.390000
-0.180914 0.134071 22.390000
-0.189481 0.119270 22.390000
-0.198032 0.104460 22.390000
-0.206565 0.089640 22.390000
-0.215080 0.074810 22.390000
-0.223571 0.059965 22.390000
-0.232031 0.045103 22.390000
-0.240436 0.030210 22.390000
-0.248722 0.015250 22.390000
-0.256460 0.000000 22.390000
-0.248722 -0.015250 22.390000
-0.240436 -0.030210 22.390000
-0.232031 -0.045103 22.390000
-0.223571 -0.059965 22.390000
-0.215080 -0.074810 22.390000
-0.206565 -0.089640 22.390000
-0.198032 -0.104460 22.390000
-0.189481 -0.119270 22.390000
-0.180914 -0.134071 22.390000
-0.172327 -0.148860 22.390000
-0.163717 -0.163636 22.390000
-0.155076 -0.178393 22.390000
-0.146381 -0.193119 22.390000
-0.137568 -0.207774 22.390000
-0.128230 -0.222101 22.390000
-0.111154 -0.223025 22.390000
-0.094055 -0.223329 22.390000
-0.076955 -0.223496 22.390000
-0.059854 -0.223601 22.390000
-0.042753 -0.223670 22.390000
-0.025652 -0.223711 22.390000
-0.008551 -0.223731 22.390000
0.008551 -0.223731 22.390000
0.025652 -0.223711 22.390000
0.042753 -0.223670 22.390000
0.059854 -0.223601 22.390000
0.076955 -0.223496 22.390000
0.094055 -0.223329 22.390000
0.111154 -0.223025 22.390000
0.128230 -0.222101 22.390000
0.137568 -0.207774 22.390000
0.146381 -0.193119 22.390000
0.155076 -0.178393 22.390000
0.163717 -0.163636 22.390000
0.172327 -0.148860 22.390000
0.180914 -0.134071 22.390000
0.189481 -0.119270 22.390000
0.198032 -0.104460 22.390000
0.206565 -0.089640 22.390000
0.215080 -0.074810 22.390000
0.223571 -0.059965 22.390000
0.232031 -0.045103 22.390000
0.240436 -0.030210 22.390000
0.248722 -0.015250 22.390000
0.256460 0.000000 22.390000

