0.320589 0.000000 33.120000
0.310861 0.019035 33.120000
0.300480 0.037722 33.120000
0.289956 0.056329 33.120000
0.279369 0.074900 33.120000
0.268745 0.093450 33.120000
0.258094 0.111985 33.120000
0.247424 0.130508 33.120000
0.236735 0.149021 33.120000
0.226029 0.167524 33.120000
0.215302 0.186015 33.120000
0.204550 0.204490 33.120000
0.193760 0.222944 33.120000
0.182908 0.241362 33.120000
0.171916 0.259696 33.120000
0.160294 0.277638 33.120000
0.138945 0.278731 33.120000
0.117572 0.279084 33.120000
0.096195 0.279273 33.120000
0.074819 0.279390 33.120000
0.053442 0.279465 33.120000
0.032065 0.279509 33.120000
0.010688 0.279530 33.120000
-0.010688 0.279530 33.120000
-0.032065 0.279509 33.120000
-0.053442 0.279465 33.120000
-0.074819 0.279390 33.120000
-0.096195 0.279273 33.120000
-0.117572 0.279084 33.120000
-0.138945 0.278731 33.120000
-0.160294 0.277638 33.120000
-0.171916 0.259696 33.120000
-0.182908 0.241362 33.120000
-0.193760 0.222944 33.120000
-0.204550 0.204490 33.120000
-0.215302 0.186015 33.120000
-0.226029 0.167524 33.120000
-0.236735 0.149021 33.120000
-0.247424 0.130508 33.120000
-0.258094 0.111985 33.120000
-0.268745 0.093450 33.120000
-0.279369 0.074900 33.120000
-0.289956 0.056329 33.120000
-0.300480 0.037722 33.120000
-0.310861 0.019035 33.120000
-0.320589 0.000000 33.120000
-0.310861 -0.019035 33.120000
-0.300480 -0.037722 33.120000
-0.289956 -0.056329 33.120000
-0.279369 -0.074900 33.120000
-0.268745 -0.093450 33.120000
-0.258094 -0.111985 33.120000
-0.247424 -0.130508 33.120000
-0.236735 -0.149021 33.120000
-0.226029 -0.167524 33.120000
-0.215302 -0.186015 33.120000
-0.204550 -0.204490 33.120000
-0.193760 -0.222944 33.120000
-0.182908 -0.241362 33.120000
-0.171916 -0.259696 33.120000
-0.160294 -0.277638 33.120000
-0.138945 -0.278731 33.120000
-0.117572 -0.279084 33.120000
-0.096195 -0.279273 33.120000
-0.074819 -0.279390 33.120000
-0.053442 -0.279465 33.120000
-0.032065 -0.279509 33.120000
-0.010688 -0.279530 33.120000
0.010688 -0.279530 33.120000
0.032065 -0.279509 33.120000
0.053442 -0.279465 33.120000
0.074819 -0.279390 33.120000
0.096195 -0.279273 33.120000
0.117572 -0.279084 33.120000
0.138945 -0.278731 33.120000
0.160294 -0.277638 33.120000
0.171916 -0.259696 33.120000
0.182908 -0.241362 33.120000
0.193760 -0.222944 33.120000
0.204550 -0.204490 33.120000
0.215302 -0.186015 33.120000
0.226029 -0.167524 33.120000
0.236735 -0.149021 33.120000
0.247424 -0.130508 33.120000
0.258094 -0.111985 33.120000
0.268745 -0.093450 33.120000
0.279369 -0.074900 33.120000
0.289956 -0.056329 33.120000
0.300480 -0.037722 33.120000
0.310861 -0.019035 33.120000
0.320589 0.000000 33.120000

