0.332896 0.000000 35.340000
0.322784 0.019761 35.340000
0.312000 0.039162 35.340000
0.301068 0.058481 35.340000
0.290073 0.077764 35.340000
0.279039 0.097025 35.340000
0.267978 0.116270 35.340000
0.256898 0.135504 35.340000
0.245799 0.154728 35.340000
0.234682 0.173941 35.340000
0.223545 0.193142 35.340000
0.212382 0.212328 35.340000
0.201181 0.231492 35.340000
0.189915 0.250619 35.340000
0.178506 0.269659 35.340000
0.166448 0.288296 35.340000
0.144279 0.289420 35.340000
0.122084 0.289781 35.340000
0.099888 0.289974 35.340000
0.077691 0.290092 35.340000
0.055493 0.290167 35.340000
0.033296 0.290211 35.340000
0.011099 0.290232 35.340000
-0.011099 0.290232 35.340000
-0.033296 0.290211 35.340000
-0.055493 0.290167 35.340000
-0.077691 0.290092 35.340000
-0.099888 0.289974 35.340000
-0.122084 0.289781 35.340000
-0.144279 0.289420 35.340000
-0.166448 0.288296 35.340000
-0.178506 0.269659 35.340000
-0.189915 0.250619 35.340000
-0.201181 0.231492 35.340000
-0.212382 0.212328 35.340000
-0.223545 0.193142 35.340000
-0.234682 0.173941 35.340000
-0.245799 0.154728 35.340000
-0.256898 0.135504 35.340000
-0.267978 0.116270 35.340000
-0.279039 0.097025 35.340000
-0.290073 0.077764 35.340000
-0.301068 0.058481 35.340000
-0.312000 0.039162 35.340000
-0.322784 0.019761 35.340000
-0.332896 0.000000 35.340000
-0.322784 -0.019761 35.340000
-0.312000 -0.039162 35.340000
-0.301068 -0.058481 35.340000
-0.290073 -0.077764 35.340000
-0.279039 -0.097025 35.340000
-0.267978 -0.116270 35.340000
-0.256898 -0.135504 35.340000
-0.245799 -0.154728 35.340000
-0.234682 -0.173941 35.340000
-0.223545 -0.193142 35.340000
-0.212382 -0.212328 35.340000
-0.201181 -0.231492 35.340000
-0.189915 -0.250619 35.340000
-0.178506 -0.269659 35.340000
-0.166448 -0.288296 35.340000
-0.144279 -0.289420 35.340000
-0.122084 -0.289781 35.340000
-0.099888 -0.289974 35.340000
-0.077691 -0.290092 35.340000
-0.055493 -0.290167 35.340000
-0.033296 -0.290211 35.340000
-0.011099 -0.290232 35.340000
0.011099 -0.290232 35.340000
0.033296 -0.290211 35.340000
0.055493 -0.290167 35.340000
0.077691 -0.290092 35.340000
0.099888 -0.289974 35.340000
0.122084 -0.289781 35.340000
0.144279 -0.289420 35.340000
0.166448 -0.288296 35.340000
0.178506 -0.269659 35.340000
0.189915 -0.250619 35.340000
0.201181 -0.231492 35.340000
0.212382 -0.212328 35.340000
0.223545 -0.193142 35.340000
0.234682 -0.173941 35.340000
0.245799 -0.154728 35.340000
0.256898 -0.135504 35.340000
0.267978 -0.116270 35.340000
0.279039 -0.097025 35.340000
0.290073 -0.077764 35.340000
0.301068 -0.058481 35.340000
0.312000 -0.039162 35.340000
0.322784 -0.019761 35.340000
0.332896 0.000000 35.340000

