0.280185 0.000000 26.190000
0.271713 0.016652 26.190000
0.262653 0.032991 26.190000
0.253464 0.049258 26.190000
0.244218 0.065493 26.190000
0.234939 0.081709 26.190000
0.225634 0.097910 26.190000
0.216310 0.114100 26.190000
0.206969 0.130280 26.190000
0.197610 0.146450 26.190000
0.188231 0.162609 26.190000
0.178828 0.178753 26.190000
0.169391 0.194877 26.190000
0.159897 0.210969 26.190000
0.150277 0.226985 26.190000
0.140093 0.242648 26.190000
0.121436 0.243636 26.190000
0.102756 0.243960 26.190000
0.084073 0.244135 26.190000
0.065391 0.244246 26.190000
0.046708 0.244317 26.190000
0.028025 0.244360 26.190000
0.009342 0.244380 26.190000
-0.009342 0.244380 26.190000
-0.028025 0.244360 26.190000
-0.046708 0.244317 26.190000
-0.065391 0.244246 26.190000
-0.084073 0.244135 26.190000
-0.102756 0.243960 26.190000
-0.121436 0.243636 26.190000
-0.140093 0.242648 26.190000
-0.150277 0.226985 26.190000
-0.159897 0.210969 26.190000
-0.169391 0.194877 26.190000
-0.178828 0.178753 26.190000
-0.188231 0.162609 26.190000
-0.197610 0.146450 26.190000
-0.206969 0.130280 26.190000
-0.216310 0.114100 26.190000
-0.225634 0.097910 26.190000
-0.234939 0.081709 26.190000
-0.244218 0.065493 26.190000
-0.253464 0.049258 26.190000
-0.262653 0.032991 26.190000
-0.271713 0.016652 26.190000
-0.280185 0.000000 26.190000
-0.271713 -0.016652 26.190000
-0.262653 -0.032991 26.190000
-0.253464 -0.049258 26.190000
-0.244218 -0.065493 26.190000
-0.234939 -0.081709 26.190000
-0.225634 -0.097910 26.190000
-0.216310 -0.114100 26.190000
-0.206969 -0.130280 26.190000
-0.197610 -0.146450 26.190000
-0.188231 -0.162609 26.190000
-0.178828 -0.178753 26.190000
-0.169391 -0.194877 26.190000
-0.159897 -0.210969 26.190000
-0.150277 -0.226985 26.190000
-0.140093 -0.242648 26.190000
-0.121436 -0.243636 26.190000
-0.102756 -0.243960 26.190000
-0.084073 -0.244135 26.190000
-0.065391 -0.244246 26.190000
-0.046708 -0.244317 26.190000
-0.028025 -0.244360 26.190000
-0.009342 -0.244380 26.190000
0.009342 -0.244380 26.190000
0.028025 -0.244360 26.190000
0.046708 -0.244317 26.190000
0.065391 -0.244246 26.190000
0.084073 -0.244135 26.190000
0.102756 -0.243960 26.190000
0.121436 -0.243636 26.190000
0.140093 -0.242648 26.190000
0.150277 -0.226985 26.190000
0.159897 -0.210969 26.190000
0.169391 -0.194877 26.190000
0.178828 -0.178753 26.190000
0.188231 -0.162609 26.190000
0.197610 -0.146450 26.190000
0.206969 -0.130280 26.190000
0.216310 -0.114100 26.190000
0.225634 -0.097910 26.190000
0.234939 -0.081709 26.190000
0.244218 -0.065493 26.190000
0.253464 -0.049258 26.190000
0.262653 -0.032991 26.190000
0.271713 -0.016652 26.190000
0.280185 0.000000 26.190000

