0.240219 0.000000 19.910000
0.232982 0.014290 19.910000
0.225225 0.028305 19.910000
0.217355 0.042257 19.910000
0.209434 0.056180 19.910000
0.201482 0.070085 19.910000
0.193508 0.083977 19.910000
0.185515 0.097859 19.910000
0.177506 0.111731 19.910000
0.169480 0.125594 19.910000
0.161436 0.139446 19.910000
0.153370 0.153285 19.910000
0.145273 0.167107 19.910000
0.137126 0.180898 19.910000
0.128866 0.194623 19.910000
0.120109 0.208036 19.910000
0.104115 0.208913 19.910000
0.088100 0.209204 19.910000
0.072082 0.209363 19.910000
0.056064 0.209465 19.910000
0.040046 0.209531 19.910000
0.024027 0.209571 19.910000
0.008009 0.209590 19.910000
-0.008009 0.209590 19.910000
-0.024027 0.209571 19.910000
-0.040046 0.209531 19.910000
-0.056064 0.209465 19.910000
-0.072082 0.209363 19.910000
-0.088100 0.209204 19.910000
-0.104115 0.208913 19.910000
-0.120109 0.208036 19.910000
-0.128866 0.194623 19.910000
-0.137126 0.180898 19.910000
-0.145273 0.167107 19.910000
-0.153370 0.153285 19.910000
-0.161436 0.139446 19.910000
-0.169480 0.125594 19.910000
-0.177506 0.111731 19.910000
-0.185515 0.097859 19.910000
-0.193508 0.083977 19.910000
-0.201482 0.070085 19.910000
-0.209434 0.056180 19.910000
-0.217355 0.042257 19.910000
-0.225225 0.028305 19.910000
-0.232982 0.014290 19.910000
-0.240219 0.000000 19.910000
-0.232982 -0.014290 19.910000
-0.225225 -0.028305 19.910000
-0.217355 -0.042257 19.910000
-0.209434 -0.056180 19.910000
-0.201482 -0.070085 19.910000
-0.193508 -0.083977 19.910000
-0.185515 -0.097859 19.910000
-0.177506 -0.111731 19.910000
-0.169480 -0.125594 19.910000
-0.161436 -0.139446 19.910000
-0.153370 -0.153285 19.910000
-0.145273 -0.167107 19.910000
-0.137126 -0.180898 19.910000
-0.128866 -0.194623 19.910000
-0.120109 -0.208036 19.910000
-0.104115 -0.208913 19.910000
-0.088100 -0.209204 19.910000
-0.072082 -0.209363 19.910000
-0.056064 -0.209465 19.910000
-0.040046 -0.209531 19.910000
-0.024027 -0.209571 19.910000
-0.008009 -0.209590 19.910000
0.008009 -0.209590 19.910000
0.024027 -0.209571 19.910000
0.040046 -0.209531 19.910000
0.056064 -0.209465 19.910000
0.072082 -0.209363 19.910000
0.088100 -0.209204 19.910000
0.104115 -0.208913 19.910000
0.120109 -0.208036 19.910000
0.128866 -0.194623 19.910000
0.137126 -0.180898 19.910000
0.145273 -0.167107 19.910000
0.153370 -0.153285 19.910000
0.161436 -0.139446 19.910000
0.169480 -0.125594 19.910000
0.177506 -0.111731 19.910000
0.185515 -0.097859 19.910000
0.193508 -0.083977 19.910000
0.201482 -0.070085 19.910000
0.209434 -0.056180 19.910000
0.217355 -0.042257 19.910000
0.225225 -0.028305 19.910000
0.232982 -0.014290 19.910000
0.240219 0.000000 19.910000

