0.224587 0.000000 17.620000
0.217831 0.013365 17.620000
0.210584 0.026471 17.620000
0.203228 0.039517 17.620000
0.195825 0.052535 17.620000
0.188392 0.065536 17.620000
0.180937 0.078525 17.620000
0.173465 0.091504 17.620000
0.165977 0.104474 17.620000
0.158473 0.117434 17.620000
0.150952 0.130384 17.620000
0.143409 0.143322 17.620000
0.135836 0.156243 17.620000
0.128217 0.169135 17.620000
0.120490 0.181964 17.620000
0.112293 0.194498 17.620000
0.097341 0.195329 17.620000
0.082367 0.195606 17.620000
0.067392 0.195759 17.620000
0.052416 0.195856 17.620000
0.037440 0.195920 17.620000
0.022464 0.195959 17.620000
0.007488 0.195977 17.620000
-0.007488 0.195977 17.620000
-0.022464 0.195959 17.620000
-0.037440 0.195920 17.620000
-0.052416 0.195856 17.620000
-0.067392 0.195759 17.620000
-0.082367 0.195606 17.620000
-0.097341 0.195329 17.620000
-0.112293 0.194498 17.620000
-0.120490 0.181964 17.620000
-0.128217 0.169135 17.620000
-0.135836 0.156243 17.620000
-0.143409 0.143322 17.620000
-0.150952 0.130384 17.620000
-0.158473 0.117434 17.620000
-0.165977 0.104474 17.620000
-0.173465 0.091504 17.620000
-0.180937 0.078525 17.620000
-0.188392 0.065536 17.620000
-0.195825 0.052535 17.620000
-0.203228 0.039517 17.620000
-0.210584 0.026471 17.620000
-0.217831 0.013365 17.620000
-0.224587 0.000000 17.620000
-0.217831 -0.013365 17.620000
-0.210584 -0.026471 17.620000
-0.203228 -0.039517 17.620000
-0.195825 -0.052535 17.620000
-0.188392 -0.065536 17.620000
-0.180937 -0.078525 17.620000
-0.173465 -0.091504 17.620000
-0.165977 -0.104474 17.620000
-0.158473 -0.117434 17.620000
-0.150952 -0.130384 17.620000
-0.143409 -0.143322 17.620000
-0.135836 -0.156243 17.620000
-0.128217 -0.169135 17.620000
-0.120490 -0.181964 17.620000
-0.112293 -0.194498 17.620000
-0.097341 -0.195329 17.620000
-0.082367 -0.195606 17.620000
-0.067392 -0.195759 17.620000
-0.052416 -0.195856 17.620000
-0.037440 -0.195920 17.620000
-0.022464 -0.195959 17.620000
-0.007488 -0.195977 17.620000
0.007488 -0.195977 17.620000
0.022464 -0.195959 17.620000
0.037440 -0.195920 17.620000
0.052416 -0.195856 17.620000
0.067392 -0.195759 17.620000
0.082367 -0.195606 17.620000
0.097341 -0.195329 17.620000
0.112293 -0.194498 17.620000
0.120490 -0.181964 17.620000
0.128217 -0.169135 17.620000
0.135836 -0.156243 17.620000
0.143409 -0.143322 17.620000
0.150952 -0.130384 17.620000
0.158473 -0.117434 17.620000
0.165977 -0.104474 17.620000
0.173465 -0.091504 17.620000
0.180937 -0.078525 17.620000
0.188392 -0.065536 17.620000
0.195825 -0.052535 17.620000
0.203228 -0.039517 17.620000
0.210584 -0.026471 17.620000
0.217831 -0.013365 17.620000
0.224587 0.000000 17.620000

