0.129872 -0.000000 5.990000
0.126003 0.007748 5.990000
0.121828 0.015336 5.990000
0.117585 0.022886 5.990000
0.113311 0.030419 5.990000
0.109017 0.037940 5.990000
0.104710 0.045454 5.990000
0.100390 0.052960 5.990000
0.096060 0.060461 5.990000
0.091719 0.067955 5.990000
0.087366 0.075442 5.990000
0.082999 0.082921 5.990000
0.078612 0.090388 5.990000
0.074196 0.097838 5.990000
0.069712 0.105248 5.990000
0.064936 0.112472 5.990000
0.056291 0.112996 5.990000
0.047632 0.113175 5.990000
0.038972 0.113275 5.990000
0.030312 0.113339 5.990000
0.021651 0.113382 5.990000
0.012991 0.113408 5.990000
0.004330 0.113421 5.990000
-0.004330 0.113421 5.990000
-0.012991 0.113408 5.990000
-0.021651 0.113382 5.990000
-0.030312 0.113339 5.990000
-0.038972 0.113275 5.990000
-0.047632 0.113175 5.990000
-0.056291 0.112996 5.990000
-0.064936 0.112472 5.990000
-0.069712 0.105248 5.990000
-0.074196 0.097838 5.990000
-0.078612 0.090388 5.990000
-0.082999 0.082921 5.990000
-0.087366 0.075442 5.990000
-0.091719 0.067955 5.990000
-0.096060 0.060461 5.990000
-0.100390 0.052960 5.990000
-0.104710 0.045454 5.990000
-0.109017 0.037940 5.990000
-0.113311 0.030419 5.990000
-0.117585 0.022886 5.990000
-0.121828 0.015336 5.990000
-0.126003 0.007748 5.990000
-0.129872 -0.000000 5.990000
-0.126003 -0.007748 5.990000
-0.121828 -0.015336 5.990000
-0.117585 -0.022886 5.990000
-0.113311 -0.030419 5.990000
-0.109017 -0.037940 5.990000
-0.104710 -0.045454 5.990000
-0.100390 -0.052960 5.990000
-0.096060 -0.060461 5.990000
-0.091719 -0.067955 5.990000
-0.087366 -0.075442 5.990000
-0.082999 -0.082921 5.990000
-0.078612 -0.090388 5.990000
-0.074196 -0.097838 5.990000
-0.069712 -0.105248 5.990000
-0.064936 -0.112472 5.990000
-0.056291 -0.112996 5.990000
-0.047632 -0.113175 5.990000
-0.038972 -0.113275 5.990000
-0.030312 -0.113339 5.990000
-0.021651 -0.113382 5.990000
-0.012991 -0.113408 5.990000
-0.004330 -0.113421 5.990000
0.004330 -0.113421 5.990000
0.012991 -0.113408 5.990000
0.021651 -0.113382 5.990000
0.030312 -0.113339 5.990000
0.038972 -0.113275 5.990000
0.047632 -0.113175 5.990000
0.056291 -0.112996 5.990000
0.064936 -0.112472 5.990000
0.069712 -0.105248 5.990000
0.074196 -0.097838 5.990000
0.078612 -0.090388 5.990000
0.082999 -0.082921 5.990000
0.087366 -0.075442 5.990000
0.091719 -0.067955 5.990000
0.096060 -0.060461 5.990000
0.100390 -0.052960 5.990000
0.104710 -0.045454 5.990000
0.109017 -0.037940 5.990000
0.113311 -0.030419 5.990000
0.117585 -0.022886 5.990000
0.121828 -0.015336 5.990000
0.126003 -0.007748 5.990000
0.129872 -0.000000 5.990000

