0.158840 -0.000000 9.110000
0.154094 0.009469 9.110000
0.148982 0.018746 9.110000
0.143788 0.027978 9.110000
0.138558 0.037189 9.110000
0.133305 0.046387 9.110000
0.128036 0.055575 9.110000
0.122752 0.064756 9.110000
0.117456 0.073929 9.110000
0.112147 0.083095 9.110000
0.106825 0.092252 9.110000
0.101485 0.101400 9.110000
0.096123 0.110535 9.110000
0.090725 0.119649 9.110000
0.085247 0.128714 9.110000
0.079420 0.137560 9.110000
0.068846 0.138184 9.110000
0.058256 0.138395 9.110000
0.047665 0.138513 9.110000
0.037073 0.138589 9.110000
0.026481 0.138639 9.110000
0.015888 0.138670 9.110000
0.005296 0.138685 9.110000
-0.005296 0.138685 9.110000
-0.015888 0.138670 9.110000
-0.026481 0.138639 9.110000
-0.037073 0.138589 9.110000
-0.047665 0.138513 9.110000
-0.058256 0.138395 9.110000
-0.068846 0.138184 9.110000
-0.079420 0.137560 9.110000
-0.085247 0.128714 9.110000
-0.090725 0.119649 9.110000
-0.096123 0.110535 9.110000
-0.101485 0.101400 9.110000
-0.106825 0.092252 9.110000
-0.112147 0.083095 9.110000
-0.117456 0.073929 9.110000
-0.122752 0.064756 9.110000
-0.128036 0.055575 9.110000
-0.133305 0.046387 9.110000
-0.138558 0.037189 9.110000
-0.143788 0.027978 9.110000
-0.148982 0.018746 9.110000
-0.154094 0.009469 9.110000
-0.158840 -0.000000 9.110000
-0.154094 -0.009469 9.110000
-0.148982 -0.018746 9.110000
-0.143788 -0.027978 9.110000
-0.138558 -0.037189 9.110000
-0.133305 -0.046387 9.110000
-0.128036 -0.055575 9.110000
-0.122752 -0.064756 9.110000
-0.117456 -0.073929 9.110000
-0.112147 -0.083095 9.110000
-0.106825 -0.092252 9.110000
-0.101485 -0.101400 9.110000
-0.096123 -0.110535 9.110000
-0.090725 -0.119649 9.110000
-0.085247 -0.128714 9.110000
-0.079420 -0.137560 9.110000
-0.068846 -0.138184 9.110000
-0.058256 -0.138395 9.110000
-0.047665 -0.138513 9.110000
-0.037073 -0.138589 9.110000
-0.026481 -0.138639 9.110000
-0.015888 -0.138670 9.110000
-0.005296 -0.138685 9.110000
0.005296 -0.138685 9.110000
0.015888 -0.138670 9.110000
0.026481 -0.138639 9.110000
0.037073 -0.138589 9.110000
0.047665 -0.138513 9.110000
0.058256 -0.138395 9.110000
0.068846 -0.138184 9.110000
0.079420 -0.137560 9.110000
0.085247 -0.128714 9.110000
0.090725 -0.119649 9.110000
0.096123 -0.110535 9.110000
0.101485 -0.101400 9.110000
0.106825 -0.092252 9.110000
0.112147 -0.083095 9.110000
0.117456 -0.073929 9.110000
0.122752 -0.064756 9.110000
0.128036 -0.055575 9.110000
0.133305 -0.046387 9.110000
0.138558 -0.037189 9.110000
0.143788 -0.027978 9.110000
0.148982 -0.018746 9.110000
0.154094 -0.009469 9.110000
0.158840 -0.000000 9.110000

