0.348634 0.000000 38.250000
0.338031 0.020688 38.250000
0.326731 0.041003 38.250000
0.315278 0.061233 38.250000
0.303759 0.081425 38.250000
0.292201 0.101595 38.250000
0.280616 0.121749 38.250000
0.269010 0.141892 38.250000
0.257387 0.162024 38.250000
0.245746 0.182146 38.250000
0.234084 0.202256 38.250000
0.222396 0.222351 38.250000
0.210669 0.242422 38.250000
0.198875 0.262455 38.250000
0.186932 0.282400 38.250000
0.174317 0.301926 38.250000
0.151099 0.303088 38.250000
0.127855 0.303459 38.250000
0.104610 0.303656 38.250000
0.081363 0.303776 38.250000
0.058117 0.303851 38.250000
0.034870 0.303895 38.250000
0.011623 0.303916 38.250000
-0.011623 0.303916 38.250000
-0.034870 0.303895 38.250000
-0.058117 0.303851 38.250000
-0.081363 0.303776 38.250000
-0.104610 0.303656 38.250000
-0.127855 0.303459 38.250000
-0.151099 0.303088 38.250000
-0.174317 0.301926 38.250000
-0.186932 0.282400 38.250000
-0.198875 0.262455 38.250000
-0.210669 0.242422 38.250000
-0.222396 0.222351 38.250000
-0.234084 0.202256 38.250000
-0.245746 0.182146 38.250000
-0.257387 0.162024 38.250000
-0.269010 0.141892 38.250000
-0.280616 0.121749 38.250000
-0.292201 0.101595 38.250000
-0.303759 0.081425 38.250000
-0.315278 0.061233 38.250000
-0.326731 0.041003 38.250000
-0.338031 0.020688 38.250000
-0.348634 0.000000 38.250000
-0.338031 -0.020688 38.250000
-0.326731 -0.041003 38.250000
-0.315278 -0.061233 38.250000
-0.303759 -0.081425 38.250000
-0.292201 -0.101595 38.250000
-0.280616 -0.121749 38.250000
-0.269010 -0.141892 38.250000
-0.257387 -0.162024 38.250000
-0.245746 -0.182146 38.250000
-0.234084 -0.202256 38.250000
-0.222396 -0.222351 38.250000
-0.210669 -0.242422 38.250000
-0.198875 -0.262455 38.250000
-0.186932 -0.282400 38.250000
-0.174317 -0.301926 38.250000
-0.151099 -0.303088 38.250000
-0.127855 -0.303459 38.250000
-0.104610 -0.303656 38.250000
-0.081363 -0.303776 38.250000
-0.058117 -0.303851 38.250000
-0.034870 -0.303895 38.250000
-0.011623 -0.303916 38.250000
0.011623 -0.303916 38.250000
0.034870 -0.303895 38.250000
0.058117 -0.303851 38.250000
0.081363 -0.303776 38.250000
0.104610 -0.303656 38.250000
0.127855 -0.303459 38.250000
0.151099 -0.303088 38.250000
0.174317 -0.301926 38.250000
0.186932 -0.282400 38.250000
0.198875 -0.262455 38.250000
0.210669 -0.242422 38.250000
0.222396 -0.222351 38.250000
0.234084 -0.202256 38.250000
0.245746 -0.182146 38.250000
0.257387 -0.162024 38.250000
0.269010 -0.141892 38.250000
0.280616 -0.121749 38.250000
0.292201 -0.101595 38.250000
0.303759 -0.081425 38.250000
0.315278 -0.061233 38.250000
0.326731 -0.041003 38.250000
0.338031 -0.020688 38.250000
0.348634 0.000000 38.250000

