0.170004 0.000000 10.420000
0.164918 0.010132 10.420000
0.159444 0.020059 10.420000
0.153884 0.029939 10.420000
0.148285 0.039796 10.420000
0.142663 0.049640 10.420000
0.137022 0.059474 10.420000
0.131368 0.069300 10.420000
0.125699 0.079118 10.420000
0.120017 0.088928 10.420000
0.114321 0.098729 10.420000
0.108607 0.108521 10.420000
0.102870 0.118298 10.420000
0.097094 0.128053 10.420000
0.091233 0.137757 10.420000
0.085002 0.147228 10.420000
0.073685 0.147889 10.420000
0.062350 0.148112 10.420000
0.051014 0.148237 10.420000
0.039678 0.148317 10.420000
0.028342 0.148370 10.420000
0.017005 0.148402 10.420000
0.005668 0.148418 10.420000
-0.005668 0.148418 10.420000
-0.017005 0.148402 10.420000
-0.028342 0.148370 10.420000
-0.039678 0.148317 10.420000
-0.051014 0.148237 10.420000
-0.062350 0.148112 10.420000
-0.073685 0.147889 10.420000
-0.085002 0.147228 10.420000
-0.091233 0.137757 10.420000
-0.097094 0.128053 10.420000
-0.102870 0.118298 10.420000
-0.108607 0.108521 10.420000
-0.114321 0.098729 10.420000
-0.120017 0.088928 10.420000
-0.125699 0.079118 10.420000
-0.131368 0.069300 10.420000
-0.137022 0.059474 10.420000
-0.142663 0.049640 10.420000
-0.148285 0.039796 10.420000
-0.153884 0.029939 10.420000
-0.159444 0.020059 10.420000
-0.164918 0.010132 10.420000
-0.170004 -0.000000 10.420000
-0.164918 -0.010132 10.420000
-0.159444 -0.020059 10.420000
-0.153884 -0.029939 10.420000
-0.148285 -0.039796 10.420000
-0.142663 -0.049640 10.420000
-0.137022 -0.059474 10.420000
-0.131368 -0.069300 10.420000
-0.125699 -0.079118 10.420000
-0.120017 -0.088928 10.420000
-0.114321 -0.098729 10.420000
-0.108607 -0.108521 10.420000
-0.102870 -0.118298 10.420000
-0.097094 -0.128053 10.420000
-0.091233 -0.137757 10.420000
-0.085002 -0.147228 10.420000
-0.073685 -0.147889 10.420000
-0.062350 -0.148112 10.420000
-0.051014 -0.148237 10.420000
-0.039678 -0.148317 10.420000
-0.028342 -0.148370 10.420000
-0.017005 -0.148402 10.420000
-0.005668 -0.148418 10.420000
0.005668 -0.148418 10.420000
0.017005 -0.148402 10.420000
0.028342 -0.148370 10.420000
0.039678 -0.148317 10.420000
0.051014 -0.148237 10.420000
0.062350 -0.148112 10.420000
0.073685 -0.147889 10.420000
0.085002 -0.147228 10.420000
0.091233 -0.137757 10.420000
0.097094 -0.128053 10.420000
0.102870 -0.118298 10.420000
0.108607 -0.108521 10.420000
0.114321 -0.098729 10.420000
0.120017 -0.088928 10.420000
0.125699 -0.079118 10.420000
0.131368 -0.069300 10.420000
0.137022 -0.059474 10.420000
0.142663 -0.049640 10.420000
0.148285 -0.039796 10.420000
0.153884 -0.029939 10.420000
0.159444 -0.020059 10.420000
0.164918 -0.010132 10.420000
0.170004 0.000000 10.420000

