0.095505 -0.000000 2.850000
0.092671 0.005704 2.850000
0.089605 0.011286 2.850000
0.086487 0.016840 2.850000
0.083346 0.022380 2.850000
0.080190 0.027912 2.850000
0.077023 0.033438 2.850000
0.073847 0.038958 2.850000
0.070662 0.044474 2.850000
0.067469 0.049985 2.850000
0.064267 0.055490 2.850000
0.061055 0.060990 2.850000
0.057827 0.066480 2.850000
0.054577 0.071957 2.850000
0.051275 0.077404 2.850000
0.047753 0.082710 2.850000
0.041396 0.083107 2.850000
0.035029 0.083244 2.850000
0.028660 0.083320 2.850000
0.022291 0.083370 2.850000
0.015922 0.083402 2.850000
0.009553 0.083423 2.850000
0.003184 0.083432 2.850000
-0.003184 0.083432 2.850000
-0.009553 0.083423 2.850000
-0.015922 0.083402 2.850000
-0.022291 0.083370 2.850000
-0.028660 0.083320 2.850000
-0.035029 0.083244 2.850000
-0.041396 0.083107 2.850000
-0.047753 0.082710 2.850000
-0.051275 0.077404 2.850000
-0.054577 0.071957 2.850000
-0.057827 0.066480 2.850000
-0.061055 0.060990 2.850000
-0.064267 0.055490 2.850000
-0.067469 0.049985 2.850000
-0.070662 0.044474 2.850000
-0.073847 0.038958 2.850000
-0.077023 0.033438 2.850000
-0.080190 0.027912 2.850000
-0.083346 0.022380 2.850000
-0.086487 0.016840 2.850000
-0.089605 0.011286 2.850000
-0.092671 0.005704 2.850000
-0.095505 -0.000000 2.850000
-0.092671 -0.005704 2.850000
-0.089605 -0.011286 2.850000
-0.086487 -0.016840 2.850000
-0.083346 -0.022380 2.850000
-0.080190 -0.027912 2.850000
-0.077023 -0.033438 2.850000
-0.073847 -0.038958 2.850000
-0.070662 -0.044474 2.850000
-0.067469 -0.049985 2.850000
-0.064267 -0.055490 2.850000
-0.061055 -0.060990 2.850000
-0.057827 -0.066480 2.850000
-0.054577 -0.071957 2.850000
-0.051275 -0.077404 2.850000
-0.047753 -0.082710 2.850000
-0.041396 -0.083107 2.850000
-0.035029 -0.083244 2.850000
-0.028660 -0.083320 2.850000
-0.022291 -0.083370 2.850000
-0.015922 -0.083402 2.850000
-0.009553 -0.083423 2.850000
-0.003184 -0.083432 2.850000
0.003184 -0.083432 2.850000
0.009553 -0.083423 2.850000
0.015922 -0.083402 2.850000
0.022291 -0.083370 2.850000
0.028660 -0.083320 2.850000
0.035029 -0.083244 2.850000
0.041396 -0.083107 2.850000
0.047753 -0.082710 2.850000
0.051275 -0.077404 2.850000
0.054577 -0.071957 2.850000
0.057827 -0.066480 2.850000
0.061055 -0.060990 2.850000
0.064267 -0.055490 2.850000
0.067469 -0.049985 2.850000
0.070662 -0.044474 2.850000
0.073847 -0.038958 2.850000
0.077023 -0.033438 2.850000
0.080190 -0.027912 2.850000
0.083346 -0.022380 2.850000
0.086487 -0.016840 2.850000
0.089605 -0.011286 2.850000
0.092671 -0.005704 2.850000
0.095505 -0.000000 2.850000

