0.386575 0.000000 45.580000
0.374785 0.022922 45.580000
0.362239 0.045439 45.580000
0.349529 0.067864 45.580000
0.336747 0.090247 45.580000
0.323923 0.112608 45.580000
0.311072 0.134952 45.580000
0.298201 0.157285 45.580000
0.285313 0.179608 45.580000
0.272408 0.201921 45.580000
0.259483 0.224222 45.580000
0.246530 0.246508 45.580000
0.233536 0.268769 45.580000
0.220470 0.290988 45.580000
0.207243 0.313112 45.580000
0.193287 0.334784 45.580000
0.167542 0.336034 45.580000
0.141768 0.336427 45.580000
0.115993 0.336632 45.580000
0.090217 0.336755 45.580000
0.064441 0.336830 45.580000
0.038664 0.336873 45.580000
0.012888 0.336892 45.580000
-0.012888 0.336892 45.580000
-0.038664 0.336873 45.580000
-0.064441 0.336830 45.580000
-0.090217 0.336755 45.580000
-0.115993 0.336632 45.580000
-0.141768 0.336427 45.580000
-0.167542 0.336034 45.580000
-0.193287 0.334784 45.580000
-0.207243 0.313112 45.580000
-0.220470 0.290988 45.580000
-0.233536 0.268769 45.580000
-0.246530 0.246508 45.580000
-0.259483 0.224222 45.580000
-0.272408 0.201921 45.580000
-0.285313 0.179608 45.580000
-0.298201 0.157285 45.580000
-0.311072 0.134952 45.580000
-0.323923 0.112608 45.580000
-0.336747 0.090247 45.580000
-0.349529 0.067864 45.580000
-0.362239 0.045439 45.580000
-0.374785 0.022922 45.580000
-0.386575 0.000000 45.580000
-0.374785 -0.022922 45.580000
-0.362239 -0.045439 45.580000
-0.349529 -0.067864 45.580000
-0.336747 -0.090247 45.580000
-0.323923 -0.112608 45.580000
-0.311072 -0.134952 45.580000
-0.298201 -0.157285 45.580000
-0.285313 -0.179608 45.580000
-0.272408 -0.201921 45.580000
-0.259483 -0.224222 45.580000
-0.246530 -0.246508 45.580000
-0.233536 -0.268769 45.580000
-0.220470 -0.290988 45.580000
-0.207243 -0.313112 45.580000
-0.193287 -0.334784 45.580000
-0.167542 -0.336034 45.580000
-0.141768 -0.336427 45.580000
-0.115993 -0.336632 45.580000
-0.090217 -0.336755 45.580000
-0.064441 -0.336830 45.580000
-0.038664 -0.336873 45.580000
-0.012888 -0.336892 45.580000
0.012888 -0.336892 45.580000
0.038664 -0.336873 45.580000
0.064441 -0.336830 45.580000
0.090217 -0.336755 45.580000
0.115993 -0.336632 45.580000
0.141768 -0.336427 45.580000
0.167542 -0.336034 45.580000
0.193287 -0.334784 45.580000
0.207243 -0.313112 45.580000
0.220470 -0.290988 45.580000
0.233536 -0.268769 45.580000
0.246530 -0.246508 45.580000
0.259483 -0.224222 45.580000
0.272408 -0.201921 45.580000
0.285313 -0.179608 45.580000
0.298201 -0.157285 45.580000
0.311072 -0.134952 45.580000
0.323923 -0.112608 45.580000
0.336747 -0.090247 45.580000
0.349529 -0.067864 45.580000
0.362239 -0.045439 45.580000
0.374785 -0.022922 45.580000
0.386575 0.000000 45.580000

