0.232383 0.000000 18.750000
0.225387 0.013827 18.750000
0.217886 0.027386 18.750000
0.210274 0.040883 18.750000
0.202612 0.054353 18.750000
0.194921 0.067805 18.750000
0.187207 0.081244 18.750000
0.179475 0.094674 18.750000
0.171727 0.108093 18.750000
0.163963 0.121504 18.750000
0.156181 0.134904 18.750000
0.148377 0.148291 18.750000
0.140543 0.161661 18.750000
0.132660 0.175002 18.750000
0.124668 0.188278 18.750000
0.116192 0.201250 18.750000
0.100719 0.202104 18.750000
0.085226 0.202388 18.750000
0.069731 0.202544 18.750000
0.054235 0.202644 18.750000
0.038740 0.202709 18.750000
0.023244 0.202748 18.750000
0.007748 0.202767 18.750000
-0.007748 0.202767 18.750000
-0.023244 0.202748 18.750000
-0.038740 0.202709 18.750000
-0.054235 0.202644 18.750000
-0.069731 0.202544 18.750000
-0.085226 0.202388 18.750000
-0.100719 0.202104 18.750000
-0.116192 0.201250 18.750000
-0.124668 0.188278 18.750000
-0.132660 0.175002 18.750000
-0.140543 0.161661 18.750000
-0.148377 0.148291 18.750000
-0.156181 0.134904 18.750000
-0.163963 0.121504 18.750000
-0.171727 0.108093 18.750000
-0.179475 0.094674 18.750000
-0.187207 0.081244 18.750000
-0.194921 0.067805 18.750000
-0.202612 0.054353 18.750000
-0.210274 0.040883 18.750000
-0.217886 0.027386 18.750000
-0.225387 0.013827 18.750000
-0.232383 0.000000 18.750000
-0.225387 -0.013827 18.750000
-0.217886 -0.027386 18.750000
-0.210274 -0.040883 18.750000
-0.202612 -0.054353 18.750000
-0.194921 -0.067805 18.750000
-0.187207 -0.081244 18.750000
-0.179475 -0.094674 18.750000
-0.171727 -0.108093 18.750000
-0.163963 -0.121504 18.750000
-0.156181 -0.134904 18.750000
-0.148377 -0.148291 18.750000
-0.140543 -0.161661 18.750000
-0.132660 -0.175002 18.750000
-0.124668 -0.188278 18.750000
-0.116192 -0.201250 18.750000
-0.100719 -0.202104 18.750000
-0.085226 -0.202388 18.750000
-0.069731 -0.202544 18.750000
-0.054235 -0.202644 18.750000
-0.038740 -0.202709 18.750000
-0.023244 -0.202748 18.750000
-0.007748 -0.202767 18.750000
0.007748 -0.202767 18.750000
0.023244 -0.202748 18.750000
0.038740 -0.202709 18.750000
0.054235 -0.202644 18.750000
0.069731 -0.202544 18.750000
0.085226 -0.202388 18.750000
0.100719 -0.202104 18.750000
0.116192 -0.201250 18.750000
0.124668 -0.188278 18.750000
0.132660 -0.175002 18.750000
0.140543 -0.161661 18.750000
0.148377 -0.148291 18.750000
0.156181 -0.134904 18.750000
0.163963 -0.121504 18.750000
0.171727 -0.108093 18.750000
0.179475 -0.094674 18.750000
0.187207 -0.081244 18.750000
0.194921 -0.067805 18.750000
0.202612 -0.054353 18.750000
0.210274 -0.040883 18.750000
0.217886 -0.027386 18.750000
0.225387 -0.013827 18.750000
0.232383 0.000000 18.750000

