0.367963 0.000000 41.930000
0.356756 0.021826 41.930000
0.344821 0.043263 41.930000
0.332729 0.064612 41.930000
0.320567 0.085921 41.930000
0.308364 0.107206 41.930000
0.296134 0.128477 41.930000
0.283884 0.149735 41.930000
0.271616 0.170983 41.930000
0.259331 0.192221 41.930000
0.247025 0.213448 41.930000
0.234693 0.234658 41.930000
0.222320 0.255846 41.930000
0.209878 0.276992 41.930000
0.197280 0.298047 41.930000
0.183982 0.318666 41.930000
0.159476 0.319873 41.930000
0.134944 0.320256 41.930000
0.110409 0.320457 41.930000
0.085874 0.320579 41.930000
0.061338 0.320654 41.930000
0.036803 0.320698 41.930000
0.012268 0.320718 41.930000
-0.012268 0.320718 41.930000
-0.036803 0.320698 41.930000
-0.061338 0.320654 41.930000
-0.085874 0.320579 41.930000
-0.110409 0.320457 41.930000
-0.134944 0.320256 41.930000
-0.159476 0.319873 41.930000
-0.183982 0.318666 41.930000
-0.197280 0.298047 41.930000
-0.209878 0.276992 41.930000
-0.222320 0.255846 41.930000
-0.234693 0.234658 41.930000
-0.247025 0.213448 41.930000
-0.259331 0.192221 41.930000
-0.271616 0.170983 41.930000
-0.283884 0.149735 41.930000
-0.296134 0.128477 41.930000
-0.308364 0.107206 41.930000
-0.320567 0.085921 41.930000
-0.332729 0.064612 41.930000
-0.344821 0.043263 41.930000
-0.356756 0.021826 41.930000
-0.367963 0.000000 41.930000
-0.356756 -0.021826 41.930000
-0.344821 -0.043263 41.930000
-0.332729 -0.064612 41.930000
-0.320567 -0.085921 41.930000
-0.308364 -0.107206 41.930000
-0.296134 -0.128477 41.930000
-0.283884 -0.149735 41.930000
-0.271616 -0.170983 41.930000
-0.259331 -0.192221 41.930000
-0.247025 -0.213448 41.930000
-0.234693 -0.234658 41.930000
-0.222320 -0.255846 41.930000
-0.209878 -0.276992 41.930000
-0.197280 -0.298047 41.930000
-0.183982 -0.318666 41.930000
-0.159476 -0.319873 41.930000
-0.134944 -0.320256 41.930000
-0.110409 -0.320457 41.930000
-0.085874 -0.320579 41.930000
-0.061338 -0.320654 41.930000
-0.036803 -0.320698 41.930000
-0.012268 -0.320718 41.930000
0.012268 -0.320718 41.930000
0.036803 -0.320698 41.930000
0.061338 -0.320654 41.930000
0.085874 -0.320579 41.930000
0.110409 -0.320457 41.930000
0.134944 -0.320256 41.930000
0.159476 -0.319873 41.930000
0.183982 -0.318666 41.930000
0.197280 -0.298047 41.930000
0.209878 -0.276992 41.930000
0.222320 -0.255846 41.930000
0.234693 -0.234658 41.930000
0.247025 -0.213448 41.930000
0.259331 -0.192221 41.930000
0.271616 -0.170983 41.930000
0.283884 -0.149735 41.930000
0.296134 -0.128477 41.930000
0.308364 -0.107206 41.930000
0.320567 -0.085921 41.930000
0.332729 -0.064612 41.930000
0.344821 -0.043263 41.930000
0.356756 -0.021826 41.930000
0.367963 0.000000 41.930000

