0.394971 0.000000 47.260000
0.382918 0.023416 47.260000
0.370096 0.046420 47.260000
0.357107 0.069330 47.260000
0.344046 0.092199 47.260000
0.330942 0.115044 47.260000
0.317811 0.137873 47.260000
0.304659 0.160690 47.260000
0.291491 0.183498 47.260000
0.278307 0.206296 47.260000
0.265102 0.229082 47.260000
0.251870 0.251853 47.260000
0.238595 0.274599 47.260000
0.225249 0.297302 47.260000
0.211738 0.319909 47.260000
0.197486 0.342055 47.260000
0.171180 0.343324 47.260000
0.144847 0.343722 47.260000
0.118512 0.343929 47.260000
0.092176 0.344052 47.260000
0.065840 0.344126 47.260000
0.039504 0.344169 47.260000
0.013168 0.344188 47.260000
-0.013168 0.344188 47.260000
-0.039504 0.344169 47.260000
-0.065840 0.344126 47.260000
-0.092176 0.344052 47.260000
-0.118512 0.343929 47.260000
-0.144847 0.343722 47.260000
-0.171180 0.343324 47.260000
-0.197486 0.342055 47.260000
-0.211738 0.319909 47.260000
-0.225249 0.297302 47.260000
-0.238595 0.274599 47.260000
-0.251870 0.251853 47.260000
-0.265102 0.229082 47.260000
-0.278307 0.206296 47.260000
-0.291491 0.183498 47.260000
-0.304659 0.160690 47.260000
-0.317811 0.137873 47.260000
-0.330942 0.115044 47.260000
-0.344046 0.092199 47.260000
-0.357107 0.069330 47.260000
-0.370096 0.046420 47.260000
-0.382918 0.023416 47.260000
-0.394971 0.000000 47.260000
-0.382918 -0.023416 47.260000
-0.370096 -0.046420 47.260000
-0.357107 -0.069330 47.260000
-0.344046 -0.092199 47.260000
-0.330942 -0.115044 47.260000
-0.317811 -0.137873 47.260000
-0.304659 -0.160690 47.260000
-0.291491 -0.183498 47.260000
-0.278307 -0.206296 47.260000
-0.265102 -0.229082 47.260000
-0.251870 -0.251853 47.260000
-0.238595 -0.274599 47.260000
-0.225249 -0.297302 47.260000
-0.211738 -0.319909 47.260000
-0.197486 -0.342055 47.260000
-0.171180 -0.343324 47.260000
-0.144847 -0.343722 47.260000
-0.118512 -0.343929 47.260000
-0.092176 -0.344052 47.260000
-0.065840 -0.344126 47.260000
-0.039504 -0.344169 47.260000
-0.013168 -0.344188 47.260000
0.013168 -0.344188 47.260000
0.039504 -0.344169 47.260000
0.065840 -0.344126 47.260000
0.092176 -0.344052 47.260000
0.118512 -0.343929 47.260000
0.144847 -0.343722 47.260000
0.171180 -0.343324 47.260000
0.197486 -0.342055 47.260000
0.211738 -0.319909 47.260000
0.225249 -0.297302 47.260000
0.238595 -0.274599 47.260000
0.251870 -0.251853 47.260000
0.265102 -0.229082 47.260000
0.278307 -0.206296 47.260000
0.291491 -0.183498 47.260000
0.304659 -0.160690 47.260000
0.317811 -0.137873 47.260000
0.330942 -0.115044 47.260000
0.344046 -0.092199 47.260000
0.357107 -0.069330 47.260000
0.370096 -0.046420 47.260000
0.382918 -0.023416 47.260000
0.394971 0.000000 47.260000

