0.281036 0.000000 26.330000
0.272537 0.016702 26.330000
0.263449 0.033091 26.330000
0.254232 0.049407 26.330000
0.244958 0.065691 26.330000
0.235650 0.081956 26.330000
0.226318 0.098206 26.330000
0.216965 0.114446 26.330000
0.207595 0.130675 26.330000
0.198208 0.146894 26.330000
0.188801 0.163101 26.330000
0.179369 0.179295 26.330000
0.169904 0.195468 26.330000
0.160382 0.211608 26.330000
0.150733 0.227673 26.330000
0.140518 0.243384 26.330000
0.121804 0.244375 26.330000
0.103067 0.244699 26.330000
0.084328 0.244875 26.330000
0.065589 0.244986 26.330000
0.046849 0.245057 26.330000
0.028110 0.245100 26.330000
0.009370 0.245120 26.330000
-0.009370 0.245120 26.330000
-0.028110 0.245100 26.330000
-0.046849 0.245057 26.330000
-0.065589 0.244986 26.330000
-0.084328 0.244875 26.330000
-0.103067 0.244699 26.330000
-0.121804 0.244375 26.330000
-0.140518 0.243384 26.330000
-0.150733 0.227673 26.330000
-0.160382 0.211608 26.330000
-0.169904 0.195468 26.330000
-0.179369 0.179295 26.330000
-0.188801 0.163101 26.330000
-0.198208 0.146894 26.330000
-0.207595 0.130675 26.330000
-0.216965 0.114446 26.330000
-0.226318 0.098206 26.330000
-0.235650 0.081956 26.330000
-0.244958 0.065691 26.330000
-0.254232 0.049407 26.330000
-0.263449 0.033091 26.330000
-0.272537 0.016702 26.330000
-0.281036 0.000000 26.330000
-0.272537 -0.016702 26.330000
-0.263449 -0.033091 26.330000
-0.254232 -0.049407 26.330000
-0.244958 -0.065691 26.330000
-0.235650 -0.081956 26.330000
-0.226318 -0.098206 26.330000
-0.216965 -0.114446 26.330000
-0.207595 -0.130675 26.330000
-0.198208 -0.146894 26.330000
-0.188801 -0.163101 26.330000
-0.179369 -0.179295 26.330000
-0.169904 -0.195468 26.330000
-0.160382 -0.211608 26.330000
-0.150733 -0.227673 26.330000
-0.140518 -0.243384 26.330000
-0.121804 -0.244375 26.330000
-0.103067 -0.244699 26.330000
-0.084328 -0.244875 26.330000
-0.065589 -0.244986 26.330000
-0.046849 -0.245057 26.330000
-0.028110 -0.245100 26.330000
-0.009370 -0.245120 26.330000
0.009370 -0.245120 26.330000
0.028110 -0.245100 26.330000
0.046849 -0.245057 26.330000
0.065589 -0.244986 26.330000
0.084328 -0.244875 26.330000
0.103067 -0.244699 26.330000
0.121804 -0.244375 26.330000
0.140518 -0.243384 26.330000
0.150733 -0.227673 26.330000
0.160382 -0.211608 26.330000
0.169904 -0.195468 26.330000
0.179369 -0.179295 26.330000
0.188801 -0.163101 26.330000
0.198208 -0.146894 26.330000
0.207595 -0.130675 26.330000
0.216965 -0.114446 26.330000
0.226318 -0.098206 26.330000
0.235650 -0.081956 26.330000
0.244958 -0.065691 26.330000
0.254232 -0.049407 26.330000
0.263449 -0.033091 26.330000
0.272537 -0.016702 26.330000
0.281036 0.000000 26.330000

