0.373166 0.000000 42.940000
0.361796 0.022133 42.940000
0.349691 0.043872 42.940000
0.337425 0.065521 42.940000
0.325090 0.087130 42.940000
0.312714 0.108717 42.940000
0.300311 0.130287 42.940000
0.287887 0.151846 42.940000
0.275446 0.173394 42.940000
0.262987 0.194933 42.940000
0.250508 0.216460 42.940000
0.238002 0.237971 42.940000
0.225455 0.259459 42.940000
0.212839 0.280905 42.940000
0.200066 0.302258 42.940000
0.186583 0.323171 42.940000
0.161731 0.324391 42.940000
0.136851 0.324777 42.940000
0.111970 0.324979 42.940000
0.087088 0.325101 42.940000
0.062206 0.325177 42.940000
0.037323 0.325220 42.940000
0.012441 0.325240 42.940000
-0.012441 0.325240 42.940000
-0.037323 0.325220 42.940000
-0.062206 0.325177 42.940000
-0.087088 0.325101 42.940000
-0.111970 0.324979 42.940000
-0.136851 0.324777 42.940000
-0.161731 0.324391 42.940000
-0.186583 0.323171 42.940000
-0.200066 0.302258 42.940000
-0.212839 0.280905 42.940000
-0.225455 0.259459 42.940000
-0.238002 0.237971 42.940000
-0.250508 0.216460 42.940000
-0.262987 0.194933 42.940000
-0.275446 0.173394 42.940000
-0.287887 0.151846 42.940000
-0.300311 0.130287 42.940000
-0.312714 0.108717 42.940000
-0.325090 0.087130 42.940000
-0.337425 0.065521 42.940000
-0.349691 0.043872 42.940000
-0.361796 0.022133 42.940000
-0.373166 0.000000 42.940000
-0.361796 -0.022133 42.940000
-0.349691 -0.043872 42.940000
-0.337425 -0.065521 42.940000
-0.325090 -0.087130 42.940000
-0.312714 -0.108717 42.940000
-0.300311 -0.130287 42.940000
-0.287887 -0.151846 42.940000
-0.275446 -0.173394 42.940000
-0.262987 -0.194933 42.940000
-0.250508 -0.216460 42.940000
-0.238002 -0.237971 42.940000
-0.225455 -0.259459 42.940000
-0.212839 -0.280905 42.940000
-0.200066 -0.302258 42.940000
-0.186583 -0.323171 42.940000
-0.161731 -0.324391 42.940000
-0.136851 -0.324777 42.940000
-0.111970 -0.324979 42.940000
-0.087088 -0.325101 42.940000
-0.062206 -0.325177 42.940000
-0.037323 -0.325220 42.940000
-0.012441 -0.325240 42.940000
0.012441 -0.325240 42.940000
0.037323 -0.325220 42.940000
0.062206 -0.325177 42.940000
0.087088 -0.325101 42.940000
0.111970 -0.324979 42.940000
0.136851 -0.324777 42.940000
0.161731 -0.324391 42.940000
0.186583 -0.323171 42.940000
0.200066 -0.302258 42.940000
0.212839 -0.280905 42.940000
0.225455 -0.259459 42.940000
0.238002 -0.237971 42.940000
0.250508 -0.216460 42.940000
0.262987 -0.194933 42.940000
0.275446 -0.173394 42.940000
0.287887 -0.151846 42.940000
0.300311 -0.130287 42.940000
0.312714 -0.108717 42.940000
0.325090 -0.087130 42.940000
0.337425 -0.065521 42.940000
0.349691 -0.043872 42.940000
0.361796 -0.022133 42.940000
0.373166 0.000000 42.940000

