0.160318 -0.000000 9.280000
0.155526 0.009557 9.280000
0.150366 0.018920 9.280000
0.145124 0.028237 9.280000
0.139845 0.037534 9.280000
0.134543 0.046817 9.280000
0.129225 0.056091 9.280000
0.123893 0.065357 9.280000
0.118547 0.074616 9.280000
0.113189 0.083867 9.280000
0.107817 0.093109 9.280000
0.102428 0.102343 9.280000
0.097016 0.111563 9.280000
0.091568 0.120761 9.280000
0.086039 0.129911 9.280000
0.080159 0.138839 9.280000
0.069487 0.139468 9.280000
0.058798 0.139681 9.280000
0.048108 0.139800 9.280000
0.037417 0.139876 9.280000
0.026727 0.139927 9.280000
0.016036 0.139958 9.280000
0.005345 0.139973 9.280000
-0.005345 0.139973 9.280000
-0.016036 0.139958 9.280000
-0.026727 0.139927 9.280000
-0.037417 0.139876 9.280000
-0.048108 0.139800 9.280000
-0.058798 0.139681 9.280000
-0.069487 0.139468 9.280000
-0.080159 0.138839 9.280000
-0.086039 0.129911 9.280000
-0.091568 0.120761 9.280000
-0.097016 0.111563 9.280000
-0.102428 0.102343 9.280000
-0.107817 0.093109 9.280000
-0.113189 0.083867 9.280000
-0.118547 0.074616 9.280000
-0.123893 0.065357 9.280000
-0.129225 0.056091 9.280000
-0.134543 0.046817 9.280000
-0.139845 0.037534 9.280000
-0.145124 0.028237 9.280000
-0.150366 0.018920 9.280000
-0.155526 0.009557 9.280000
-0.160318 -0.000000 9.280000
-0.155526 -0.009557 9.280000
-0.150366 -0.018920 9.280000
-0.145124 -0.028237 9.280000
-0.139845 -0.037534 9.280000
-0.134543 -0.046817 9.280000
-0.129225 -0.056091 9.280000
-0.123893 -0.065357 9.280000
-0.118547 -0.074616 9.280000
-0.113189 -0.083867 9.280000
-0.107817 -0.093109 9.280000
-0.102428 -0.102343 9.280000
-0.097016 -0.111563 9.280000
-0.091568 -0.120761 9.280000
-0.086039 -0.129911 9.280000
-0.080159 -0.138839 9.280000
-0.069487 -0.139468 9.280000
-0.058798 -0.139681 9.280000
-0.048108 -0.139800 9.280000
-0.037417 -0.139876 9.280000
-0.026727 -0.139927 9.280000
-0.016036 -0.139958 9.280000
-0.005345 -0.139973 9.280000
0.005345 -0.139973 9.280000
0.016036 -0.139958 9.280000
0.026727 -0.139927 9.280000
0.037417 -0.139876 9.280000
0.048108 -0.139800 9.280000
0.058798 -0.139681 9.280000
0.069487 -0.139468 9.280000
0.080159 -0.138839 9.280000
0.086039 -0.129911 9.280000
0.091568 -0.120761 9.280000
0.097016 -0.111563 9.280000
0.102428 -0.102343 9.280000
0.107817 -0.093109 9.280000
0.113189 -0.083867 9.280000
0.118547 -0.074616 9.280000
0.123893 -0.065357 9.280000
0.129225 -0.056091 9.280000
0.134543 -0.046817 9.280000
0.139845 -0.037534 9.280000
0.145124 -0.028237 9.280000
0.150366 -0.018920 9.280000
0.155526 -0.009557 9.280000
0.160318 -0.000000 9.280000

