0.095627 -0.000000 2.860000
0.092789 0.005711 2.860000
0.089720 0.011301 2.860000
0.086598 0.016861 2.860000
0.083452 0.022409 2.860000
0.080292 0.027948 2.860000
0.077121 0.033481 2.860000
0.073941 0.039008 2.860000
0.070753 0.044531 2.860000
0.067556 0.050049 2.860000
0.064349 0.055561 2.860000
0.061133 0.061068 2.860000
0.057901 0.066565 2.860000
0.054646 0.072049 2.860000
0.051340 0.077503 2.860000
0.047814 0.082816 2.860000
0.041449 0.083213 2.860000
0.035073 0.083350 2.860000
0.028697 0.083427 2.860000
0.022320 0.083476 2.860000
0.015943 0.083509 2.860000
0.009566 0.083529 2.860000
0.003189 0.083539 2.860000
-0.003189 0.083539 2.860000
-0.009566 0.083529 2.860000
-0.015943 0.083509 2.860000
-0.022320 0.083476 2.860000
-0.028697 0.083427 2.860000
-0.035073 0.083350 2.860000
-0.041449 0.083213 2.860000
-0.047814 0.082816 2.860000
-0.051340 0.077503 2.860000
-0.054646 0.072049 2.860000
-0.057901 0.066565 2.860000
-0.061133 0.061068 2.860000
-0.064349 0.055561 2.860000
-0.067556 0.050049 2.860000
-0.070753 0.044531 2.860000
-0.073941 0.039008 2.860000
-0.077121 0.033481 2.860000
-0.080292 0.027948 2.860000
-0.083452 0.022409 2.860000
-0.086598 0.016861 2.860000
-0.089720 0.011301 2.860000
-0.092789 0.005711 2.860000
-0.095627 -0.000000 2.860000
-0.092789 -0.005711 2.860000
-0.089720 -0.011301 2.860000
-0.086598 -0.016861 2.860000
-0.083452 -0.022409 2.860000
-0.080292 -0.027948 2.860000
-0.077121 -0.033481 2.860000
-0.073941 -0.039008 2.860000
-0.070753 -0.044531 2.860000
-0.067556 -0.050049 2.860000
-0.064349 -0.055561 2.860000
-0.061133 -0.061068 2.860000
-0.057901 -0.066565 2.860000
-0.054646 -0.072049 2.860000
-0.051340 -0.077503 2.860000
-0.047814 -0.082816 2.860000
-0.041449 -0.083213 2.860000
-0.035073 -0.083350 2.860000
-0.028697 -0.083427 2.860000
-0.022320 -0.083476 2.860000
-0.015943 -0.083509 2.860000
-0.009566 -0.083529 2.860000
-0.003189 -0.083539 2.860000
0.003189 -0.083539 2.860000
0.009566 -0.083529 2.860000
0.015943 -0.083509 2.860000
0.022320 -0.083476 2.860000
0.028697 -0.083427 2.860000
0.035073 -0.083350 2.860000
0.041449 -0.083213 2.860000
0.047814 -0.082816 2.860000
0.051340 -0.077503 2.860000
0.054646 -0.072049 2.860000
0.057901 -0.066565 2.860000
0.061133 -0.061068 2.860000
0.064349 -0.055561 2.860000
0.067556 -0.050049 2.860000
0.070753 -0.044531 2.860000
0.073941 -0.039008 2.860000
0.077121 -0.033481 2.860000
0.080292 -0.027948 2.860000
0.083452 -0.022409 2.860000
0.086598 -0.016861 2.860000
0.089720 -0.011301 2.860000
0.092789 -0.005711 2.860000
0.095627 -0.000000 2.860000

