0.322547 0.000000 33.470000
0.312759 0.019151 33.470000
0.302313 0.037951 33.470000
0.291724 0.056672 33.470000
0.281072 0.075356 33.470000
0.270383 0.094019 33.470000
0.259668 0.112667 33.470000
0.248932 0.131303 33.470000
0.238178 0.149929 33.470000
0.227406 0.168545 33.470000
0.216614 0.187149 33.470000
0.205796 0.205738 33.470000
0.194941 0.224305 33.470000
0.184023 0.242835 33.470000
0.172965 0.261282 33.470000
0.161274 0.279334 33.470000
0.139794 0.280432 33.470000
0.118290 0.280787 33.470000
0.096783 0.280976 33.470000
0.075276 0.281094 33.470000
0.053769 0.281168 33.470000
0.032261 0.281212 33.470000
0.010754 0.281233 33.470000
-0.010754 0.281233 33.470000
-0.032261 0.281212 33.470000
-0.053769 0.281168 33.470000
-0.075276 0.281094 33.470000
-0.096783 0.280976 33.470000
-0.118290 0.280787 33.470000
-0.139794 0.280432 33.470000
-0.161274 0.279334 33.470000
-0.172965 0.261282 33.470000
-0.184023 0.242835 33.470000
-0.194941 0.224305 33.470000
-0.205796 0.205738 33.470000
-0.216614 0.187149 33.470000
-0.227406 0.168545 33.470000
-0.238178 0.149929 33.470000
-0.248932 0.131303 33.470000
-0.259668 0.112667 33.470000
-0.270383 0.094019 33.470000
-0.281072 0.075356 33.470000
-0.291724 0.056672 33.470000
-0.302313 0.037951 33.470000
-0.312759 0.019151 33.470000
-0.322547 0.000000 33.470000
-0.312759 -0.019151 33.470000
-0.302313 -0.037951 33.470000
-0.291724 -0.056672 33.470000
-0.281072 -0.075356 33.470000
-0.270383 -0.094019 33.470000
-0.259668 -0.112667 33.470000
-0.248932 -0.131303 33.470000
-0.238178 -0.149929 33.470000
-0.227406 -0.168545 33.470000
-0.216614 -0.187149 33.470000
-0.205796 -0.205738 33.470000
-0.194941 -0.224305 33.470000
-0.184023 -0.242835 33.470000
-0.172965 -0.261282 33.470000
-0.161274 -0.279334 33.470000
-0.139794 -0.280432 33.470000
-0.118290 -0.280787 33.470000
-0.096783 -0.280976 33.470000
-0.075276 -0.281094 33.470000
-0.053769 -0.281168 33.470000
-0.032261 -0.281212 33.470000
-0.010754 -0.281233 33.470000
0.010754 -0.281233 33.470000
0.032261 -0.281212 33.470000
0.053769 -0.281168 33.470000
0.075276 -0.281094 33.470000
0.096783 -0.280976 33.470000
0.118290 -0.280787 33.470000
0.139794 -0.280432 33.470000
0.161274 -0.279334 33.470000
0.172965 -0.261282 33.470000
0.184023 -0.242835 33.470000
0.194941 -0.224305 33.470000
0.205796 -0.205738 33.470000
0.216614 -0.187149 33.470000
0.227406 -0.168545 33.470000
0.238178 -0.149929 33.470000
0.248932 -0.131303 33.470000
0.259668 -0.112667 33.470000
0.270383 -0.094019 33.470000
0.281072 -0.075356 33.470000
0.291724 -0.056672 33.470000
0.302313 -0.037951 33.470000
0.312759 -0.019151 33.470000
0.322547 0.000000 33.470000

