0.375522 0.000000 43.400000
0.364078 0.022271 43.400000
0.351895 0.044147 43.400000
0.339552 0.065933 43.400000
0.327138 0.087678 43.400000
0.314684 0.109400 43.400000
0.302202 0.131107 43.400000
0.289699 0.152801 43.400000
0.277179 0.174486 43.400000
0.264643 0.196161 43.400000
0.252085 0.217824 43.400000
0.239501 0.239471 43.400000
0.226875 0.261094 43.400000
0.214180 0.282677 43.400000
0.201327 0.304166 43.400000
0.187761 0.325212 43.400000
0.162752 0.326437 43.400000
0.137715 0.326824 43.400000
0.112677 0.327027 43.400000
0.087638 0.327149 43.400000
0.062598 0.327224 43.400000
0.037559 0.327268 43.400000
0.012520 0.327287 43.400000
-0.012520 0.327287 43.400000
-0.037559 0.327268 43.400000
-0.062598 0.327224 43.400000
-0.087638 0.327149 43.400000
-0.112677 0.327027 43.400000
-0.137715 0.326824 43.400000
-0.162752 0.326437 43.400000
-0.187761 0.325212 43.400000
-0.201327 0.304166 43.400000
-0.214180 0.282677 43.400000
-0.226875 0.261094 43.400000
-0.239501 0.239471 43.400000
-0.252085 0.217824 43.400000
-0.264643 0.196161 43.400000
-0.277179 0.174486 43.400000
-0.289699 0.152801 43.400000
-0.302202 0.131107 43.400000
-0.314684 0.109400 43.400000
-0.327138 0.087678 43.400000
-0.339552 0.065933 43.400000
-0.351895 0.044147 43.400000
-0.364078 0.022271 43.400000
-0.375522 0.000000 43.400000
-0.364078 -0.022271 43.400000
-0.351895 -0.044147 43.400000
-0.339552 -0.065933 43.400000
-0.327138 -0.087678 43.400000
-0.314684 -0.109400 43.400000
-0.302202 -0.131107 43.400000
-0.289699 -0.152801 43.400000
-0.277179 -0.174486 43.400000
-0.264643 -0.196161 43.400000
-0.252085 -0.217824 43.400000
-0.239501 -0.239471 43.400000
-0.226875 -0.261094 43.400000
-0.214180 -0.282677 43.400000
-0.201327 -0.304166 43.400000
-0.187761 -0.325212 43.400000
-0.162752 -0.326437 43.400000
-0.137715 -0.326824 43.400000
-0.112677 -0.327027 43.400000
-0.087638 -0.327149 43.400000
-0.062598 -0.327224 43.400000
-0.037559 -0.327268 43.400000
-0.012520 -0.327287 43.400000
0.012520 -0.327287 43.400000
0.037559 -0.327268 43.400000
0.062598 -0.327224 43.400000
0.087638 -0.327149 43.400000
0.112677 -0.327027 43.400000
0.137715 -0.326824 43.400000
0.162752 -0.326437 43.400000
0.187761 -0.325212 43.400000
0.201327 -0.304166 43.400000
0.214180 -0.282677 43.400000
0.226875 -0.261094 43.400000
0.239501 -0.239471 43.400000
0.252085 -0.217824 43.400000
0.264643 -0.196161 43.400000
0.277179 -0.174486 43.400000
0.289699 -0.152801 43.400000
0.302202 -0.131107 43.400000
0.314684 -0.109400 43.400000
0.327138 -0.087678 43.400000
0.339552 -0.065933 43.400000
0.351895 -0.044147 43.400000
0.364078 -0.022271 43.400000
0.375522 0.000000 43.400000

