0.205738 0.000000 14.990000
0.199560 0.012250 14.990000
0.192926 0.024258 14.990000
0.186191 0.036211 14.990000
0.179411 0.048138 14.990000
0.172604 0.060049 14.990000
0.165776 0.071949 14.990000
0.158932 0.083839 14.990000
0.152072 0.095720 14.990000
0.145197 0.107592 14.990000
0.138306 0.119455 14.990000
0.131394 0.131306 14.990000
0.124455 0.143141 14.990000
0.117471 0.154950 14.990000
0.110388 0.166699 14.990000
0.102869 0.178174 14.990000
0.089172 0.178949 14.990000
0.075455 0.179208 14.990000
0.061736 0.179352 14.990000
0.048017 0.179444 14.990000
0.034298 0.179504 14.990000
0.020579 0.179541 14.990000
0.006860 0.179558 14.990000
-0.006860 0.179558 14.990000
-0.020579 0.179541 14.990000
-0.034298 0.179504 14.990000
-0.048017 0.179444 14.990000
-0.061736 0.179352 14.990000
-0.075455 0.179208 14.990000
-0.089172 0.178949 14.990000
-0.102869 0.178174 14.990000
-0.110388 0.166699 14.990000
-0.117471 0.154950 14.990000
-0.124455 0.143141 14.990000
-0.131394 0.131306 14.990000
-0.138306 0.119455 14.990000
-0.145197 0.107592 14.990000
-0.152072 0.095720 14.990000
-0.158932 0.083839 14.990000
-0.165776 0.071949 14.990000
-0.172604 0.060049 14.990000
-0.179411 0.048138 14.990000
-0.186191 0.036211 14.990000
-0.192926 0.024258 14.990000
-0.199560 0.012250 14.990000
-0.205738 0.000000 14.990000
-0.199560 -0.012250 14.990000
-0.192926 -0.024258 14.990000
-0.186191 -0.036211 14.990000
-0.179411 -0.048138 14.990000
-0.172604 -0.060049 14.990000
-0.165776 -0.071949 14.990000
-0.158932 -0.083839 14.990000
-0.152072 -0.095720 14.990000
-0.145197 -0.107592 14.990000
-0.138306 -0.119455 14.990000
-0.131394 -0.131306 14.990000
-0.124455 -0.143141 14.990000
-0.117471 -0.154950 14.990000
-0.110388 -0.166699 14.990000
-0.102869 -0.178174 14.990000
-0.089172 -0.178949 14.990000
-0.075455 -0.179208 14.990000
-0.061736 -0.179352 14.990000
-0.048017 -0.179444 14.990000
-0.034298 -0.179504 14.990000
-0.020579 -0.179541 14.990000
-0.006860 -0.179558 14.990000
0.006860 -0.179558 14.990000
0.020579 -0.179541 14.990000
0.034298 -0.179504 14.990000
0.048017 -0.179444 14.990000
0.061736 -0.179352 14.990000
0.075455 -0.179208 14.990000
0.089172 -0.178949 14.990000
0.102869 -0.178174 14.990000
0.110388 -0.166699 14.990000
0.117471 -0.154950 14.990000
0.124455 -0.143141 14.990000
0.131394 -0.131306 14.990000
0.138306 -0.119455 14.990000
0.145197 -0.107592 14.990000
0.152072 -0.095720 14.990000
0.158932 -0.083839 14.990000
0.165776 -0.071949 14.990000
0.172604 -0.060049 14.990000
0.179411 -0.048138 14.990000
0.186191 -0.036211 14.990000
0.192926 -0.024258 14.990000
0.199560 -0.012250 14.990000
0.205738 0.000000 14.990000

