0.089520 -0.000000 2.370000
0.086865 0.005347 2.370000
0.083992 0.010580 2.370000
0.081070 0.015786 2.370000
0.078126 0.020979 2.370000
0.075168 0.026165 2.370000
0.072199 0.031344 2.370000
0.069222 0.036519 2.370000
0.066237 0.041689 2.370000
0.063245 0.046854 2.370000
0.060243 0.052015 2.370000
0.057231 0.057169 2.370000
0.054206 0.062316 2.370000
0.051159 0.067449 2.370000
0.048063 0.072554 2.370000
0.044760 0.077527 2.370000
0.038802 0.077901 2.370000
0.032833 0.078030 2.370000
0.026864 0.078102 2.370000
0.020894 0.078149 2.370000
0.014925 0.078179 2.370000
0.008955 0.078199 2.370000
0.002985 0.078208 2.370000
-0.002985 0.078208 2.370000
-0.008955 0.078199 2.370000
-0.014925 0.078179 2.370000
-0.020894 0.078149 2.370000
-0.026864 0.078102 2.370000
-0.032833 0.078030 2.370000
-0.038802 0.077901 2.370000
-0.044760 0.077527 2.370000
-0.048063 0.072554 2.370000
-0.051159 0.067449 2.370000
-0.054206 0.062316 2.370000
-0.057231 0.057169 2.370000
-0.060243 0.052015 2.370000
-0.063245 0.046854 2.370000
-0.066237 0.041689 2.370000
-0.069222 0.036519 2.370000
-0.072199 0.031344 2.370000
-0.075168 0.026165 2.370000
-0.078126 0.020979 2.370000
-0.081070 0.015786 2.370000
-0.083992 0.010580 2.370000
-0.086865 0.005347 2.370000
-0.089520 -0.000000 2.370000
-0.086865 -0.005347 2.370000
-0.083992 -0.010580 2.370000
-0.081070 -0.015786 2.370000
-0.078126 -0.020979 2.370000
-0.075168 -0.026165 2.370000
-0.072199 -0.031344 2.370000
-0.069222 -0.036519 2.370000
-0.066237 -0.041689 2.370000
-0.063245 -0.046854 2.370000
-0.060243 -0.052015 2.370000
-0.057231 -0.057169 2.370000
-0.054206 -0.062316 2.370000
-0.051159 -0.067449 2.370000
-0.048063 -0.072554 2.370000
-0.044760 -0.077527 2.370000
-0.038802 -0.077901 2.370000
-0.032833 -0.078030 2.370000
-0.026864 -0.078102 2.370000
-0.020894 -0.078149 2.370000
-0.014925 -0.078179 2.370000
-0.008955 -0.078199 2.370000
-0.002985 -0.078208 2.370000
0.002985 -0.078208 2.370000
0.008955 -0.078199 2.370000
0.014925 -0.078179 2.370000
0.020894 -0.078149 2.370000
0.026864 -0.078102 2.370000
0.032833 -0.078030 2.370000
0.038802 -0.077901 2.370000
0.044760 -0.077527 2.370000
0.048063 -0.072554 2.370000
0.051159 -0.067449 2.370000
0.054206 -0.062316 2.370000
0.057231 -0.057169 2.370000
0.060243 -0.052015 2.370000
0.063245 -0.046854 2.370000
0.066237 -0.041689 2.370000
0.069222 -0.036519 2.370000
0.072199 -0.031344 2.370000
0.075168 -0.026165 2.370000
0.078126 -0.020979 2.370000
0.081070 -0.015786 2.370000
0.083992 -0.010580 2.370000
0.086865 -0.005347 2.370000
0.089520 -0.000000 2.370000

