0.294967 0.000000 28.660000
0.286036 0.017524 28.660000
0.276493 0.034722 28.660000
0.266816 0.051846 28.660000
0.257080 0.068936 28.660000
0.247308 0.086005 28.660000
0.237512 0.103060 28.660000
0.227695 0.120104 28.660000
0.217861 0.137138 28.660000
0.208009 0.154161 28.660000
0.198137 0.171173 28.660000
0.188240 0.188170 28.660000
0.178308 0.205146 28.660000
0.168317 0.222089 28.660000
0.158194 0.238952 28.660000
0.147483 0.255449 28.660000
0.127842 0.256476 28.660000
0.108176 0.256811 28.660000
0.088508 0.256992 28.660000
0.068840 0.257105 28.660000
0.049171 0.257178 28.660000
0.029503 0.257221 28.660000
0.009834 0.257242 28.660000
-0.009834 0.257242 28.660000
-0.029503 0.257221 28.660000
-0.049171 0.257178 28.660000
-0.068840 0.257105 28.660000
-0.088508 0.256992 28.660000
-0.108176 0.256811 28.660000
-0.127842 0.256476 28.660000
-0.147483 0.255449 28.660000
-0.158194 0.238952 28.660000
-0.168317 0.222089 28.660000
-0.178308 0.205146 28.660000
-0.188240 0.188170 28.660000
-0.198137 0.171173 28.660000
-0.208009 0.154161 28.660000
-0.217861 0.137138 28.660000
-0.227695 0.120104 28.660000
-0.237512 0.103060 28.660000
-0.247308 0.086005 28.660000
-0.257080 0.068936 28.660000
-0.266816 0.051846 28.660000
-0.276493 0.034722 28.660000
-0.286036 0.017524 28.660000
-0.294967 0.000000 28.660000
-0.286036 -0.017524 28.660000
-0.276493 -0.034722 28.660000
-0.266816 -0.051846 28.660000
-0.257080 -0.068936 28.660000
-0.247308 -0.086005 28.660000
-0.237512 -0.103060 28.660000
-0.227695 -0.120104 28.660000
-0.217861 -0.137138 28.660000
-0.208009 -0.154161 28.660000
-0.198137 -0.171173 28.660000
-0.188240 -0.188170 28.660000
-0.178308 -0.205146 28.660000
-0.168317 -0.222089 28.660000
-0.158194 -0.238952 28.660000
-0.147483 -0.255449 28.660000
-0.127842 -0.256476 28.660000
-0.108176 -0.256811 28.660000
-0.088508 -0.256992 28.660000
-0.068840 -0.257105 28.660000
-0.049171 -0.257178 28.660000
-0.029503 -0.257221 28.660000
-0.009834 -0.257242 28.660000
0.009834 -0.257242 28.660000
0.029503 -0.257221 28.660000
0.049171 -0.257178 28.660000
0.068840 -0.257105 28.660000
0.088508 -0.256992 28.660000
0.108176 -0.256811 28.660000
0.127842 -0.256476 28.660000
0.147483 -0.255449 28.660000
0.158194 -0.238952 28.660000
0.168317 -0.222089 28.660000
0.178308 -0.205146 28.660000
0.188240 -0.188170 28.660000
0.198137 -0.171173 28.660000
0.208009 -0.154161 28.660000
0.217861 -0.137138 28.660000
0.227695 -0.120104 28.660000
0.237512 -0.103060 28.660000
0.247308 -0.086005 28.660000
0.257080 -0.068936 28.660000
0.266816 -0.051846 28.660000
0.276493 -0.034722 28.660000
0.286036 -0.017524 28.660000
0.294967 0.000000 28.660000

