0.292545 0.000000 28.250000
0.283689 0.017381 28.250000
0.274225 0.034439 28.250000
0.264628 0.051422 28.250000
0.254972 0.068372 28.250000
0.245281 0.085301 28.250000
0.235566 0.102217 28.250000
0.225830 0.119120 28.250000
0.216076 0.136014 28.250000
0.206305 0.152897 28.250000
0.196514 0.169769 28.250000
0.186698 0.186627 28.250000
0.176847 0.203464 28.250000
0.166937 0.220267 28.250000
0.156897 0.236991 28.250000
0.146272 0.253351 28.250000
0.126792 0.254372 28.250000
0.107288 0.254705 28.250000
0.087781 0.254886 28.250000
0.068275 0.254998 28.250000
0.048768 0.255071 28.250000
0.029261 0.255114 28.250000
0.009754 0.255135 28.250000
-0.009754 0.255135 28.250000
-0.029261 0.255114 28.250000
-0.048768 0.255071 28.250000
-0.068275 0.254998 28.250000
-0.087781 0.254886 28.250000
-0.107288 0.254705 28.250000
-0.126792 0.254372 28.250000
-0.146272 0.253351 28.250000
-0.156897 0.236991 28.250000
-0.166937 0.220267 28.250000
-0.176847 0.203464 28.250000
-0.186698 0.186627 28.250000
-0.196514 0.169769 28.250000
-0.206305 0.152897 28.250000
-0.216076 0.136014 28.250000
-0.225830 0.119120 28.250000
-0.235566 0.102217 28.250000
-0.245281 0.085301 28.250000
-0.254972 0.068372 28.250000
-0.264628 0.051422 28.250000
-0.274225 0.034439 28.250000
-0.283689 0.017381 28.250000
-0.292545 0.000000 28.250000
-0.283689 -0.017381 28.250000
-0.274225 -0.034439 28.250000
-0.264628 -0.051422 28.250000
-0.254972 -0.068372 28.250000
-0.245281 -0.085301 28.250000
-0.235566 -0.102217 28.250000
-0.225830 -0.119120 28.250000
-0.216076 -0.136014 28.250000
-0.206305 -0.152897 28.250000
-0.196514 -0.169769 28.250000
-0.186698 -0.186627 28.250000
-0.176847 -0.203464 28.250000
-0.166937 -0.220267 28.250000
-0.156897 -0.236991 28.250000
-0.146272 -0.253351 28.250000
-0.126792 -0.254372 28.250000
-0.107288 -0.254705 28.250000
-0.087781 -0.254886 28.250000
-0.068275 -0.254998 28.250000
-0.048768 -0.255071 28.250000
-0.029261 -0.255114 28.250000
-0.009754 -0.255135 28.250000
0.009754 -0.255135 28.250000
0.029261 -0.255114 28.250000
0.048768 -0.255071 28.250000
0.068275 -0.254998 28.250000
0.087781 -0.254886 28.250000
0.107288 -0.254705 28.250000
0.126792 -0.254372 28.250000
0.146272 -0.253351 28.250000
0.156897 -0.236991 28.250000
0.166937 -0.220267 28.250000
0.176847 -0.203464 28.250000
0.186698 -0.186627 28.250000
0.196514 -0.169769 28.250000
0.206305 -0.152897 28.250000
0.216076 -0.136014 28.250000
0.225830 -0.119120 28.250000
0.235566 -0.102217 28.250000
0.245281 -0.085301 28.250000
0.254972 -0.068372 28.250000
0.264628 -0.051422 28.250000
0.274225 -0.034439 28.250000
0.283689 -0.017381 28.250000
0.292545 0.000000 28.250000

