0.310344 0.000000 31.310000
0.300935 0.018431 31.310000
0.290889 0.036523 31.310000
0.280703 0.054537 31.310000
0.270457 0.072516 31.310000
0.260174 0.090474 31.310000
0.249865 0.108417 31.310000
0.239536 0.126349 31.310000
0.229189 0.144270 31.310000
0.218824 0.162181 31.310000
0.208439 0.180080 31.310000
0.198029 0.197965 31.310000
0.187582 0.215828 31.310000
0.177074 0.233656 31.310000
0.166429 0.251402 31.310000
0.155172 0.268765 31.310000
0.134506 0.269833 31.310000
0.113815 0.270178 31.310000
0.093122 0.270365 31.310000
0.072428 0.270480 31.310000
0.051734 0.270554 31.310000
0.031041 0.270598 31.310000
0.010347 0.270619 31.310000
-0.010347 0.270619 31.310000
-0.031041 0.270598 31.310000
-0.051734 0.270554 31.310000
-0.072428 0.270480 31.310000
-0.093122 0.270365 31.310000
-0.113815 0.270178 31.310000
-0.134506 0.269833 31.310000
-0.155172 0.268765 31.310000
-0.166429 0.251402 31.310000
-0.177074 0.233656 31.310000
-0.187582 0.215828 31.310000
-0.198029 0.197965 31.310000
-0.208439 0.180080 31.310000
-0.218824 0.162181 31.310000
-0.229189 0.144270 31.310000
-0.239536 0.126349 31.310000
-0.249865 0.108417 31.310000
-0.260174 0.090474 31.310000
-0.270457 0.072516 31.310000
-0.280703 0.054537 31.310000
-0.290889 0.036523 31.310000
-0.300935 0.018431 31.310000
-0.310344 0.000000 31.310000
-0.300935 -0.018431 31.310000
-0.290889 -0.036523 31.310000
-0.280703 -0.054537 31.310000
-0.270457 -0.072516 31.310000
-0.260174 -0.090474 31.310000
-0.249865 -0.108417 31.310000
-0.239536 -0.126349 31.310000
-0.229189 -0.144270 31.310000
-0.218824 -0.162181 31.310000
-0.208439 -0.180080 31.310000
-0.198029 -0.197965 31.310000
-0.187582 -0.215828 31.310000
-0.177074 -0.233656 31.310000
-0.166429 -0.251402 31.310000
-0.155172 -0.268765 31.310000
-0.134506 -0.269833 31.310000
-0.113815 -0.270178 31.310000
-0.093122 -0.270365 31.310000
-0.072428 -0.270480 31.310000
-0.051734 -0.270554 31.310000
-0.031041 -0.270598 31.310000
-0.010347 -0.270619 31.310000
0.010347 -0.270619 31.310000
0.031041 -0.270598 31.310000
0.051734 -0.270554 31.310000
0.072428 -0.270480 31.310000
0.093122 -0.270365 31.310000
0.113815 -0.270178 31.310000
0.134506 -0.269833 31.310000
0.155172 -0.268765 31.310000
0.166429 -0.251402 31.310000
0.177074 -0.233656 31.310000
0.187582 -0.215828 31.310000
0.198029 -0.197965 31.310000
0.208439 -0.180080 31.310000
0.218824 -0.162181 31.310000
0.229189 -0.144270 31.310000
0.239536 -0.126349 31.310000
0.249865 -0.108417 31.310000
0.260174 -0.090474 31.310000
0.270457 -0.072516 31.310000
0.280703 -0.054537 31.310000
0.290889 -0.036523 31.310000
0.300935 -0.018431 31.310000
0.310344 0.000000 31.310000

