0.400514 0.000000 48.380000
0.388286 0.023742 48.380000
0.375282 0.047067 48.380000
0.362109 0.070298 48.380000
0.348863 0.093487 48.380000
0.335574 0.116652 48.380000
0.322258 0.139800 48.380000
0.308922 0.162938 48.380000
0.295569 0.186065 48.380000
0.282200 0.209183 48.380000
0.268811 0.232290 48.380000
0.255394 0.255381 48.380000
0.241935 0.278447 48.380000
0.228402 0.301470 48.380000
0.214704 0.324395 48.380000
0.200257 0.346855 48.380000
0.173582 0.348136 48.380000
0.146879 0.348537 48.380000
0.120175 0.348745 48.380000
0.093469 0.348868 48.380000
0.066764 0.348942 48.380000
0.040058 0.348984 48.380000
0.013353 0.349003 48.380000
-0.013353 0.349003 48.380000
-0.040058 0.348984 48.380000
-0.066764 0.348942 48.380000
-0.093469 0.348868 48.380000
-0.120175 0.348745 48.380000
-0.146879 0.348537 48.380000
-0.173582 0.348136 48.380000
-0.200257 0.346855 48.380000
-0.214704 0.324395 48.380000
-0.228402 0.301470 48.380000
-0.241935 0.278447 48.380000
-0.255394 0.255381 48.380000
-0.268811 0.232290 48.380000
-0.282200 0.209183 48.380000
-0.295569 0.186065 48.380000
-0.308922 0.162938 48.380000
-0.322258 0.139800 48.380000
-0.335574 0.116652 48.380000
-0.348863 0.093487 48.380000
-0.362109 0.070298 48.380000
-0.375282 0.047067 48.380000
-0.388286 0.023742 48.380000
-0.400514 0.000000 48.380000
-0.388286 -0.023742 48.380000
-0.375282 -0.047067 48.380000
-0.362109 -0.070298 48.380000
-0.348863 -0.093487 48.380000
-0.335574 -0.116652 48.380000
-0.322258 -0.139800 48.380000
-0.308922 -0.162938 48.380000
-0.295569 -0.186065 48.380000
-0.282200 -0.209183 48.380000
-0.268811 -0.232290 48.380000
-0.255394 -0.255381 48.380000
-0.241935 -0.278447 48.380000
-0.228402 -0.301470 48.380000
-0.214704 -0.324395 48.380000
-0.200257 -0.346855 48.380000
-0.173582 -0.348136 48.380000
-0.146879 -0.348537 48.380000
-0.120175 -0.348745 48.380000
-0.093469 -0.348868 48.380000
-0.066764 -0.348942 48.380000
-0.040058 -0.348984 48.380000
-0.013353 -0.349003 48.380000
0.013353 -0.349003 48.380000
0.040058 -0.348984 48.380000
0.066764 -0.348942 48.380000
0.093469 -0.348868 48.380000
0.120175 -0.348745 48.380000
0.146879 -0.348537 48.380000
0.173582 -0.348136 48.380000
0.200257 -0.346855 48.380000
0.214704 -0.324395 48.380000
0.228402 -0.301470 48.380000
0.241935 -0.278447 48.380000
0.255394 -0.255381 48.380000
0.268811 -0.232290 48.380000
0.282200 -0.209183 48.380000
0.295569 -0.186065 48.380000
0.308922 -0.162938 48.380000
0.322258 -0.139800 48.380000
0.335574 -0.116652 48.380000
0.348863 -0.093487 48.380000
0.362109 -0.070298 48.380000
0.375282 -0.047067 48.380000
0.388286 -0.023742 48.380000
0.400514 0.000000 48.380000

