0.056501 -0.000000 0.110000
0.054831 0.003378 0.110000
0.053020 0.006682 0.110000
0.051177 0.009969 0.110000
0.049320 0.013247 0.110000
0.047453 0.016520 0.110000
0.045580 0.019790 0.110000
0.043702 0.023056 0.110000
0.041818 0.026319 0.110000
0.039928 0.029579 0.110000
0.038034 0.032836 0.110000
0.036132 0.036089 0.110000
0.034222 0.039336 0.110000
0.032297 0.042576 0.110000
0.030341 0.045796 0.110000
0.028250 0.048931 0.110000
0.024490 0.049174 0.110000
0.020723 0.049258 0.110000
0.016956 0.049305 0.110000
0.013188 0.049336 0.110000
0.009420 0.049356 0.110000
0.005652 0.049368 0.110000
0.001884 0.049374 0.110000
-0.001884 0.049374 0.110000
-0.005652 0.049368 0.110000
-0.009420 0.049356 0.110000
-0.013188 0.049336 0.110000
-0.016956 0.049305 0.110000
-0.020723 0.049258 0.110000
-0.024490 0.049174 0.110000
-0.028250 0.048931 0.110000
-0.030341 0.045796 0.110000
-0.032297 0.042576 0.110000
-0.034222 0.039336 0.110000
-0.036132 0.036089 0.110000
-0.038034 0.032836 0.110000
-0.039928 0.029579 0.110000
-0.041818 0.026319 0.110000
-0.043702 0.023056 0.110000
-0.045580 0.019790 0.110000
-0.047453 0.016520 0.110000
-0.049320 0.013247 0.110000
-0.051177 0.009969 0.110000
-0.053020 0.006682 0.110000
-0.054831 0.003378 0.110000
-0.056501 -0.000000 0.110000
-0.054831 -0.003378 0.110000
-0.053020 -0.006682 0.110000
-0.051177 -0.009969 0.110000
-0.049320 -0.013247 0.110000
-0.047453 -0.016520 0.110000
-0.045580 -0.019790 0.110000
-0.043702 -0.023056 0.110000
-0.041818 -0.026319 0.110000
-0.039928 -0.029579 0.110000
-0.038034 -0.032836 0.110000
-0.036132 -0.036089 0.110000
-0.034222 -0.039336 0.110000
-0.032297 -0.042576 0.110000
-0.030341 -0.045796 0.110000
-0.028250 -0.048931 0.110000
-0.024490 -0.049174 0.110000
-0.020723 -0.049258 0.110000
-0.016956 -0.049305 0.110000
-0.013188 -0.049336 0.110000
-0.009420 -0.049356 0.110000
-0.005652 -0.049368 0.110000
-0.001884 -0.049374 0.110000
0.001884 -0.049374 0.110000
0.005652 -0.049368 0.110000
0.009420 -0.049356 0.110000
0.013188 -0.049336 0.110000
0.016956 -0.049305 0.110000
0.020723 -0.049258 0.110000
0.024490 -0.049174 0.110000
0.028250 -0.048931 0.110000
0.030341 -0.045796 0.110000
0.032297 -0.042576 0.110000
0.034222 -0.039336 0.110000
0.036132 -0.036089 0.110000
0.038034 -0.032836 0.110000
0.039928 -0.029579 0.110000
0.041818 -0.026319 0.110000
0.043702 -0.023056 0.110000
0.045580 -0.019790 0.110000
0.047453 -0.016520 0.110000
0.049320 -0.013247 0.110000
0.051177 -0.009969 0.110000
0.053020 -0.006682 0.110000
0.054831 -0.003378 0.110000
0.056501 -0.000000 0.110000

