0.132246 -0.000000 6.230000
0.128305 0.007889 6.230000
0.124054 0.015616 6.230000
0.119733 0.023304 6.230000
0.115380 0.030974 6.230000
0.111008 0.038633 6.230000
0.106622 0.046283 6.230000
0.102223 0.053927 6.230000
0.097814 0.061565 6.230000
0.093393 0.069196 6.230000
0.088961 0.076820 6.230000
0.084514 0.084435 6.230000
0.080048 0.092040 6.230000
0.075551 0.099626 6.230000
0.070985 0.107171 6.230000
0.066123 0.114528 6.230000
0.057320 0.115060 6.230000
0.048503 0.115242 6.230000
0.039685 0.115343 6.230000
0.030866 0.115409 6.230000
0.022047 0.115452 6.230000
0.013228 0.115479 6.230000
0.004409 0.115492 6.230000
-0.004409 0.115492 6.230000
-0.013228 0.115479 6.230000
-0.022047 0.115452 6.230000
-0.030866 0.115409 6.230000
-0.039685 0.115343 6.230000
-0.048503 0.115242 6.230000
-0.057320 0.115060 6.230000
-0.066123 0.114528 6.230000
-0.070985 0.107171 6.230000
-0.075551 0.099626 6.230000
-0.080048 0.092040 6.230000
-0.084514 0.084435 6.230000
-0.088961 0.076820 6.230000
-0.093393 0.069196 6.230000
-0.097814 0.061565 6.230000
-0.102223 0.053927 6.230000
-0.106622 0.046283 6.230000
-0.111008 0.038633 6.230000
-0.115380 0.030974 6.230000
-0.119733 0.023304 6.230000
-0.124054 0.015616 6.230000
-0.128305 0.007889 6.230000
-0.132246 -0.000000 6.230000
-0.128305 -0.007889 6.230000
-0.124054 -0.015616 6.230000
-0.119733 -0.023304 6.230000
-0.115380 -0.030974 6.230000
-0.111008 -0.038633 6.230000
-0.106622 -0.046283 6.230000
-0.102223 -0.053927 6.230000
-0.097814 -0.061565 6.230000
-0.093393 -0.069196 6.230000
-0.088961 -0.076820 6.230000
-0.084514 -0.084435 6.230000
-0.080048 -0.092040 6.230000
-0.075551 -0.099626 6.230000
-0.070985 -0.107171 6.230000
-0.066123 -0.114528 6.230000
-0.057320 -0.115060 6.230000
-0.048503 -0.115242 6.230000
-0.039685 -0.115343 6.230000
-0.030866 -0.115409 6.230000
-0.022047 -0.115452 6.230000
-0.013228 -0.115479 6.230000
-0.004409 -0.115492 6.230000
0.004409 -0.115492 6.230000
0.013228 -0.115479 6.230000
0.022047 -0.115452 6.230000
0.030866 -0.115409 6.230000
0.039685 -0.115343 6.230000
0.048503 -0.115242 6.230000
0.057320 -0.115060 6.230000
0.066123 -0.114528 6.230000
0.070985 -0.107171 6.230000
0.075551 -0.099626 6.230000
0.080048 -0.092040 6.230000
0.084514 -0.084435 6.230000
0.088961 -0.076820 6.230000
0.093393 -0.069196 6.230000
0.097814 -0.061565 6.230000
0.102223 -0.053927 6.230000
0.106622 -0.046283 6.230000
0.111008 -0.038633 6.230000
0.115380 -0.030974 6.230000
0.119733 -0.023304 6.230000
0.124054 -0.015616 6.230000
0.128305 -0.007889 6.230000
0.132246 -0.000000 6.230000

