0.259913 0.000000 22.930000
0.252067 0.015454 22.930000
0.243669 0.030615 22.930000
0.235149 0.045708 22.930000
0.226576 0.060770 22.930000
0.217970 0.075814 22.930000
0.209340 0.090844 22.930000
0.200692 0.105863 22.930000
0.192026 0.120873 22.930000
0.183343 0.135872 22.930000
0.174641 0.150861 22.930000
0.165916 0.165836 22.930000
0.157159 0.180792 22.930000
0.148348 0.195716 22.930000
0.139417 0.210570 22.930000
0.129956 0.225091 22.930000
0.112650 0.226024 22.930000
0.095321 0.226331 22.930000
0.077991 0.226499 22.930000
0.060660 0.226605 22.930000
0.043328 0.226674 22.930000
0.025997 0.226716 22.930000
0.008666 0.226736 22.930000
-0.008666 0.226736 22.930000
-0.025997 0.226716 22.930000
-0.043328 0.226674 22.930000
-0.060660 0.226605 22.930000
-0.077991 0.226499 22.930000
-0.095321 0.226331 22.930000
-0.112650 0.226024 22.930000
-0.129956 0.225091 22.930000
-0.139417 0.210570 22.930000
-0.148348 0.195716 22.930000
-0.157159 0.180792 22.930000
-0.165916 0.165836 22.930000
-0.174641 0.150861 22.930000
-0.183343 0.135872 22.930000
-0.192026 0.120873 22.930000
-0.200692 0.105863 22.930000
-0.209340 0.090844 22.930000
-0.217970 0.075814 22.930000
-0.226576 0.060770 22.930000
-0.235149 0.045708 22.930000
-0.243669 0.030615 22.930000
-0.252067 0.015454 22.930000
-0.259913 0.000000 22.930000
-0.252067 -0.015454 22.930000
-0.243669 -0.030615 22.930000
-0.235149 -0.045708 22.930000
-0.226576 -0.060770 22.930000
-0.217970 -0.075814 22.930000
-0.209340 -0.090844 22.930000
-0.200692 -0.105863 22.930000
-0.192026 -0.120873 22.930000
-0.183343 -0.135872 22.930000
-0.174641 -0.150861 22.930000
-0.165916 -0.165836 22.930000
-0.157159 -0.180792 22.930000
-0.148348 -0.195716 22.930000
-0.139417 -0.210570 22.930000
-0.129956 -0.225091 22.930000
-0.112650 -0.226024 22.930000
-0.095321 -0.226331 22.930000
-0.077991 -0.226499 22.930000
-0.060660 -0.226605 22.930000
-0.043328 -0.226674 22.930000
-0.025997 -0.226716 22.930000
-0.008666 -0.226736 22.930000
0.008666 -0.226736 22.930000
0.025997 -0.226716 22.930000
0.043328 -0.226674 22.930000
0.060660 -0.226605 22.930000
0.077991 -0.226499 22.930000
0.095321 -0.226331 22.930000
0.112650 -0.226024 22.930000
0.129956 -0.225091 22.930000
0.139417 -0.210570 22.930000
0.148348 -0.195716 22.930000
0.157159 -0.180792 22.930000
0.165916 -0.165836 22.930000
0.174641 -0.150861 22.930000
0.183343 -0.135872 22.930000
0.192026 -0.120873 22.930000
0.200692 -0.105863 22.930000
0.209340 -0.090844 22.930000
0.217970 -0.075814 22.930000
0.226576 -0.060770 22.930000
0.235149 -0.045708 22.930000
0.243669 -0.030615 22.930000
0.252067 -0.015454 22.930000
0.259913 0.000000 22.930000

