0.350179 0.000000 38.540000
0.339528 0.020779 38.540000
0.328177 0.041184 38.540000
0.316674 0.061503 38.540000
0.305103 0.081785 38.540000
0.293493 0.102044 38.540000
0.281857 0.122287 38.540000
0.270200 0.142519 38.540000
0.258525 0.162740 38.540000
0.246832 0.182952 38.540000
0.235119 0.203151 38.540000
0.223379 0.223335 38.540000
0.211600 0.243496 38.540000
0.199755 0.263618 38.540000
0.187759 0.283651 38.540000
0.175090 0.303264 38.540000
0.151769 0.304430 38.540000
0.128422 0.304802 38.540000
0.105073 0.304999 38.540000
0.081724 0.305119 38.540000
0.058374 0.305195 38.540000
0.035025 0.305239 38.540000
0.011675 0.305259 38.540000
-0.011675 0.305259 38.540000
-0.035025 0.305239 38.540000
-0.058374 0.305195 38.540000
-0.081724 0.305119 38.540000
-0.105073 0.304999 38.540000
-0.128422 0.304802 38.540000
-0.151769 0.304430 38.540000
-0.175090 0.303264 38.540000
-0.187759 0.283651 38.540000
-0.199755 0.263618 38.540000
-0.211600 0.243496 38.540000
-0.223379 0.223335 38.540000
-0.235119 0.203151 38.540000
-0.246832 0.182952 38.540000
-0.258525 0.162740 38.540000
-0.270200 0.142519 38.540000
-0.281857 0.122287 38.540000
-0.293493 0.102044 38.540000
-0.305103 0.081785 38.540000
-0.316674 0.061503 38.540000
-0.328177 0.041184 38.540000
-0.339528 0.020779 38.540000
-0.350179 0.000000 38.540000
-0.339528 -0.020779 38.540000
-0.328177 -0.041184 38.540000
-0.316674 -0.061503 38.540000
-0.305103 -0.081785 38.540000
-0.293493 -0.102044 38.540000
-0.281857 -0.122287 38.540000
-0.270200 -0.142519 38.540000
-0.258525 -0.162740 38.540000
-0.246832 -0.182952 38.540000
-0.235119 -0.203151 38.540000
-0.223379 -0.223335 38.540000
-0.211600 -0.243496 38.540000
-0.199755 -0.263618 38.540000
-0.187759 -0.283651 38.540000
-0.175090 -0.303264 38.540000
-0.151769 -0.304430 38.540000
-0.128422 -0.304802 38.540000
-0.105073 -0.304999 38.540000
-0.081724 -0.305119 38.540000
-0.058374 -0.305195 38.540000
-0.035025 -0.305239 38.540000
-0.011675 -0.305259 38.540000
0.011675 -0.305259 38.540000
0.035025 -0.305239 38.540000
0.058374 -0.305195 38.540000
0.081724 -0.305119 38.540000
0.105073 -0.304999 38.540000
0.128422 -0.304802 38.540000
0.151769 -0.304430 38.540000
0.175090 -0.303264 38.540000
0.187759 -0.283651 38.540000
0.199755 -0.263618 38.540000
0.211600 -0.243496 38.540000
0.223379 -0.223335 38.540000
0.235119 -0.203151 38.540000
0.246832 -0.182952 38.540000
0.258525 -0.162740 38.540000
0.270200 -0.142519 38.540000
0.281857 -0.122287 38.540000
0.293493 -0.102044 38.540000
0.305103 -0.081785 38.540000
0.316674 -0.061503 38.540000
0.328177 -0.041184 38.540000
0.339528 -0.020779 38.540000
0.350179 0.000000 38.540000

