0.258062 0.000000 22.640000
0.250274 0.015345 22.640000
0.241936 0.030398 22.640000
0.233478 0.045384 22.640000
0.224966 0.060339 22.640000
0.216421 0.075275 22.640000
0.207853 0.090199 22.640000
0.199266 0.105111 22.640000
0.190662 0.120014 22.640000
0.182041 0.134907 22.640000
0.173401 0.149788 22.640000
0.164738 0.164656 22.640000
0.156042 0.179506 22.640000
0.147294 0.194324 22.640000
0.138426 0.209071 22.640000
0.129031 0.223488 22.640000
0.111848 0.224416 22.640000
0.094643 0.224722 22.640000
0.077436 0.224889 22.640000
0.060228 0.224995 22.640000
0.043020 0.225064 22.640000
0.025812 0.225105 22.640000
0.008604 0.225125 22.640000
-0.008604 0.225125 22.640000
-0.025812 0.225105 22.640000
-0.043020 0.225064 22.640000
-0.060228 0.224995 22.640000
-0.077436 0.224889 22.640000
-0.094643 0.224722 22.640000
-0.111848 0.224416 22.640000
-0.129031 0.223488 22.640000
-0.138426 0.209071 22.640000
-0.147294 0.194324 22.640000
-0.156042 0.179506 22.640000
-0.164738 0.164656 22.640000
-0.173401 0.149788 22.640000
-0.182041 0.134907 22.640000
-0.190662 0.120014 22.640000
-0.199266 0.105111 22.640000
-0.207853 0.090199 22.640000
-0.216421 0.075275 22.640000
-0.224966 0.060339 22.640000
-0.233478 0.045384 22.640000
-0.241936 0.030398 22.640000
-0.250274 0.015345 22.640000
-0.258062 0.000000 22.640000
-0.250274 -0.015345 22.640000
-0.241936 -0.030398 22.640000
-0.233478 -0.045384 22.640000
-0.224966 -0.060339 22.640000
-0.216421 -0.075275 22.640000
-0.207853 -0.090199 22.640000
-0.199266 -0.105111 22.640000
-0.190662 -0.120014 22.640000
-0.182041 -0.134907 22.640000
-0.173401 -0.149788 22.640000
-0.164738 -0.164656 22.640000
-0.156042 -0.179506 22.640000
-0.147294 -0.194324 22.640000
-0.138426 -0.209071 22.640000
-0.129031 -0.223488 22.640000
-0.111848 -0.224416 22.640000
-0.094643 -0.224722 22.640000
-0.077436 -0.224889 22.640000
-0.060228 -0.224995 22.640000
-0.043020 -0.225064 22.640000
-0.025812 -0.225105 22.640000
-0.008604 -0.225125 22.640000
0.008604 -0.225125 22.640000
0.025812 -0.225105 22.640000
0.043020 -0.225064 22.640000
0.060228 -0.224995 22.640000
0.077436 -0.224889 22.640000
0.094643 -0.224722 22.640000
0.111848 -0.224416 22.640000
0.129031 -0.223488 22.640000
0.138426 -0.209071 22.640000
0.147294 -0.194324 22.640000
0.156042 -0.179506 22.640000
0.164738 -0.164656 22.640000
0.173401 -0.149788 22.640000
0.182041 -0.134907 22.640000
0.190662 -0.120014 22.640000
0.199266 -0.105111 22.640000
0.207853 -0.090199 22.640000
0.216421 -0.075275 22.640000
0.224966 -0.060339 22.640000
0.233478 -0.045384 22.640000
0.241936 -0.030398 22.640000
0.250274 -0.015345 22.640000
0.258062 0.000000 22.640000

