0.344026 0.000000 37.390000
0.333568 0.020417 37.390000
0.322418 0.040464 37.390000
0.311119 0.060428 37.390000
0.299753 0.080354 37.390000
0.288348 0.100257 37.390000
0.276917 0.120146 37.390000
0.265465 0.140022 37.390000
0.253995 0.159888 37.390000
0.242507 0.179744 37.390000
0.230999 0.199588 37.390000
0.219465 0.219417 37.390000
0.207891 0.239223 37.390000
0.196252 0.258990 37.390000
0.184465 0.278670 37.390000
0.172013 0.297936 37.390000
0.149103 0.299087 37.390000
0.126166 0.299455 37.390000
0.103227 0.299651 37.390000
0.080288 0.299770 37.390000
0.057349 0.299845 37.390000
0.034409 0.299890 37.390000
0.011470 0.299910 37.390000
-0.011470 0.299910 37.390000
-0.034409 0.299890 37.390000
-0.057349 0.299845 37.390000
-0.080288 0.299770 37.390000
-0.103227 0.299651 37.390000
-0.126166 0.299455 37.390000
-0.149103 0.299087 37.390000
-0.172013 0.297936 37.390000
-0.184465 0.278670 37.390000
-0.196252 0.258990 37.390000
-0.207891 0.239223 37.390000
-0.219465 0.219417 37.390000
-0.230999 0.199588 37.390000
-0.242507 0.179744 37.390000
-0.253995 0.159888 37.390000
-0.265465 0.140022 37.390000
-0.276917 0.120146 37.390000
-0.288348 0.100257 37.390000
-0.299753 0.080354 37.390000
-0.311119 0.060428 37.390000
-0.322418 0.040464 37.390000
-0.333568 0.020417 37.390000
-0.344026 0.000000 37.390000
-0.333568 -0.020417 37.390000
-0.322418 -0.040464 37.390000
-0.311119 -0.060428 37.390000
-0.299753 -0.080354 37.390000
-0.288348 -0.100257 37.390000
-0.276917 -0.120146 37.390000
-0.265465 -0.140022 37.390000
-0.253995 -0.159888 37.390000
-0.242507 -0.179744 37.390000
-0.230999 -0.199588 37.390000
-0.219465 -0.219417 37.390000
-0.207891 -0.239223 37.390000
-0.196252 -0.258990 37.390000
-0.184465 -0.278670 37.390000
-0.172013 -0.297936 37.390000
-0.149103 -0.299087 37.390000
-0.126166 -0.299455 37.390000
-0.103227 -0.299651 37.390000
-0.080288 -0.299770 37.390000
-0.057349 -0.299845 37.390000
-0.034409 -0.299890 37.390000
-0.011470 -0.299910 37.390000
0.011470 -0.299910 37.390000
0.034409 -0.299890 37.390000
0.057349 -0.299845 37.390000
0.080288 -0.299770 37.390000
0.103227 -0.299651 37.390000
0.126166 -0.299455 37.390000
0.149103 -0.299087 37.390000
0.172013 -0.297936 37.390000
0.184465 -0.278670 37.390000
0.196252 -0.258990 37.390000
0.207891 -0.239223 37.390000
0.219465 -0.219417 37.390000
0.230999 -0.199588 37.390000
0.242507 -0.179744 37.390000
0.253995 -0.159888 37.390000
0.265465 -0.140022 37.390000
0.276917 -0.120146 37.390000
0.288348 -0.100257 37.390000
0.299753 -0.080354 37.390000
0.311119 -0.060428 37.390000
0.322418 -0.040464 37.390000
0.333568 -0.020417 37.390000
0.344026 0.000000 37.390000

