0.189081 0.000000 12.790000
0.183413 0.011263 12.790000
0.177320 0.022302 12.790000
0.171133 0.033288 12.790000
0.164904 0.044250 12.790000
0.158649 0.055198 12.790000
0.152375 0.066135 12.790000
0.146085 0.077062 12.790000
0.139780 0.087982 12.790000
0.133462 0.098893 12.790000
0.127127 0.109795 12.790000
0.120774 0.120686 12.790000
0.114394 0.131561 12.790000
0.107974 0.142413 12.790000
0.101460 0.153209 12.790000
0.094540 0.163749 12.790000
0.081952 0.164471 12.790000
0.069346 0.164714 12.790000
0.056738 0.164849 12.790000
0.044130 0.164936 12.790000
0.031521 0.164993 12.790000
0.018913 0.165028 12.790000
0.006304 0.165044 12.790000
-0.006304 0.165044 12.790000
-0.018913 0.165028 12.790000
-0.031521 0.164993 12.790000
-0.044130 0.164936 12.790000
-0.056738 0.164849 12.790000
-0.069346 0.164714 12.790000
-0.081952 0.164471 12.790000
-0.094540 0.163749 12.790000
-0.101460 0.153209 12.790000
-0.107974 0.142413 12.790000
-0.114394 0.131561 12.790000
-0.120774 0.120686 12.790000
-0.127127 0.109795 12.790000
-0.133462 0.098893 12.790000
-0.139780 0.087982 12.790000
-0.146085 0.077062 12.790000
-0.152375 0.066135 12.790000
-0.158649 0.055198 12.790000
-0.164904 0.044250 12.790000
-0.171133 0.033288 12.790000
-0.177320 0.022302 12.790000
-0.183413 0.011263 12.790000
-0.189081 0.000000 12.790000
-0.183413 -0.011263 12.790000
-0.177320 -0.022302 12.790000
-0.171133 -0.033288 12.790000
-0.164904 -0.044250 12.790000
-0.158649 -0.055198 12.790000
-0.152375 -0.066135 12.790000
-0.146085 -0.077062 12.790000
-0.139780 -0.087982 12.790000
-0.133462 -0.098893 12.790000
-0.127127 -0.109795 12.790000
-0.120774 -0.120686 12.790000
-0.114394 -0.131561 12.790000
-0.107974 -0.142413 12.790000
-0.101460 -0.153209 12.790000
-0.094540 -0.163749 12.790000
-0.081952 -0.164471 12.790000
-0.069346 -0.164714 12.790000
-0.056738 -0.164849 12.790000
-0.044130 -0.164936 12.790000
-0.031521 -0.164993 12.790000
-0.018913 -0.165028 12.790000
-0.006304 -0.165044 12.790000
0.006304 -0.165044 12.790000
0.018913 -0.165028 12.790000
0.031521 -0.164993 12.790000
0.044130 -0.164936 12.790000
0.056738 -0.164849 12.790000
0.069346 -0.164714 12.790000
0.081952 -0.164471 12.790000
0.094540 -0.163749 12.790000
0.101460 -0.153209 12.790000
0.107974 -0.142413 12.790000
0.114394 -0.131561 12.790000
0.120774 -0.120686 12.790000
0.127127 -0.109795 12.790000
0.133462 -0.098893 12.790000
0.139780 -0.087982 12.790000
0.146085 -0.077062 12.790000
0.152375 -0.066135 12.790000
0.158649 -0.055198 12.790000
0.164904 -0.044250 12.790000
0.171133 -0.033288 12.790000
0.177320 -0.022302 12.790000
0.183413 -0.011263 12.790000
0.189081 0.000000 12.790000

