0.155329 -0.000000 8.710000
0.150688 0.009261 8.710000
0.145690 0.018333 8.710000
0.140612 0.027361 8.710000
0.135498 0.036368 8.710000
0.130361 0.045363 8.710000
0.125209 0.054348 8.710000
0.120042 0.063326 8.710000
0.114863 0.072296 8.710000
0.109671 0.081260 8.710000
0.104466 0.090215 8.710000
0.099245 0.099160 8.710000
0.094001 0.108093 8.710000
0.088722 0.117005 8.710000
0.083364 0.125870 8.710000
0.077664 0.134518 8.710000
0.067324 0.135130 8.710000
0.056968 0.135338 8.710000
0.046611 0.135454 8.710000
0.036253 0.135528 8.710000
0.025895 0.135578 8.710000
0.015537 0.135608 8.710000
0.005179 0.135623 8.710000
-0.005179 0.135623 8.710000
-0.015537 0.135608 8.710000
-0.025895 0.135578 8.710000
-0.036253 0.135528 8.710000
-0.046611 0.135454 8.710000
-0.056968 0.135338 8.710000
-0.067324 0.135130 8.710000
-0.077664 0.134518 8.710000
-0.083364 0.125870 8.710000
-0.088722 0.117005 8.710000
-0.094001 0.108093 8.710000
-0.099245 0.099160 8.710000
-0.104466 0.090215 8.710000
-0.109671 0.081260 8.710000
-0.114863 0.072296 8.710000
-0.120042 0.063326 8.710000
-0.125209 0.054348 8.710000
-0.130361 0.045363 8.710000
-0.135498 0.036368 8.710000
-0.140612 0.027361 8.710000
-0.145690 0.018333 8.710000
-0.150688 0.009261 8.710000
-0.155329 -0.000000 8.710000
-0.150688 -0.009261 8.710000
-0.145690 -0.018333 8.710000
-0.140612 -0.027361 8.710000
-0.135498 -0.036368 8.710000
-0.130361 -0.045363 8.710000
-0.125209 -0.054348 8.710000
-0.120042 -0.063326 8.710000
-0.114863 -0.072296 8.710000
-0.109671 -0.081260 8.710000
-0.104466 -0.090215 8.710000
-0.099245 -0.099160 8.710000
-0.094001 -0.108093 8.710000
-0.088722 -0.117005 8.710000
-0.083364 -0.125870 8.710000
-0.077664 -0.134518 8.710000
-0.067324 -0.135130 8.710000
-0.056968 -0.135338 8.710000
-0.046611 -0.135454 8.710000
-0.036253 -0.135528 8.710000
-0.025895 -0.135578 8.710000
-0.015537 -0.135608 8.710000
-0.005179 -0.135623 8.710000
0.005179 -0.135623 8.710000
0.015537 -0.135608 8.710000
0.025895 -0.135578 8.710000
0.036253 -0.135528 8.710000
0.046611 -0.135454 8.710000
0.056968 -0.135338 8.710000
0.067324 -0.135130 8.710000
0.077664 -0.134518 8.710000
0.083364 -0.125870 8.710000
0.088722 -0.117005 8.710000
0.094001 -0.108093 8.710000
0.099245 -0.099160 8.710000
0.104466 -0.090215 8.710000
0.109671 -0.081260 8.710000
0.114863 -0.072296 8.710000
0.120042 -0.063326 8.710000
0.125209 -0.054348 8.710000
0.130361 -0.045363 8.710000
0.135498 -0.036368 8.710000
0.140612 -0.027361 8.710000
0.145690 -0.018333 8.710000
0.150688 -0.009261 8.710000
0.155329 -0.000000 8.710000

