0.323440 0.000000 33.630000
0.313624 0.019203 33.630000
0.303149 0.038056 33.630000
0.292531 0.056828 33.630000
0.281849 0.075564 33.630000
0.271130 0.094278 33.630000
0.260385 0.112978 33.630000
0.249619 0.131666 33.630000
0.238836 0.150344 33.630000
0.228034 0.169011 33.630000
0.217213 0.187666 33.630000
0.206365 0.206307 33.630000
0.195480 0.224925 33.630000
0.184532 0.243507 33.630000
0.173443 0.262005 33.630000
0.161720 0.280108 33.630000
0.140181 0.281208 33.630000
0.118617 0.281563 33.630000
0.097051 0.281753 33.630000
0.075484 0.281870 33.630000
0.053917 0.281945 33.630000
0.032351 0.281989 33.630000
0.010784 0.282010 33.630000
-0.010784 0.282010 33.630000
-0.032351 0.281989 33.630000
-0.053917 0.281945 33.630000
-0.075484 0.281870 33.630000
-0.097051 0.281753 33.630000
-0.118617 0.281563 33.630000
-0.140181 0.281208 33.630000
-0.161720 0.280108 33.630000
-0.173443 0.262005 33.630000
-0.184532 0.243507 33.630000
-0.195480 0.224925 33.630000
-0.206365 0.206307 33.630000
-0.217213 0.187666 33.630000
-0.228034 0.169011 33.630000
-0.238836 0.150344 33.630000
-0.249619 0.131666 33.630000
-0.260385 0.112978 33.630000
-0.271130 0.094278 33.630000
-0.281849 0.075564 33.630000
-0.292531 0.056828 33.630000
-0.303149 0.038056 33.630000
-0.313624 0.019203 33.630000
-0.323440 0.000000 33.630000
-0.313624 -0.019203 33.630000
-0.303149 -0.038056 33.630000
-0.292531 -0.056828 33.630000
-0.281849 -0.075564 33.630000
-0.271130 -0.094278 33.630000
-0.260385 -0.112978 33.630000
-0.249619 -0.131666 33.630000
-0.238836 -0.150344 33.630000
-0.228034 -0.169011 33.630000
-0.217213 -0.187666 33.630000
-0.206365 -0.206307 33.630000
-0.195480 -0.224925 33.630000
-0.184532 -0.243507 33.630000
-0.173443 -0.262005 33.630000
-0.161720 -0.280108 33.630000
-0.140181 -0.281208 33.630000
-0.118617 -0.281563 33.630000
-0.097051 -0.281753 33.630000
-0.075484 -0.281870 33.630000
-0.053917 -0.281945 33.630000
-0.032351 -0.281989 33.630000
-0.010784 -0.282010 33.630000
0.010784 -0.282010 33.630000
0.032351 -0.281989 33.630000
0.053917 -0.281945 33.630000
0.075484 -0.281870 33.630000
0.097051 -0.281753 33.630000
0.118617 -0.281563 33.630000
0.140181 -0.281208 33.630000
0.161720 -0.280108 33.630000
0.173443 -0.262005 33.630000
0.184532 -0.243507 33.630000
0.195480 -0.224925 33.630000
0.206365 -0.206307 33.630000
0.217213 -0.187666 33.630000
0.228034 -0.169011 33.630000
0.238836 -0.150344 33.630000
0.249619 -0.131666 33.630000
0.260385 -0.112978 33.630000
0.271130 -0.094278 33.630000
0.281849 -0.075564 33.630000
0.292531 -0.056828 33.630000
0.303149 -0.038056 33.630000
0.313624 -0.019203 33.630000
0.323440 0.000000 33.630000

