0.201732 0.000000 14.450000
0.195676 0.012012 14.450000
0.189173 0.023788 14.450000
0.182570 0.035508 14.450000
0.175922 0.047203 14.450000
0.169248 0.058882 14.450000
0.162553 0.070550 14.450000
0.155842 0.082209 14.450000
0.149116 0.093859 14.450000
0.142375 0.105500 14.450000
0.135617 0.117132 14.450000
0.128840 0.128752 14.450000
0.122035 0.140356 14.450000
0.115187 0.151934 14.450000
0.108241 0.163455 14.450000
0.100866 0.174705 14.450000
0.087435 0.175467 14.450000
0.073986 0.175722 14.450000
0.060534 0.175864 14.450000
0.047082 0.175954 14.450000
0.033630 0.176014 14.450000
0.020178 0.176050 14.450000
0.006726 0.176068 14.450000
-0.006726 0.176068 14.450000
-0.020178 0.176050 14.450000
-0.033630 0.176014 14.450000
-0.047082 0.175954 14.450000
-0.060534 0.175864 14.450000
-0.073986 0.175722 14.450000
-0.087435 0.175467 14.450000
-0.100866 0.174705 14.450000
-0.108241 0.163455 14.450000
-0.115187 0.151934 14.450000
-0.122035 0.140356 14.450000
-0.128840 0.128752 14.450000
-0.135617 0.117132 14.450000
-0.142375 0.105500 14.450000
-0.149116 0.093859 14.450000
-0.155842 0.082209 14.450000
-0.162553 0.070550 14.450000
-0.169248 0.058882 14.450000
-0.175922 0.047203 14.450000
-0.182570 0.035508 14.450000
-0.189173 0.023788 14.450000
-0.195676 0.012012 14.450000
-0.201732 0.000000 14.450000
-0.195676 -0.012012 14.450000
-0.189173 -0.023788 14.450000
-0.182570 -0.035508 14.450000
-0.175922 -0.047203 14.450000
-0.169248 -0.058882 14.450000
-0.162553 -0.070550 14.450000
-0.155842 -0.082209 14.450000
-0.149116 -0.093859 14.450000
-0.142375 -0.105500 14.450000
-0.135617 -0.117132 14.450000
-0.128840 -0.128752 14.450000
-0.122035 -0.140356 14.450000
-0.115187 -0.151934 14.450000
-0.108241 -0.163455 14.450000
-0.100866 -0.174705 14.450000
-0.087435 -0.175467 14.450000
-0.073986 -0.175722 14.450000
-0.060534 -0.175864 14.450000
-0.047082 -0.175954 14.450000
-0.033630 -0.176014 14.450000
-0.020178 -0.176050 14.450000
-0.006726 -0.176068 14.450000
0.006726 -0.176068 14.450000
0.020178 -0.176050 14.450000
0.033630 -0.176014 14.450000
0.047082 -0.175954 14.450000
0.060534 -0.175864 14.450000
0.073986 -0.175722 14.450000
0.087435 -0.175467 14.450000
0.100866 -0.174705 14.450000
0.108241 -0.163455 14.450000
0.115187 -0.151934 14.450000
0.122035 -0.140356 14.450000
0.128840 -0.128752 14.450000
0.135617 -0.117132 14.450000
0.142375 -0.105500 14.450000
0.149116 -0.093859 14.450000
0.155842 -0.082209 14.450000
0.162553 -0.070550 14.450000
0.169248 -0.058882 14.450000
0.175922 -0.047203 14.450000
0.182570 -0.035508 14.450000
0.189173 -0.023788 14.450000
0.195676 -0.012012 14.450000
0.201732 0.000000 14.450000

