0.265792 0.000000 23.860000
0.257765 0.015802 23.860000
0.249175 0.031304 23.860000
0.240462 0.046738 23.860000
0.231693 0.062140 23.860000
0.222892 0.077524 23.860000
0.214067 0.092894 23.860000
0.205222 0.108252 23.860000
0.196360 0.123601 23.860000
0.187481 0.138940 23.860000
0.178583 0.154268 23.860000
0.169661 0.169582 23.860000
0.160707 0.184877 23.860000
0.151698 0.200140 23.860000
0.142567 0.215331 23.860000
0.132896 0.230183 23.860000
0.115198 0.231132 23.860000
0.097477 0.231444 23.860000
0.079755 0.231615 23.860000
0.062032 0.231722 23.860000
0.044309 0.231792 23.860000
0.026585 0.231834 23.860000
0.008862 0.231854 23.860000
-0.008862 0.231854 23.860000
-0.026585 0.231834 23.860000
-0.044309 0.231792 23.860000
-0.062032 0.231722 23.860000
-0.079755 0.231615 23.860000
-0.097477 0.231444 23.860000
-0.115198 0.231132 23.860000
-0.132896 0.230183 23.860000
-0.142567 0.215331 23.860000
-0.151698 0.200140 23.860000
-0.160707 0.184877 23.860000
-0.169661 0.169582 23.860000
-0.178583 0.154268 23.860000
-0.187481 0.138940 23.860000
-0.196360 0.123601 23.860000
-0.205222 0.108252 23.860000
-0.214067 0.092894 23.860000
-0.222892 0.077524 23.860000
-0.231693 0.062140 23.860000
-0.240462 0.046738 23.860000
-0.249175 0.031304 23.860000
-0.257765 0.015802 23.860000
-0.265792 0.000000 23.860000
-0.257765 -0.015802 23.860000
-0.249175 -0.031304 23.860000
-0.240462 -0.046738 23.860000
-0.231693 -0.062140 23.860000
-0.222892 -0.077524 23.860000
-0.214067 -0.092894 23.860000
-0.205222 -0.108252 23.860000
-0.196360 -0.123601 23.860000
-0.187481 -0.138940 23.860000
-0.178583 -0.154268 23.860000
-0.169661 -0.169582 23.860000
-0.160707 -0.184877 23.860000
-0.151698 -0.200140 23.860000
-0.142567 -0.215331 23.860000
-0.132896 -0.230183 23.860000
-0.115198 -0.231132 23.860000
-0.097477 -0.231444 23.860000
-0.079755 -0.231615 23.860000
-0.062032 -0.231722 23.860000
-0.044309 -0.231792 23.860000
-0.026585 -0.231834 23.860000
-0.008862 -0.231854 23.860000
0.008862 -0.231854 23.860000
0.026585 -0.231834 23.860000
0.044309 -0.231792 23.860000
0.062032 -0.231722 23.860000
0.079755 -0.231615 23.860000
0.097477 -0.231444 23.860000
0.115198 -0.231132 23.860000
0.132896 -0.230183 23.860000
0.142567 -0.215331 23.860000
0.151698 -0.200140 23.860000
0.160707 -0.184877 23.860000
0.169661 -0.169582 23.860000
0.178583 -0.154268 23.860000
0.187481 -0.138940 23.860000
0.196360 -0.123601 23.860000
0.205222 -0.108252 23.860000
0.214067 -0.092894 23.860000
0.222892 -0.077524 23.860000
0.231693 -0.062140 23.860000
0.240462 -0.046738 23.860000
0.249175 -0.031304 23.860000
0.257765 -0.015802 23.860000
0.265792 0.000000 23.860000

