0.261184 0.000000 23.130000
0.253299 0.015529 23.130000
0.244860 0.030764 23.130000
0.236298 0.045930 23.130000
0.227682 0.061066 23.130000
0.219034 0.076183 23.130000
0.210362 0.091287 23.130000
0.201671 0.106380 23.130000
0.192963 0.121463 23.130000
0.184238 0.136536 23.130000
0.175494 0.151597 23.130000
0.166726 0.166646 23.130000
0.157926 0.181675 23.130000
0.149072 0.196673 23.130000
0.140098 0.211599 23.130000
0.130592 0.226192 23.130000
0.113201 0.227128 23.130000
0.095788 0.227437 23.130000
0.078372 0.227605 23.130000
0.060956 0.227712 23.130000
0.043540 0.227781 23.130000
0.026124 0.227823 23.130000
0.008708 0.227843 23.130000
-0.008708 0.227843 23.130000
-0.026124 0.227823 23.130000
-0.043540 0.227781 23.130000
-0.060956 0.227712 23.130000
-0.078372 0.227605 23.130000
-0.095788 0.227437 23.130000
-0.113201 0.227128 23.130000
-0.130592 0.226192 23.130000
-0.140098 0.211599 23.130000
-0.149072 0.196673 23.130000
-0.157926 0.181675 23.130000
-0.166726 0.166646 23.130000
-0.175494 0.151597 23.130000
-0.184238 0.136536 23.130000
-0.192963 0.121463 23.130000
-0.201671 0.106380 23.130000
-0.210362 0.091287 23.130000
-0.219034 0.076183 23.130000
-0.227682 0.061066 23.130000
-0.236298 0.045930 23.130000
-0.244860 0.030764 23.130000
-0.253299 0.015529 23.130000
-0.261184 0.000000 23.130000
-0.253299 -0.015529 23.130000
-0.244860 -0.030764 23.130000
-0.236298 -0.045930 23.130000
-0.227682 -0.061066 23.130000
-0.219034 -0.076183 23.130000
-0.210362 -0.091287 23.130000
-0.201671 -0.106380 23.130000
-0.192963 -0.121463 23.130000
-0.184238 -0.136536 23.130000
-0.175494 -0.151597 23.130000
-0.166726 -0.166646 23.130000
-0.157926 -0.181675 23.130000
-0.149072 -0.196673 23.130000
-0.140098 -0.211599 23.130000
-0.130592 -0.226192 23.130000
-0.113201 -0.227128 23.130000
-0.095788 -0.227437 23.130000
-0.078372 -0.227605 23.130000
-0.060956 -0.227712 23.130000
-0.043540 -0.227781 23.130000
-0.026124 -0.227823 23.130000
-0.008708 -0.227843 23.130000
0.008708 -0.227843 23.130000
0.026124 -0.227823 23.130000
0.043540 -0.227781 23.130000
0.060956 -0.227712 23.130000
0.078372 -0.227605 23.130000
0.095788 -0.227437 23.130000
0.113201 -0.227128 23.130000
0.130592 -0.226192 23.130000
0.140098 -0.211599 23.130000
0.149072 -0.196673 23.130000
0.157926 -0.181675 23.130000
0.166726 -0.166646 23.130000
0.175494 -0.151597 23.130000
0.184238 -0.136536 23.130000
0.192963 -0.121463 23.130000
0.201671 -0.106380 23.130000
0.210362 -0.091287 23.130000
0.219034 -0.076183 23.130000
0.227682 -0.061066 23.130000
0.236298 -0.045930 23.130000
0.244860 -0.030764 23.130000
0.253299 -0.015529 23.130000
0.261184 0.000000 23.130000

