0.216688 0.000000 16.500000
0.210174 0.012898 16.500000
0.203184 0.025544 16.500000
0.196089 0.038131 16.500000
0.188946 0.050692 16.500000
0.181776 0.063237 16.500000
0.174584 0.075769 16.500000
0.167375 0.088292 16.500000
0.160150 0.100805 16.500000
0.152910 0.113310 16.500000
0.145652 0.125804 16.500000
0.138374 0.138286 16.500000
0.131067 0.150752 16.500000
0.123714 0.163190 16.500000
0.116257 0.175567 16.500000
0.108344 0.187657 16.500000
0.093917 0.188465 16.500000
0.079470 0.188734 16.500000
0.065022 0.188883 16.500000
0.050573 0.188978 16.500000
0.036123 0.189041 16.500000
0.021674 0.189079 16.500000
0.007225 0.189097 16.500000
-0.007225 0.189097 16.500000
-0.021674 0.189079 16.500000
-0.036123 0.189041 16.500000
-0.050573 0.188978 16.500000
-0.065022 0.188883 16.500000
-0.079470 0.188734 16.500000
-0.093917 0.188465 16.500000
-0.108344 0.187657 16.500000
-0.116257 0.175567 16.500000
-0.123714 0.163190 16.500000
-0.131067 0.150752 16.500000
-0.138374 0.138286 16.500000
-0.145652 0.125804 16.500000
-0.152910 0.113310 16.500000
-0.160150 0.100805 16.500000
-0.167375 0.088292 16.500000
-0.174584 0.075769 16.500000
-0.181776 0.063237 16.500000
-0.188946 0.050692 16.500000
-0.196089 0.038131 16.500000
-0.203184 0.025544 16.500000
-0.210174 0.012898 16.500000
-0.216688 0.000000 16.500000
-0.210174 -0.012898 16.500000
-0.203184 -0.025544 16.500000
-0.196089 -0.038131 16.500000
-0.188946 -0.050692 16.500000
-0.181776 -0.063237 16.500000
-0.174584 -0.075769 16.500000
-0.167375 -0.088292 16.500000
-0.160150 -0.100805 16.500000
-0.152910 -0.113310 16.500000
-0.145652 -0.125804 16.500000
-0.138374 -0.138286 16.500000
-0.131067 -0.150752 16.500000
-0.123714 -0.163190 16.500000
-0.116257 -0.175567 16.500000
-0.108344 -0.187657 16.500000
-0.093917 -0.188465 16.500000
-0.079470 -0.188734 16.500000
-0.065022 -0.188883 16.500000
-0.050573 -0.188978 16.500000
-0.036123 -0.189041 16.500000
-0.021674 -0.189079 16.500000
-0.007225 -0.189097 16.500000
0.007225 -0.189097 16.500000
0.021674 -0.189079 16.500000
0.036123 -0.189041 16.500000
0.050573 -0.188978 16.500000
0.065022 -0.188883 16.500000
0.079470 -0.188734 16.500000
0.093917 -0.188465 16.500000
0.108344 -0.187657 16.500000
0.116257 -0.175567 16.500000
0.123714 -0.163190 16.500000
0.131067 -0.150752 16.500000
0.138374 -0.138286 16.500000
0.145652 -0.125804 16.500000
0.152910 -0.113310 16.500000
0.160150 -0.100805 16.500000
0.167375 -0.088292 16.500000
0.174584 -0.075769 16.500000
0.181776 -0.063237 16.500000
0.188946 -0.050692 16.500000
0.196089 -0.038131 16.500000
0.203184 -0.025544 16.500000
0.210174 -0.012898 16.500000
0.216688 0.000000 16.500000

