0.116791 -0.000000 4.720000
0.113317 0.006971 4.720000
0.109565 0.013795 4.720000
0.105750 0.020586 4.720000
0.101907 0.027360 4.720000
0.098047 0.034124 4.720000
0.094173 0.040881 4.720000
0.090289 0.047632 4.720000
0.086395 0.054377 4.720000
0.082491 0.061116 4.720000
0.078576 0.067849 4.720000
0.074648 0.074574 4.720000
0.070703 0.081289 4.720000
0.066730 0.087988 4.720000
0.062695 0.094650 4.720000
0.058396 0.101144 4.720000
0.050622 0.101621 4.720000
0.042835 0.101784 4.720000
0.035047 0.101875 4.720000
0.027259 0.101934 4.720000
0.019471 0.101973 4.720000
0.011683 0.101997 4.720000
0.003894 0.102009 4.720000
-0.003894 0.102009 4.720000
-0.011683 0.101997 4.720000
-0.019471 0.101973 4.720000
-0.027259 0.101934 4.720000
-0.035047 0.101875 4.720000
-0.042835 0.101784 4.720000
-0.050622 0.101621 4.720000
-0.058396 0.101144 4.720000
-0.062695 0.094650 4.720000
-0.066730 0.087988 4.720000
-0.070703 0.081289 4.720000
-0.074648 0.074574 4.720000
-0.078576 0.067849 4.720000
-0.082491 0.061116 4.720000
-0.086395 0.054377 4.720000
-0.090289 0.047632 4.720000
-0.094173 0.040881 4.720000
-0.098047 0.034124 4.720000
-0.101907 0.027360 4.720000
-0.105750 0.020586 4.720000
-0.109565 0.013795 4.720000
-0.113317 0.006971 4.720000
-0.116791 -0.000000 4.720000
-0.113317 -0.006971 4.720000
-0.109565 -0.013795 4.720000
-0.105750 -0.020586 4.720000
-0.101907 -0.027360 4.720000
-0.098047 -0.034124 4.720000
-0.094173 -0.040881 4.720000
-0.090289 -0.047632 4.720000
-0.086395 -0.054377 4.720000
-0.082491 -0.061116 4.720000
-0.078576 -0.067849 4.720000
-0.074648 -0.074574 4.720000
-0.070703 -0.081289 4.720000
-0.066730 -0.087988 4.720000
-0.062695 -0.094650 4.720000
-0.058396 -0.101144 4.720000
-0.050622 -0.101621 4.720000
-0.042835 -0.101784 4.720000
-0.035047 -0.101875 4.720000
-0.027259 -0.101934 4.720000
-0.019471 -0.101973 4.720000
-0.011683 -0.101997 4.720000
-0.003894 -0.102009 4.720000
0.003894 -0.102009 4.720000
0.011683 -0.101997 4.720000
0.019471 -0.101973 4.720000
0.027259 -0.101934 4.720000
0.035047 -0.101875 4.720000
0.042835 -0.101784 4.720000
0.050622 -0.101621 4.720000
0.058396 -0.101144 4.720000
0.062695 -0.094650 4.720000
0.066730 -0.087988 4.720000
0.070703 -0.081289 4.720000
0.074648 -0.074574 4.720000
0.078576 -0.067849 4.720000
0.082491 -0.061116 4.720000
0.086395 -0.054377 4.720000
0.090289 -0.047632 4.720000
0.094173 -0.040881 4.720000
0.098047 -0.034124 4.720000
0.101907 -0.027360 4.720000
0.105750 -0.020586 4.720000
0.109565 -0.013795 4.720000
0.113317 -0.006971 4.720000
0.116791 -0.000000 4.720000

