0.073656 -0.000000 1.200000
0.071476 0.004401 1.200000
0.069113 0.008708 1.200000
0.066710 0.012992 1.200000
0.064288 0.017265 1.200000
0.061854 0.021532 1.200000
0.059412 0.025794 1.200000
0.056963 0.030052 1.200000
0.054507 0.034306 1.200000
0.052044 0.038556 1.200000
0.049575 0.042801 1.200000
0.047096 0.047042 1.200000
0.044606 0.051277 1.200000
0.042098 0.055500 1.200000
0.039549 0.059699 1.200000
0.036828 0.063788 1.200000
0.031926 0.064100 1.200000
0.027015 0.064208 1.200000
0.022104 0.064268 1.200000
0.017192 0.064308 1.200000
0.012280 0.064334 1.200000
0.007368 0.064350 1.200000
0.002456 0.064357 1.200000
-0.002456 0.064357 1.200000
-0.007368 0.064350 1.200000
-0.012280 0.064334 1.200000
-0.017192 0.064308 1.200000
-0.022104 0.064268 1.200000
-0.027015 0.064208 1.200000
-0.031926 0.064100 1.200000
-0.036828 0.063788 1.200000
-0.039549 0.059699 1.200000
-0.042098 0.055500 1.200000
-0.044606 0.051277 1.200000
-0.047096 0.047042 1.200000
-0.049575 0.042801 1.200000
-0.052044 0.038556 1.200000
-0.054507 0.034306 1.200000
-0.056963 0.030052 1.200000
-0.059412 0.025794 1.200000
-0.061854 0.021532 1.200000
-0.064288 0.017265 1.200000
-0.066710 0.012992 1.200000
-0.069113 0.008708 1.200000
-0.071476 0.004401 1.200000
-0.073656 -0.000000 1.200000
-0.071476 -0.004401 1.200000
-0.069113 -0.008708 1.200000
-0.066710 -0.012992 1.200000
-0.064288 -0.017265 1.200000
-0.061854 -0.021532 1.200000
-0.059412 -0.025794 1.200000
-0.056963 -0.030052 1.200000
-0.054507 -0.034306 1.200000
-0.052044 -0.038556 1.200000
-0.049575 -0.042801 1.200000
-0.047096 -0.047042 1.200000
-0.044606 -0.051277 1.200000
-0.042098 -0.055500 1.200000
-0.039549 -0.059699 1.200000
-0.036828 -0.063788 1.200000
-0.031926 -0.064100 1.200000
-0.027015 -0.064208 1.200000
-0.022104 -0.064268 1.200000
-0.017192 -0.064308 1.200000
-0.012280 -0.064334 1.200000
-0.007368 -0.064350 1.200000
-0.002456 -0.064357 1.200000
0.002456 -0.064357 1.200000
0.007368 -0.064350 1.200000
0.012280 -0.064334 1.200000
0.017192 -0.064308 1.200000
0.022104 -0.064268 1.200000
0.027015 -0.064208 1.200000
0.031926 -0.064100 1.200000
0.036828 -0.063788 1.200000
0.039549 -0.059699 1.200000
0.042098 -0.055500 1.200000
0.044606 -0.051277 1.200000
0.047096 -0.047042 1.200000
0.049575 -0.042801 1.200000
0.052044 -0.038556 1.200000
0.054507 -0.034306 1.200000
0.056963 -0.030052 1.200000
0.059412 -0.025794 1.200000
0.061854 -0.021532 1.200000
0.064288 -0.017265 1.200000
0.066710 -0.012992 1.200000
0.069113 -0.008708 1.200000
0.071476 -0.004401 1.200000
0.073656 -0.000000 1.200000

