0.271779 0.000000 24.820000
0.263567 0.016155 24.820000
0.254781 0.032006 24.820000
0.245870 0.047786 24.820000
0.236903 0.063535 24.820000
0.227903 0.079264 24.820000
0.218878 0.094980 24.820000
0.209834 0.110685 24.820000
0.200773 0.126380 24.820000
0.191694 0.142064 24.820000
0.182596 0.157737 24.820000
0.173474 0.173397 24.820000
0.164319 0.189037 24.820000
0.155109 0.204644 24.820000
0.145774 0.220178 24.820000
0.135890 0.235368 24.820000
0.117793 0.236333 24.820000
0.099673 0.236650 24.820000
0.081551 0.236823 24.820000
0.063429 0.236932 24.820000
0.045306 0.237002 24.820000
0.027184 0.237044 24.820000
0.009061 0.237064 24.820000
-0.009061 0.237064 24.820000
-0.027184 0.237044 24.820000
-0.045306 0.237002 24.820000
-0.063429 0.236932 24.820000
-0.081551 0.236823 24.820000
-0.099673 0.236650 24.820000
-0.117793 0.236333 24.820000
-0.135890 0.235368 24.820000
-0.145774 0.220178 24.820000
-0.155109 0.204644 24.820000
-0.164319 0.189037 24.820000
-0.173474 0.173397 24.820000
-0.182596 0.157737 24.820000
-0.191694 0.142064 24.820000
-0.200773 0.126380 24.820000
-0.209834 0.110685 24.820000
-0.218878 0.094980 24.820000
-0.227903 0.079264 24.820000
-0.236903 0.063535 24.820000
-0.245870 0.047786 24.820000
-0.254781 0.032006 24.820000
-0.263567 0.016155 24.820000
-0.271779 0.000000 24.820000
-0.263567 -0.016155 24.820000
-0.254781 -0.032006 24.820000
-0.245870 -0.047786 24.820000
-0.236903 -0.063535 24.820000
-0.227903 -0.079264 24.820000
-0.218878 -0.094980 24.820000
-0.209834 -0.110685 24.820000
-0.200773 -0.126380 24.820000
-0.191694 -0.142064 24.820000
-0.182596 -0.157737 24.820000
-0.173474 -0.173397 24.820000
-0.164319 -0.189037 24.820000
-0.155109 -0.204644 24.820000
-0.145774 -0.220178 24.820000
-0.135890 -0.235368 24.820000
-0.117793 -0.236333 24.820000
-0.099673 -0.236650 24.820000
-0.081551 -0.236823 24.820000
-0.063429 -0.236932 24.820000
-0.045306 -0.237002 24.820000
-0.027184 -0.237044 24.820000
-0.009061 -0.237064 24.820000
0.009061 -0.237064 24.820000
0.027184 -0.237044 24.820000
0.045306 -0.237002 24.820000
0.063429 -0.236932 24.820000
0.081551 -0.236823 24.820000
0.099673 -0.236650 24.820000
0.117793 -0.236333 24.820000
0.135890 -0.235368 24.820000
0.145774 -0.220178 24.820000
0.155109 -0.204644 24.820000
0.164319 -0.189037 24.820000
0.173474 -0.173397 24.820000
0.182596 -0.157737 24.820000
0.191694 -0.142064 24.820000
0.200773 -0.126380 24.820000
0.209834 -0.110685 24.820000
0.218878 -0.094980 24.820000
0.227903 -0.079264 24.820000
0.236903 -0.063535 24.820000
0.245870 -0.047786 24.820000
0.254781 -0.032006 24.820000
0.263567 -0.016155 24.820000
0.271779 0.000000 24.820000

