0.355637 0.000000 39.570000
0.344816 0.021101 39.570000
0.333285 0.041822 39.570000
0.321601 0.062457 39.570000
0.309849 0.083054 39.570000
0.298057 0.103628 39.570000
0.286239 0.124187 39.570000
0.274400 0.144734 39.570000
0.262543 0.165270 39.570000
0.250668 0.185797 39.570000
0.238773 0.206311 39.570000
0.226851 0.226810 39.570000
0.214890 0.247286 39.570000
0.202862 0.267722 39.570000
0.190681 0.288069 39.570000
0.177818 0.307991 39.570000
0.154134 0.309169 39.570000
0.130424 0.309545 39.570000
0.106711 0.309743 39.570000
0.082997 0.309864 39.570000
0.059284 0.309939 39.570000
0.035570 0.309983 39.570000
0.011857 0.310004 39.570000
-0.011857 0.310004 39.570000
-0.035570 0.309983 39.570000
-0.059284 0.309939 39.570000
-0.082997 0.309864 39.570000
-0.106711 0.309743 39.570000
-0.130424 0.309545 39.570000
-0.154134 0.309169 39.570000
-0.177818 0.307991 39.570000
-0.190681 0.288069 39.570000
-0.202862 0.267722 39.570000
-0.214890 0.247286 39.570000
-0.226851 0.226810 39.570000
-0.238773 0.206311 39.570000
-0.250668 0.185797 39.570000
-0.262543 0.165270 39.570000
-0.274400 0.144734 39.570000
-0.286239 0.124187 39.570000
-0.298057 0.103628 39.570000
-0.309849 0.083054 39.570000
-0.321601 0.062457 39.570000
-0.333285 0.041822 39.570000
-0.344816 0.021101 39.570000
-0.355637 0.000000 39.570000
-0.344816 -0.021101 39.570000
-0.333285 -0.041822 39.570000
-0.321601 -0.062457 39.570000
-0.309849 -0.083054 39.570000
-0.298057 -0.103628 39.570000
-0.286239 -0.124187 39.570000
-0.274400 -0.144734 39.570000
-0.262543 -0.165270 39.570000
-0.250668 -0.185797 39.570000
-0.238773 -0.206311 39.570000
-0.226851 -0.226810 39.570000
-0.214890 -0.247286 39.570000
-0.202862 -0.267722 39.570000
-0.190681 -0.288069 39.570000
-0.177818 -0.307991 39.570000
-0.154134 -0.309169 39.570000
-0.130424 -0.309545 39.570000
-0.106711 -0.309743 39.570000
-0.082997 -0.309864 39.570000
-0.059284 -0.309939 39.570000
-0.035570 -0.309983 39.570000
-0.011857 -0.310004 39.570000
0.011857 -0.310004 39.570000
0.035570 -0.309983 39.570000
0.059284 -0.309939 39.570000
0.082997 -0.309864 39.570000
0.106711 -0.309743 39.570000
0.130424 -0.309545 39.570000
0.154134 -0.309169 39.570000
0.177818 -0.307991 39.570000
0.190681 -0.288069 39.570000
0.202862 -0.267722 39.570000
0.214890 -0.247286 39.570000
0.226851 -0.226810 39.570000
0.238773 -0.206311 39.570000
0.250668 -0.185797 39.570000
0.262543 -0.165270 39.570000
0.274400 -0.144734 39.570000
0.286239 -0.124187 39.570000
0.298057 -0.103628 39.570000
0.309849 -0.083054 39.570000
0.321601 -0.062457 39.570000
0.333285 -0.041822 39.570000
0.344816 -0.021101 39.570000
0.355637 0.000000 39.570000

