0.336176 0.000000 35.940000
0.325962 0.019954 35.940000
0.315070 0.039546 35.940000
0.304030 0.059055 35.940000
0.292925 0.078527 35.940000
0.281782 0.097977 35.940000
0.270613 0.117412 35.940000
0.259422 0.136836 35.940000
0.248214 0.156249 35.940000
0.236988 0.175651 35.940000
0.225742 0.195042 35.940000
0.214469 0.214417 35.940000
0.203158 0.233770 35.940000
0.191783 0.253086 35.940000
0.180262 0.272315 35.940000
0.168088 0.291137 35.940000
0.145700 0.292269 35.940000
0.123287 0.292632 35.940000
0.100872 0.292825 35.940000
0.078456 0.292944 35.940000
0.056040 0.293019 35.940000
0.033624 0.293064 35.940000
0.011208 0.293084 35.940000
-0.011208 0.293084 35.940000
-0.033624 0.293064 35.940000
-0.056040 0.293019 35.940000
-0.078456 0.292944 35.940000
-0.100872 0.292825 35.940000
-0.123287 0.292632 35.940000
-0.145700 0.292269 35.940000
-0.168088 0.291137 35.940000
-0.180262 0.272315 35.940000
-0.191783 0.253086 35.940000
-0.203158 0.233770 35.940000
-0.214469 0.214417 35.940000
-0.225742 0.195042 35.940000
-0.236988 0.175651 35.940000
-0.248214 0.156249 35.940000
-0.259422 0.136836 35.940000
-0.270613 0.117412 35.940000
-0.281782 0.097977 35.940000
-0.292925 0.078527 35.940000
-0.304030 0.059055 35.940000
-0.315070 0.039546 35.940000
-0.325962 0.019954 35.940000
-0.336176 0.000000 35.940000
-0.325962 -0.019954 35.940000
-0.315070 -0.039546 35.940000
-0.304030 -0.059055 35.940000
-0.292925 -0.078527 35.940000
-0.281782 -0.097977 35.940000
-0.270613 -0.117412 35.940000
-0.259422 -0.136836 35.940000
-0.248214 -0.156249 35.940000
-0.236988 -0.175651 35.940000
-0.225742 -0.195042 35.940000
-0.214469 -0.214417 35.940000
-0.203158 -0.233770 35.940000
-0.191783 -0.253086 35.940000
-0.180262 -0.272315 35.940000
-0.168088 -0.291137 35.940000
-0.145700 -0.292269 35.940000
-0.123287 -0.292632 35.940000
-0.100872 -0.292825 35.940000
-0.078456 -0.292944 35.940000
-0.056040 -0.293019 35.940000
-0.033624 -0.293064 35.940000
-0.011208 -0.293084 35.940000
0.011208 -0.293084 35.940000
0.033624 -0.293064 35.940000
0.056040 -0.293019 35.940000
0.078456 -0.292944 35.940000
0.100872 -0.292825 35.940000
0.123287 -0.292632 35.940000
0.145700 -0.292269 35.940000
0.168088 -0.291137 35.940000
0.180262 -0.272315 35.940000
0.191783 -0.253086 35.940000
0.203158 -0.233770 35.940000
0.214469 -0.214417 35.940000
0.225742 -0.195042 35.940000
0.236988 -0.175651 35.940000
0.248214 -0.156249 35.940000
0.259422 -0.136836 35.940000
0.270613 -0.117412 35.940000
0.281782 -0.097977 35.940000
0.292925 -0.078527 35.940000
0.304030 -0.059055 35.940000
0.315070 -0.039546 35.940000
0.325962 -0.019954 35.940000
0.336176 0.000000 35.940000

