0.385367 0.000000 45.340000
0.373615 0.022851 45.340000
0.361108 0.045298 45.340000
0.348438 0.067653 45.340000
0.335697 0.089967 45.340000
0.322914 0.112257 45.340000
0.310103 0.134532 45.340000
0.297272 0.156795 45.340000
0.284424 0.179048 45.340000
0.271559 0.201291 45.340000
0.258674 0.223523 45.340000
0.245762 0.245739 45.340000
0.232808 0.267930 45.340000
0.219783 0.290080 45.340000
0.206597 0.312134 45.340000
0.192683 0.333738 45.340000
0.167018 0.334985 45.340000
0.141325 0.335378 45.340000
0.115630 0.335583 45.340000
0.089935 0.335705 45.340000
0.064239 0.335780 45.340000
0.038544 0.335823 45.340000
0.012848 0.335843 45.340000
-0.012848 0.335843 45.340000
-0.038544 0.335823 45.340000
-0.064239 0.335780 45.340000
-0.089935 0.335705 45.340000
-0.115630 0.335583 45.340000
-0.141325 0.335378 45.340000
-0.167018 0.334985 45.340000
-0.192683 0.333738 45.340000
-0.206597 0.312134 45.340000
-0.219783 0.290080 45.340000
-0.232808 0.267930 45.340000
-0.245762 0.245739 45.340000
-0.258674 0.223523 45.340000
-0.271559 0.201291 45.340000
-0.284424 0.179048 45.340000
-0.297272 0.156795 45.340000
-0.310103 0.134532 45.340000
-0.322914 0.112257 45.340000
-0.335697 0.089967 45.340000
-0.348438 0.067653 45.340000
-0.361108 0.045298 45.340000
-0.373615 0.022851 45.340000
-0.385367 0.000000 45.340000
-0.373615 -0.022851 45.340000
-0.361108 -0.045298 45.340000
-0.348438 -0.067653 45.340000
-0.335697 -0.089967 45.340000
-0.322914 -0.112257 45.340000
-0.310103 -0.134532 45.340000
-0.297272 -0.156795 45.340000
-0.284424 -0.179048 45.340000
-0.271559 -0.201291 45.340000
-0.258674 -0.223523 45.340000
-0.245762 -0.245739 45.340000
-0.232808 -0.267930 45.340000
-0.219783 -0.290080 45.340000
-0.206597 -0.312134 45.340000
-0.192683 -0.333738 45.340000
-0.167018 -0.334985 45.340000
-0.141325 -0.335378 45.340000
-0.115630 -0.335583 45.340000
-0.089935 -0.335705 45.340000
-0.064239 -0.335780 45.340000
-0.038544 -0.335823 45.340000
-0.012848 -0.335843 45.340000
0.012848 -0.335843 45.340000
0.038544 -0.335823 45.340000
0.064239 -0.335780 45.340000
0.089935 -0.335705 45.340000
0.115630 -0.335583 45.340000
0.141325 -0.335378 45.340000
0.167018 -0.334985 45.340000
0.192683 -0.333738 45.340000
0.206597 -0.312134 45.340000
0.219783 -0.290080 45.340000
0.232808 -0.267930 45.340000
0.245762 -0.245739 45.340000
0.258674 -0.223523 45.340000
0.271559 -0.201291 45.340000
0.284424 -0.179048 45.340000
0.297272 -0.156795 45.340000
0.310103 -0.134532 45.340000
0.322914 -0.112257 45.340000
0.335697 -0.089967 45.340000
0.348438 -0.067653 45.340000
0.361108 -0.045298 45.340000
0.373615 -0.022851 45.340000
0.385367 0.000000 45.340000

