0.232792 0.000000 18.810000
0.225784 0.013851 18.810000
0.218270 0.027434 18.810000
0.210644 0.040955 18.810000
0.202969 0.054448 18.810000
0.195263 0.067924 18.810000
0.187536 0.081387 18.810000
0.179791 0.094840 18.810000
0.172029 0.108284 18.810000
0.164251 0.121718 18.810000
0.156456 0.135141 18.810000
0.148638 0.148552 18.810000
0.140790 0.161945 18.810000
0.132893 0.175310 18.810000
0.124887 0.188609 18.810000
0.116396 0.201604 18.810000
0.100897 0.202460 18.810000
0.085376 0.202744 18.810000
0.069854 0.202901 18.810000
0.054331 0.203000 18.810000
0.038808 0.203065 18.810000
0.023285 0.203105 18.810000
0.007762 0.203124 18.810000
-0.007762 0.203124 18.810000
-0.023285 0.203105 18.810000
-0.038808 0.203065 18.810000
-0.054331 0.203000 18.810000
-0.069854 0.202901 18.810000
-0.085376 0.202744 18.810000
-0.100897 0.202460 18.810000
-0.116396 0.201604 18.810000
-0.124887 0.188609 18.810000
-0.132893 0.175310 18.810000
-0.140790 0.161945 18.810000
-0.148638 0.148552 18.810000
-0.156456 0.135141 18.810000
-0.164251 0.121718 18.810000
-0.172029 0.108284 18.810000
-0.179791 0.094840 18.810000
-0.187536 0.081387 18.810000
-0.195263 0.067924 18.810000
-0.202969 0.054448 18.810000
-0.210644 0.040955 18.810000
-0.218270 0.027434 18.810000
-0.225784 0.013851 18.810000
-0.232792 0.000000 18.810000
-0.225784 -0.013851 18.810000
-0.218270 -0.027434 18.810000
-0.210644 -0.040955 18.810000
-0.202969 -0.054448 18.810000
-0.195263 -0.067924 18.810000
-0.187536 -0.081387 18.810000
-0.179791 -0.094840 18.810000
-0.172029 -0.108284 18.810000
-0.164251 -0.121718 18.810000
-0.156456 -0.135141 18.810000
-0.148638 -0.148552 18.810000
-0.140790 -0.161945 18.810000
-0.132893 -0.175310 18.810000
-0.124887 -0.188609 18.810000
-0.116396 -0.201604 18.810000
-0.100897 -0.202460 18.810000
-0.085376 -0.202744 18.810000
-0.069854 -0.202901 18.810000
-0.054331 -0.203000 18.810000
-0.038808 -0.203065 18.810000
-0.023285 -0.203105 18.810000
-0.007762 -0.203124 18.810000
0.007762 -0.203124 18.810000
0.023285 -0.203105 18.810000
0.038808 -0.203065 18.810000
0.054331 -0.203000 18.810000
0.069854 -0.202901 18.810000
0.085376 -0.202744 18.810000
0.100897 -0.202460 18.810000
0.116396 -0.201604 18.810000
0.124887 -0.188609 18.810000
0.132893 -0.175310 18.810000
0.140790 -0.161945 18.810000
0.148638 -0.148552 18.810000
0.156456 -0.135141 18.810000
0.164251 -0.121718 18.810000
0.172029 -0.108284 18.810000
0.179791 -0.094840 18.810000
0.187536 -0.081387 18.810000
0.195263 -0.067924 18.810000
0.202969 -0.054448 18.810000
0.210644 -0.040955 18.810000
0.218270 -0.027434 18.810000
0.225784 -0.013851 18.810000
0.232792 0.000000 18.810000

