0.245333 0.000000 20.680000
0.237938 0.014592 20.680000
0.230015 0.028905 20.680000
0.221976 0.043153 20.680000
0.213886 0.057372 20.680000
0.205764 0.071573 20.680000
0.197620 0.085761 20.680000
0.189457 0.099938 20.680000
0.181277 0.114105 20.680000
0.173081 0.128263 20.680000
0.164866 0.142411 20.680000
0.156628 0.156545 20.680000
0.148360 0.170661 20.680000
0.140040 0.184746 20.680000
0.131606 0.198764 20.680000
0.122667 0.212465 20.680000
0.106332 0.213357 20.680000
0.089975 0.213652 20.680000
0.073616 0.213814 20.680000
0.057257 0.213917 20.680000
0.040898 0.213983 20.680000
0.024539 0.214024 20.680000
0.008180 0.214043 20.680000
-0.008180 0.214043 20.680000
-0.024539 0.214024 20.680000
-0.040898 0.213983 20.680000
-0.057257 0.213917 20.680000
-0.073616 0.213814 20.680000
-0.089975 0.213652 20.680000
-0.106332 0.213357 20.680000
-0.122667 0.212465 20.680000
-0.131606 0.198764 20.680000
-0.140040 0.184746 20.680000
-0.148360 0.170661 20.680000
-0.156628 0.156545 20.680000
-0.164866 0.142411 20.680000
-0.173081 0.128263 20.680000
-0.181277 0.114105 20.680000
-0.189457 0.099938 20.680000
-0.197620 0.085761 20.680000
-0.205764 0.071573 20.680000
-0.213886 0.057372 20.680000
-0.221976 0.043153 20.680000
-0.230015 0.028905 20.680000
-0.237938 0.014592 20.680000
-0.245333 0.000000 20.680000
-0.237938 -0.014592 20.680000
-0.230015 -0.028905 20.680000
-0.221976 -0.043153 20.680000
-0.213886 -0.057372 20.680000
-0.205764 -0.071573 20.680000
-0.197620 -0.085761 20.680000
-0.189457 -0.099938 20.680000
-0.181277 -0.114105 20.680000
-0.173081 -0.128263 20.680000
-0.164866 -0.142411 20.680000
-0.156628 -0.156545 20.680000
-0.148360 -0.170661 20.680000
-0.140040 -0.184746 20.680000
-0.131606 -0.198764 20.680000
-0.122667 -0.212465 20.680000
-0.106332 -0.213357 20.680000
-0.089975 -0.213652 20.680000
-0.073616 -0.213814 20.680000
-0.057257 -0.213917 20.680000
-0.040898 -0.213983 20.680000
-0.024539 -0.214024 20.680000
-0.008180 -0.214043 20.680000
0.008180 -0.214043 20.680000
0.024539 -0.214024 20.680000
0.040898 -0.213983 20.680000
0.057257 -0.213917 20.680000
0.073616 -0.213814 20.680000
0.089975 -0.213652 20.680000
0.106332 -0.213357 20.680000
0.122667 -0.212465 20.680000
0.131606 -0.198764 20.680000
0.140040 -0.184746 20.680000
0.148360 -0.170661 20.680000
0.156628 -0.156545 20.680000
0.164866 -0.142411 20.680000
0.173081 -0.128263 20.680000
0.181277 -0.114105 20.680000
0.189457 -0.099938 20.680000
0.197620 -0.085761 20.680000
0.205764 -0.071573 20.680000
0.213886 -0.057372 20.680000
0.221976 -0.043153 20.680000
0.230015 -0.028905 20.680000
0.237938 -0.014592 20.680000
0.245333 0.000000 20.680000

