0.352092 0.000000 38.900000
0.341382 0.020892 38.900000
0.329968 0.041408 38.900000
0.318401 0.061838 38.900000
0.306767 0.082230 38.900000
0.295093 0.102599 38.900000
0.283393 0.122953 38.900000
0.271672 0.143295 38.900000
0.259933 0.163627 38.900000
0.248177 0.183949 38.900000
0.236400 0.204259 38.900000
0.224596 0.224553 38.900000
0.212754 0.244824 38.900000
0.200844 0.265057 38.900000
0.188784 0.285199 38.900000
0.176046 0.304921 38.900000
0.152598 0.306091 38.900000
0.129124 0.306464 38.900000
0.105647 0.306662 38.900000
0.082170 0.306783 38.900000
0.058693 0.306858 38.900000
0.035216 0.306902 38.900000
0.011739 0.306922 38.900000
-0.011739 0.306922 38.900000
-0.035216 0.306902 38.900000
-0.058693 0.306858 38.900000
-0.082170 0.306783 38.900000
-0.105647 0.306662 38.900000
-0.129124 0.306464 38.900000
-0.152598 0.306091 38.900000
-0.176046 0.304921 38.900000
-0.188784 0.285199 38.900000
-0.200844 0.265057 38.900000
-0.212754 0.244824 38.900000
-0.224596 0.224553 38.900000
-0.236400 0.204259 38.900000
-0.248177 0.183949 38.900000
-0.259933 0.163627 38.900000
-0.271672 0.143295 38.900000
-0.283393 0.122953 38.900000
-0.295093 0.102599 38.900000
-0.306767 0.082230 38.900000
-0.318401 0.061838 38.900000
-0.329968 0.041408 38.900000
-0.341382 0.020892 38.900000
-0.352092 0.000000 38.900000
-0.341382 -0.020892 38.900000
-0.329968 -0.041408 38.900000
-0.318401 -0.061838 38.900000
-0.306767 -0.082230 38.900000
-0.295093 -0.102599 38.900000
-0.283393 -0.122953 38.900000
-0.271672 -0.143295 38.900000
-0.259933 -0.163627 38.900000
-0.248177 -0.183949 38.900000
-0.236400 -0.204259 38.900000
-0.224596 -0.224553 38.900000
-0.212754 -0.244824 38.900000
-0.200844 -0.265057 38.900000
-0.188784 -0.285199 38.900000
-0.176046 -0.304921 38.900000
-0.152598 -0.306091 38.900000
-0.129124 -0.306464 38.900000
-0.105647 -0.306662 38.900000
-0.082170 -0.306783 38.900000
-0.058693 -0.306858 38.900000
-0.035216 -0.306902 38.900000
-0.011739 -0.306922 38.900000
0.011739 -0.306922 38.900000
0.035216 -0.306902 38.900000
0.058693 -0.306858 38.900000
0.082170 -0.306783 38.900000
0.105647 -0.306662 38.900000
0.129124 -0.306464 38.900000
0.152598 -0.306091 38.900000
0.176046 -0.304921 38.900000
0.188784 -0.285199 38.900000
0.200844 -0.265057 38.900000
0.212754 -0.244824 38.900000
0.224596 -0.224553 38.900000
0.236400 -0.204259 38.900000
0.248177 -0.183949 38.900000
0.259933 -0.163627 38.900000
0.271672 -0.143295 38.900000
0.283393 -0.122953 38.900000
0.295093 -0.102599 38.900000
0.306767 -0.082230 38.900000
0.318401 -0.061838 38.900000
0.329968 -0.041408 38.900000
0.341382 -0.020892 38.900000
0.352092 0.000000 38.900000

