0.088753 -0.000000 2.310000
0.086121 0.005301 2.310000
0.083273 0.010490 2.310000
0.080376 0.015651 2.310000
0.077457 0.020800 2.310000
0.074524 0.025941 2.310000
0.071581 0.031076 2.310000
0.068630 0.036206 2.310000
0.065670 0.041332 2.310000
0.062703 0.046453 2.310000
0.059727 0.051569 2.310000
0.056742 0.056680 2.310000
0.053742 0.061782 2.310000
0.050721 0.066872 2.310000
0.047652 0.071932 2.310000
0.044377 0.076863 2.310000
0.038470 0.077234 2.310000
0.032552 0.077361 2.310000
0.026634 0.077433 2.310000
0.020715 0.077480 2.310000
0.014797 0.077510 2.310000
0.008878 0.077529 2.310000
0.002959 0.077538 2.310000
-0.002959 0.077538 2.310000
-0.008878 0.077529 2.310000
-0.014797 0.077510 2.310000
-0.020715 0.077480 2.310000
-0.026634 0.077433 2.310000
-0.032552 0.077361 2.310000
-0.038470 0.077234 2.310000
-0.044377 0.076863 2.310000
-0.047652 0.071932 2.310000
-0.050721 0.066872 2.310000
-0.053742 0.061782 2.310000
-0.056742 0.056680 2.310000
-0.059727 0.051569 2.310000
-0.062703 0.046453 2.310000
-0.065670 0.041332 2.310000
-0.068630 0.036206 2.310000
-0.071581 0.031076 2.310000
-0.074524 0.025941 2.310000
-0.077457 0.020800 2.310000
-0.080376 0.015651 2.310000
-0.083273 0.010490 2.310000
-0.086121 0.005301 2.310000
-0.088753 -0.000000 2.310000
-0.086121 -0.005301 2.310000
-0.083273 -0.010490 2.310000
-0.080376 -0.015651 2.310000
-0.077457 -0.020800 2.310000
-0.074524 -0.025941 2.310000
-0.071581 -0.031076 2.310000
-0.068630 -0.036206 2.310000
-0.065670 -0.041332 2.310000
-0.062703 -0.046453 2.310000
-0.059727 -0.051569 2.310000
-0.056742 -0.056680 2.310000
-0.053742 -0.061782 2.310000
-0.050721 -0.066872 2.310000
-0.047652 -0.071932 2.310000
-0.044377 -0.076863 2.310000
-0.038470 -0.077234 2.310000
-0.032552 -0.077361 2.310000
-0.026634 -0.077433 2.310000
-0.020715 -0.077480 2.310000
-0.014797 -0.077510 2.310000
-0.008878 -0.077529 2.310000
-0.002959 -0.077538 2.310000
0.002959 -0.077538 2.310000
0.008878 -0.077529 2.310000
0.014797 -0.077510 2.310000
0.020715 -0.077480 2.310000
0.026634 -0.077433 2.310000
0.032552 -0.077361 2.310000
0.038470 -0.077234 2.310000
0.044377 -0.076863 2.310000
0.047652 -0.071932 2.310000
0.050721 -0.066872 2.310000
0.053742 -0.061782 2.310000
0.056742 -0.056680 2.310000
0.059727 -0.051569 2.310000
0.062703 -0.046453 2.310000
0.065670 -0.041332 2.310000
0.068630 -0.036206 2.310000
0.071581 -0.031076 2.310000
0.074524 -0.025941 2.310000
0.077457 -0.020800 2.310000
0.080376 -0.015651 2.310000
0.083273 -0.010490 2.310000
0.086121 -0.005301 2.310000
0.088753 -0.000000 2.310000

