0.388433 0.000000 45.950000
0.376584 0.023031 45.950000
0.363977 0.045656 45.950000
0.351206 0.068188 45.950000
0.338362 0.090679 45.950000
0.325477 0.113147 45.950000
0.312564 0.135598 45.950000
0.299630 0.158038 45.950000
0.286680 0.180468 45.950000
0.273713 0.202889 45.950000
0.260726 0.225298 45.950000
0.247712 0.247690 45.950000
0.234655 0.270059 45.950000
0.221528 0.292386 45.950000
0.208238 0.314616 45.950000
0.194216 0.336393 45.950000
0.168347 0.337647 45.950000
0.142450 0.338042 45.950000
0.116550 0.338247 45.950000
0.090650 0.338370 45.950000
0.064750 0.338444 45.950000
0.038850 0.338487 45.950000
0.012950 0.338507 45.950000
-0.012950 0.338507 45.950000
-0.038850 0.338487 45.950000
-0.064750 0.338444 45.950000
-0.090650 0.338370 45.950000
-0.116550 0.338247 45.950000
-0.142450 0.338042 45.950000
-0.168347 0.337647 45.950000
-0.194216 0.336393 45.950000
-0.208238 0.314616 45.950000
-0.221528 0.292386 45.950000
-0.234655 0.270059 45.950000
-0.247712 0.247690 45.950000
-0.260726 0.225298 45.950000
-0.273713 0.202889 45.950000
-0.286680 0.180468 45.950000
-0.299630 0.158038 45.950000
-0.312564 0.135598 45.950000
-0.325477 0.113147 45.950000
-0.338362 0.090679 45.950000
-0.351206 0.068188 45.950000
-0.363977 0.045656 45.950000
-0.376584 0.023031 45.950000
-0.388433 0.000000 45.950000
-0.376584 -0.023031 45.950000
-0.363977 -0.045656 45.950000
-0.351206 -0.068188 45.950000
-0.338362 -0.090679 45.950000
-0.325477 -0.113147 45.950000
-0.312564 -0.135598 45.950000
-0.299630 -0.158038 45.950000
-0.286680 -0.180468 45.950000
-0.273713 -0.202889 45.950000
-0.260726 -0.225298 45.950000
-0.247712 -0.247690 45.950000
-0.234655 -0.270059 45.950000
-0.221528 -0.292386 45.950000
-0.208238 -0.314616 45.950000
-0.194216 -0.336393 45.950000
-0.168347 -0.337647 45.950000
-0.142450 -0.338042 45.950000
-0.116550 -0.338247 45.950000
-0.090650 -0.338370 45.950000
-0.064750 -0.338444 45.950000
-0.038850 -0.338487 45.950000
-0.012950 -0.338507 45.950000
0.012950 -0.338507 45.950000
0.038850 -0.338487 45.950000
0.064750 -0.338444 45.950000
0.090650 -0.338370 45.950000
0.116550 -0.338247 45.950000
0.142450 -0.338042 45.950000
0.168347 -0.337647 45.950000
0.194216 -0.336393 45.950000
0.208238 -0.314616 45.950000
0.221528 -0.292386 45.950000
0.234655 -0.270059 45.950000
0.247712 -0.247690 45.950000
0.260726 -0.225298 45.950000
0.273713 -0.202889 45.950000
0.286680 -0.180468 45.950000
0.299630 -0.158038 45.950000
0.312564 -0.135598 45.950000
0.325477 -0.113147 45.950000
0.338362 -0.090679 45.950000
0.351206 -0.068188 45.950000
0.363977 -0.045656 45.950000
0.376584 -0.023031 45.950000
0.388433 0.000000 45.950000

