0.101837 -0.000000 3.380000
0.098812 0.006081 3.380000
0.095543 0.012033 3.380000
0.092217 0.017954 3.380000
0.088867 0.023862 3.380000
0.085502 0.029760 3.380000
0.082125 0.035652 3.380000
0.078738 0.041539 3.380000
0.075343 0.047420 3.380000
0.071938 0.053296 3.380000
0.068524 0.059167 3.380000
0.065098 0.065031 3.380000
0.061657 0.070886 3.380000
0.058192 0.076726 3.380000
0.054672 0.082534 3.380000
0.050918 0.088193 3.380000
0.044140 0.088614 3.380000
0.037351 0.088759 3.380000
0.030560 0.088840 3.380000
0.023769 0.088892 3.380000
0.016978 0.088927 3.380000
0.010187 0.088948 3.380000
0.003396 0.088959 3.380000
-0.003396 0.088959 3.380000
-0.010187 0.088948 3.380000
-0.016978 0.088927 3.380000
-0.023769 0.088892 3.380000
-0.030560 0.088840 3.380000
-0.037351 0.088759 3.380000
-0.044140 0.088614 3.380000
-0.050918 0.088193 3.380000
-0.054672 0.082534 3.380000
-0.058192 0.076726 3.380000
-0.061657 0.070886 3.380000
-0.065098 0.065031 3.380000
-0.068524 0.059167 3.380000
-0.071938 0.053296 3.380000
-0.075343 0.047420 3.380000
-0.078738 0.041539 3.380000
-0.082125 0.035652 3.380000
-0.085502 0.029760 3.380000
-0.088867 0.023862 3.380000
-0.092217 0.017954 3.380000
-0.095543 0.012033 3.380000
-0.098812 0.006081 3.380000
-0.101837 -0.000000 3.380000
-0.098812 -0.006081 3.380000
-0.095543 -0.012033 3.380000
-0.092217 -0.017954 3.380000
-0.088867 -0.023862 3.380000
-0.085502 -0.029760 3.380000
-0.082125 -0.035652 3.380000
-0.078738 -0.041539 3.380000
-0.075343 -0.047420 3.380000
-0.071938 -0.053296 3.380000
-0.068524 -0.059167 3.380000
-0.065098 -0.065031 3.380000
-0.061657 -0.070886 3.380000
-0.058192 -0.076726 3.380000
-0.054672 -0.082534 3.380000
-0.050918 -0.088193 3.380000
-0.044140 -0.088614 3.380000
-0.037351 -0.088759 3.380000
-0.030560 -0.088840 3.380000
-0.023769 -0.088892 3.380000
-0.016978 -0.088927 3.380000
-0.010187 -0.088948 3.380000
-0.003396 -0.088959 3.380000
0.003396 -0.088959 3.380000
0.010187 -0.088948 3.380000
0.016978 -0.088927 3.380000
0.023769 -0.088892 3.380000
0.030560 -0.088840 3.380000
0.037351 -0.088759 3.380000
0.044140 -0.088614 3.380000
0.050918 -0.088193 3.380000
0.054672 -0.082534 3.380000
0.058192 -0.076726 3.380000
0.061657 -0.070886 3.380000
0.065098 -0.065031 3.380000
0.068524 -0.059167 3.380000
0.071938 -0.053296 3.380000
0.075343 -0.047420 3.380000
0.078738 -0.041539 3.380000
0.082125 -0.035652 3.380000
0.085502 -0.029760 3.380000
0.088867 -0.023862 3.380000
0.092217 -0.017954 3.380000
0.095543 -0.012033 3.380000
0.098812 -0.006081 3.380000
0.101837 -0.000000 3.380000

