0.090915 -0.000000 2.480000
0.088218 0.005430 2.480000
0.085300 0.010745 2.480000
0.082332 0.016032 2.480000
0.079342 0.021306 2.480000
0.076338 0.026572 2.480000
0.073323 0.031832 2.480000
0.070300 0.037087 2.480000
0.067269 0.042338 2.480000
0.064229 0.047584 2.480000
0.061181 0.052825 2.480000
0.058122 0.058060 2.480000
0.055050 0.063286 2.480000
0.051955 0.068500 2.480000
0.048812 0.073684 2.480000
0.045457 0.078734 2.480000
0.039406 0.079114 2.480000
0.033345 0.079245 2.480000
0.027283 0.079318 2.480000
0.021220 0.079365 2.480000
0.015157 0.079397 2.480000
0.009094 0.079416 2.480000
0.003031 0.079425 2.480000
-0.003031 0.079425 2.480000
-0.009094 0.079416 2.480000
-0.015157 0.079397 2.480000
-0.021220 0.079365 2.480000
-0.027283 0.079318 2.480000
-0.033345 0.079245 2.480000
-0.039406 0.079114 2.480000
-0.045457 0.078734 2.480000
-0.048812 0.073684 2.480000
-0.051955 0.068500 2.480000
-0.055050 0.063286 2.480000
-0.058122 0.058060 2.480000
-0.061181 0.052825 2.480000
-0.064229 0.047584 2.480000
-0.067269 0.042338 2.480000
-0.070300 0.037087 2.480000
-0.073323 0.031832 2.480000
-0.076338 0.026572 2.480000
-0.079342 0.021306 2.480000
-0.082332 0.016032 2.480000
-0.085300 0.010745 2.480000
-0.088218 0.005430 2.480000
-0.090915 -0.000000 2.480000
-0.088218 -0.005430 2.480000
-0.085300 -0.010745 2.480000
-0.082332 -0.016032 2.480000
-0.079342 -0.021306 2.480000
-0.076338 -0.026572 2.480000
-0.073323 -0.031832 2.480000
-0.070300 -0.037087 2.480000
-0.067269 -0.042338 2.480000
-0.064229 -0.047584 2.480000
-0.061181 -0.052825 2.480000
-0.058122 -0.058060 2.480000
-0.055050 -0.063286 2.480000
-0.051955 -0.068500 2.480000
-0.048812 -0.073684 2.480000
-0.045457 -0.078734 2.480000
-0.039406 -0.079114 2.480000
-0.033345 -0.079245 2.480000
-0.027283 -0.079318 2.480000
-0.021220 -0.079365 2.480000
-0.015157 -0.079397 2.480000
-0.009094 -0.079416 2.480000
-0.003031 -0.079425 2.480000
0.003031 -0.079425 2.480000
0.009094 -0.079416 2.480000
0.015157 -0.079397 2.480000
0.021220 -0.079365 2.480000
0.027283 -0.079318 2.480000
0.033345 -0.079245 2.480000
0.039406 -0.079114 2.480000
0.045457 -0.078734 2.480000
0.048812 -0.073684 2.480000
0.051955 -0.068500 2.480000
0.055050 -0.063286 2.480000
0.058122 -0.058060 2.480000
0.061181 -0.052825 2.480000
0.064229 -0.047584 2.480000
0.067269 -0.042338 2.480000
0.070300 -0.037087 2.480000
0.073323 -0.031832 2.480000
0.076338 -0.026572 2.480000
0.079342 -0.021306 2.480000
0.082332 -0.016032 2.480000
0.085300 -0.010745 2.480000
0.088218 -0.005430 2.480000
0.090915 -0.000000 2.480000

