0.125748 -0.000000 5.580000
0.122004 0.007503 5.580000
0.117962 0.014851 5.580000
0.113854 0.022161 5.580000
0.109716 0.029454 5.580000
0.105559 0.036737 5.580000
0.101388 0.044012 5.580000
0.097206 0.051281 5.580000
0.093013 0.058543 5.580000
0.088810 0.065799 5.580000
0.084595 0.073048 5.580000
0.080366 0.080289 5.580000
0.076119 0.087520 5.580000
0.071842 0.094733 5.580000
0.067500 0.101907 5.580000
0.062874 0.108901 5.580000
0.054504 0.109410 5.580000
0.046120 0.109584 5.580000
0.037735 0.109681 5.580000
0.029350 0.109744 5.580000
0.020964 0.109785 5.580000
0.012578 0.109811 5.580000
0.004193 0.109823 5.580000
-0.004193 0.109823 5.580000
-0.012578 0.109811 5.580000
-0.020964 0.109785 5.580000
-0.029350 0.109744 5.580000
-0.037735 0.109681 5.580000
-0.046120 0.109584 5.580000
-0.054504 0.109410 5.580000
-0.062874 0.108901 5.580000
-0.067500 0.101907 5.580000
-0.071842 0.094733 5.580000
-0.076119 0.087520 5.580000
-0.080366 0.080289 5.580000
-0.084595 0.073048 5.580000
-0.088810 0.065799 5.580000
-0.093013 0.058543 5.580000
-0.097206 0.051281 5.580000
-0.101388 0.044012 5.580000
-0.105559 0.036737 5.580000
-0.109716 0.029454 5.580000
-0.113854 0.022161 5.580000
-0.117962 0.014851 5.580000
-0.122004 0.007503 5.580000
-0.125748 -0.000000 5.580000
-0.122004 -0.007503 5.580000
-0.117962 -0.014851 5.580000
-0.113854 -0.022161 5.580000
-0.109716 -0.029454 5.580000
-0.105559 -0.036737 5.580000
-0.101388 -0.044012 5.580000
-0.097206 -0.051281 5.580000
-0.093013 -0.058543 5.580000
-0.088810 -0.065799 5.580000
-0.084595 -0.073048 5.580000
-0.080366 -0.080289 5.580000
-0.076119 -0.087520 5.580000
-0.071842 -0.094733 5.580000
-0.067500 -0.101907 5.580000
-0.062874 -0.108901 5.580000
-0.054504 -0.109410 5.580000
-0.046120 -0.109584 5.580000
-0.037735 -0.109681 5.580000
-0.029350 -0.109744 5.580000
-0.020964 -0.109785 5.580000
-0.012578 -0.109811 5.580000
-0.004193 -0.109823 5.580000
0.004193 -0.109823 5.580000
0.012578 -0.109811 5.580000
0.020964 -0.109785 5.580000
0.029350 -0.109744 5.580000
0.037735 -0.109681 5.580000
0.046120 -0.109584 5.580000
0.054504 -0.109410 5.580000
0.062874 -0.108901 5.580000
0.067500 -0.101907 5.580000
0.071842 -0.094733 5.580000
0.076119 -0.087520 5.580000
0.080366 -0.080289 5.580000
0.084595 -0.073048 5.580000
0.088810 -0.065799 5.580000
0.093013 -0.058543 5.580000
0.097206 -0.051281 5.580000
0.101388 -0.044012 5.580000
0.105559 -0.036737 5.580000
0.109716 -0.029454 5.580000
0.113854 -0.022161 5.580000
0.117962 -0.014851 5.580000
0.122004 -0.007503 5.580000
0.125748 -0.000000 5.580000

