0.238745 0.000000 19.690000
0.231553 0.014203 19.690000
0.223845 0.028133 19.690000
0.216023 0.041999 19.690000
0.208151 0.055836 19.690000
0.200248 0.069656 19.690000
0.192323 0.083463 19.690000
0.184379 0.097260 19.690000
0.176419 0.111047 19.690000
0.168443 0.124825 19.690000
0.160448 0.138592 19.690000
0.152431 0.152346 19.690000
0.144384 0.166082 19.690000
0.136286 0.179789 19.690000
0.128077 0.193430 19.690000
0.119373 0.206759 19.690000
0.103477 0.207632 19.690000
0.087559 0.207922 19.690000
0.071640 0.208081 19.690000
0.055720 0.208182 19.690000
0.039800 0.208248 19.690000
0.023880 0.208288 19.690000
0.007960 0.208307 19.690000
-0.007960 0.208307 19.690000
-0.023880 0.208288 19.690000
-0.039800 0.208248 19.690000
-0.055720 0.208182 19.690000
-0.071640 0.208081 19.690000
-0.087559 0.207922 19.690000
-0.103477 0.207632 19.690000
-0.119373 0.206759 19.690000
-0.128077 0.193430 19.690000
-0.136286 0.179789 19.690000
-0.144384 0.166082 19.690000
-0.152431 0.152346 19.690000
-0.160448 0.138592 19.690000
-0.168443 0.124825 19.690000
-0.176419 0.111047 19.690000
-0.184379 0.097260 19.690000
-0.192323 0.083463 19.690000
-0.200248 0.069656 19.690000
-0.208151 0.055836 19.690000
-0.216023 0.041999 19.690000
-0.223845 0.028133 19.690000
-0.231553 0.014203 19.690000
-0.238745 0.000000 19.690000
-0.231553 -0.014203 19.690000
-0.223845 -0.028133 19.690000
-0.216023 -0.041999 19.690000
-0.208151 -0.055836 19.690000
-0.200248 -0.069656 19.690000
-0.192323 -0.083463 19.690000
-0.184379 -0.097260 19.690000
-0.176419 -0.111047 19.690000
-0.168443 -0.124825 19.690000
-0.160448 -0.138592 19.690000
-0.152431 -0.152346 19.690000
-0.144384 -0.166082 19.690000
-0.136286 -0.179789 19.690000
-0.128077 -0.193430 19.690000
-0.119373 -0.206759 19.690000
-0.103477 -0.207632 19.690000
-0.087559 -0.207922 19.690000
-0.071640 -0.208081 19.690000
-0.055720 -0.208182 19.690000
-0.039800 -0.208248 19.690000
-0.023880 -0.208288 19.690000
-0.007960 -0.208307 19.690000
0.007960 -0.208307 19.690000
0.023880 -0.208288 19.690000
0.039800 -0.208248 19.690000
0.055720 -0.208182 19.690000
0.071640 -0.208081 19.690000
0.087559 -0.207922 19.690000
0.103477 -0.207632 19.690000
0.119373 -0.206759 19.690000
0.128077 -0.193430 19.690000
0.136286 -0.179789 19.690000
0.144384 -0.166082 19.690000
0.152431 -0.152346 19.690000
0.160448 -0.138592 19.690000
0.168443 -0.124825 19.690000
0.176419 -0.111047 19.690000
0.184379 -0.097260 19.690000
0.192323 -0.083463 19.690000
0.200248 -0.069656 19.690000
0.208151 -0.055836 19.690000
0.216023 -0.041999 19.690000
0.223845 -0.028133 19.690000
0.231553 -0.014203 19.690000
0.238745 0.000000 19.690000

