0.310515 0.000000 31.340000
0.301101 0.018441 31.340000
0.291049 0.036543 31.340000
0.280858 0.054567 31.340000
0.270606 0.072555 31.340000
0.260317 0.090523 31.340000
0.250003 0.108477 31.340000
0.239668 0.126418 31.340000
0.229315 0.144350 31.340000
0.218945 0.162270 31.340000
0.208554 0.180180 31.340000
0.198138 0.198074 31.340000
0.187685 0.215947 31.340000
0.177172 0.233785 31.340000
0.166521 0.251540 31.340000
0.155258 0.268914 31.340000
0.134580 0.269982 31.340000
0.113877 0.270328 31.340000
0.093173 0.270514 31.340000
0.072468 0.270629 31.340000
0.051763 0.270703 31.340000
0.031058 0.270747 31.340000
0.010353 0.270768 31.340000
-0.010353 0.270768 31.340000
-0.031058 0.270747 31.340000
-0.051763 0.270703 31.340000
-0.072468 0.270629 31.340000
-0.093173 0.270514 31.340000
-0.113877 0.270328 31.340000
-0.134580 0.269982 31.340000
-0.155258 0.268914 31.340000
-0.166521 0.251540 31.340000
-0.177172 0.233785 31.340000
-0.187685 0.215947 31.340000
-0.198138 0.198074 31.340000
-0.208554 0.180180 31.340000
-0.218945 0.162270 31.340000
-0.229315 0.144350 31.340000
-0.239668 0.126418 31.340000
-0.250003 0.108477 31.340000
-0.260317 0.090523 31.340000
-0.270606 0.072555 31.340000
-0.280858 0.054567 31.340000
-0.291049 0.036543 31.340000
-0.301101 0.018441 31.340000
-0.310515 0.000000 31.340000
-0.301101 -0.018441 31.340000
-0.291049 -0.036543 31.340000
-0.280858 -0.054567 31.340000
-0.270606 -0.072555 31.340000
-0.260317 -0.090523 31.340000
-0.250003 -0.108477 31.340000
-0.239668 -0.126418 31.340000
-0.229315 -0.144350 31.340000
-0.218945 -0.162270 31.340000
-0.208554 -0.180180 31.340000
-0.198138 -0.198074 31.340000
-0.187685 -0.215947 31.340000
-0.177172 -0.233785 31.340000
-0.166521 -0.251540 31.340000
-0.155258 -0.268914 31.340000
-0.134580 -0.269982 31.340000
-0.113877 -0.270328 31.340000
-0.093173 -0.270514 31.340000
-0.072468 -0.270629 31.340000
-0.051763 -0.270703 31.340000
-0.031058 -0.270747 31.340000
-0.010353 -0.270768 31.340000
0.010353 -0.270768 31.340000
0.031058 -0.270747 31.340000
0.051763 -0.270703 31.340000
0.072468 -0.270629 31.340000
0.093173 -0.270514 31.340000
0.113877 -0.270328 31.340000
0.134580 -0.269982 31.340000
0.155258 -0.268914 31.340000
0.166521 -0.251540 31.340000
0.177172 -0.233785 31.340000
0.187685 -0.215947 31.340000
0.198138 -0.198074 31.340000
0.208554 -0.180180 31.340000
0.218945 -0.162270 31.340000
0.229315 -0.144350 31.340000
0.239668 -0.126418 31.340000
0.250003 -0.108477 31.340000
0.260317 -0.090523 31.340000
0.270606 -0.072555 31.340000
0.280858 -0.054567 31.340000
0.291049 -0.036543 31.340000
0.301101 -0.018441 31.340000
0.310515 0.000000 31.340000

