0.145943 -0.000000 7.670000
0.141587 0.008703 7.670000
0.136893 0.017228 7.670000
0.132123 0.025711 7.670000
0.127318 0.034175 7.670000
0.122493 0.042627 7.670000
0.117652 0.051070 7.670000
0.112798 0.059505 7.670000
0.107931 0.067933 7.670000
0.103053 0.076355 7.670000
0.098162 0.084768 7.670000
0.093256 0.093173 7.670000
0.088328 0.101566 7.670000
0.083367 0.109939 7.670000
0.078331 0.118267 7.670000
0.072971 0.126390 7.670000
0.063256 0.126970 7.670000
0.053526 0.127167 7.670000
0.043795 0.127277 7.670000
0.034063 0.127348 7.670000
0.024331 0.127395 7.670000
0.014598 0.127424 7.670000
0.004866 0.127438 7.670000
-0.004866 0.127438 7.670000
-0.014598 0.127424 7.670000
-0.024331 0.127395 7.670000
-0.034063 0.127348 7.670000
-0.043795 0.127277 7.670000
-0.053526 0.127167 7.670000
-0.063256 0.126970 7.670000
-0.072971 0.126390 7.670000
-0.078331 0.118267 7.670000
-0.083367 0.109939 7.670000
-0.088328 0.101566 7.670000
-0.093256 0.093173 7.670000
-0.098162 0.084768 7.670000
-0.103053 0.076355 7.670000
-0.107931 0.067933 7.670000
-0.112798 0.059505 7.670000
-0.117652 0.051070 7.670000
-0.122493 0.042627 7.670000
-0.127318 0.034175 7.670000
-0.132123 0.025711 7.670000
-0.136893 0.017228 7.670000
-0.141587 0.008703 7.670000
-0.145943 -0.000000 7.670000
-0.141587 -0.008703 7.670000
-0.136893 -0.017228 7.670000
-0.132123 -0.025711 7.670000
-0.127318 -0.034175 7.670000
-0.122493 -0.042627 7.670000
-0.117652 -0.051070 7.670000
-0.112798 -0.059505 7.670000
-0.107931 -0.067933 7.670000
-0.103053 -0.076355 7.670000
-0.098162 -0.084768 7.670000
-0.093256 -0.093173 7.670000
-0.088328 -0.101566 7.670000
-0.083367 -0.109939 7.670000
-0.078331 -0.118267 7.670000
-0.072971 -0.126390 7.670000
-0.063256 -0.126970 7.670000
-0.053526 -0.127167 7.670000
-0.043795 -0.127277 7.670000
-0.034063 -0.127348 7.670000
-0.024331 -0.127395 7.670000
-0.014598 -0.127424 7.670000
-0.004866 -0.127438 7.670000
0.004866 -0.127438 7.670000
0.014598 -0.127424 7.670000
0.024331 -0.127395 7.670000
0.034063 -0.127348 7.670000
0.043795 -0.127277 7.670000
0.053526 -0.127167 7.670000
0.063256 -0.126970 7.670000
0.072971 -0.126390 7.670000
0.078331 -0.118267 7.670000
0.083367 -0.109939 7.670000
0.088328 -0.101566 7.670000
0.093256 -0.093173 7.670000
0.098162 -0.084768 7.670000
0.103053 -0.076355 7.670000
0.107931 -0.067933 7.670000
0.112798 -0.059505 7.670000
0.117652 -0.051070 7.670000
0.122493 -0.042627 7.670000
0.127318 -0.034175 7.670000
0.132123 -0.025711 7.670000
0.136893 -0.017228 7.670000
0.141587 -0.008703 7.670000
0.145943 -0.000000 7.670000

