0.304249 0.000000 30.250000
0.295030 0.018072 30.250000
0.285183 0.035809 30.250000
0.275199 0.053470 30.250000
0.265155 0.071097 30.250000
0.255075 0.088703 30.250000
0.244969 0.106294 30.250000
0.234843 0.123874 30.250000
0.224699 0.141443 30.250000
0.214538 0.159002 30.250000
0.204356 0.176550 30.250000
0.194149 0.194083 30.250000
0.183906 0.211594 30.250000
0.173603 0.229071 30.250000
0.163165 0.246467 30.250000
0.152124 0.263487 30.250000
0.131864 0.264539 30.250000
0.111580 0.264880 30.250000
0.091293 0.265065 30.250000
0.071006 0.265179 30.250000
0.050719 0.265253 30.250000
0.030431 0.265296 30.250000
0.010144 0.265317 30.250000
-0.010144 0.265317 30.250000
-0.030431 0.265296 30.250000
-0.050719 0.265253 30.250000
-0.071006 0.265179 30.250000
-0.091293 0.265065 30.250000
-0.111580 0.264880 30.250000
-0.131864 0.264539 30.250000
-0.152124 0.263487 30.250000
-0.163165 0.246467 30.250000
-0.173603 0.229071 30.250000
-0.183906 0.211594 30.250000
-0.194149 0.194083 30.250000
-0.204356 0.176550 30.250000
-0.214538 0.159002 30.250000
-0.224699 0.141443 30.250000
-0.234843 0.123874 30.250000
-0.244969 0.106294 30.250000
-0.255075 0.088703 30.250000
-0.265155 0.071097 30.250000
-0.275199 0.053470 30.250000
-0.285183 0.035809 30.250000
-0.295030 0.018072 30.250000
-0.304249 0.000000 30.250000
-0.295030 -0.018072 30.250000
-0.285183 -0.035809 30.250000
-0.275199 -0.053470 30.250000
-0.265155 -0.071097 30.250000
-0.255075 -0.088703 30.250000
-0.244969 -0.106294 30.250000
-0.234843 -0.123874 30.250000
-0.224699 -0.141443 30.250000
-0.214538 -0.159002 30.250000
-0.204356 -0.176550 30.250000
-0.194149 -0.194083 30.250000
-0.183906 -0.211594 30.250000
-0.173603 -0.229071 30.250000
-0.163165 -0.246467 30.250000
-0.152124 -0.263487 30.250000
-0.131864 -0.264539 30.250000
-0.111580 -0.264880 30.250000
-0.091293 -0.265065 30.250000
-0.071006 -0.265179 30.250000
-0.050719 -0.265253 30.250000
-0.030431 -0.265296 30.250000
-0.010144 -0.265317 30.250000
0.010144 -0.265317 30.250000
0.030431 -0.265296 30.250000
0.050719 -0.265253 30.250000
0.071006 -0.265179 30.250000
0.091293 -0.265065 30.250000
0.111580 -0.264880 30.250000
0.131864 -0.264539 30.250000
0.152124 -0.263487 30.250000
0.163165 -0.246467 30.250000
0.173603 -0.229071 30.250000
0.183906 -0.211594 30.250000
0.194149 -0.194083 30.250000
0.204356 -0.176550 30.250000
0.214538 -0.159002 30.250000
0.224699 -0.141443 30.250000
0.234843 -0.123874 30.250000
0.244969 -0.106294 30.250000
0.255075 -0.088703 30.250000
0.265155 -0.071097 30.250000
0.275199 -0.053470 30.250000
0.285183 -0.035809 30.250000
0.295030 -0.018072 30.250000
0.304249 0.000000 30.250000

