0.326832 0.000000 34.240000
0.316910 0.019403 34.240000
0.306324 0.038453 34.240000
0.295593 0.057421 34.240000
0.284799 0.076353 34.240000
0.273967 0.095264 34.240000
0.263109 0.114159 34.240000
0.252230 0.133043 34.240000
0.241333 0.151916 34.240000
0.230419 0.170779 34.240000
0.219484 0.189630 34.240000
0.208523 0.208466 34.240000
0.197525 0.227281 34.240000
0.186463 0.246058 34.240000
0.175259 0.264750 34.240000
0.163416 0.283045 34.240000
0.141651 0.284154 34.240000
0.119861 0.284511 34.240000
0.098069 0.284702 34.240000
0.076276 0.284820 34.240000
0.054483 0.284894 34.240000
0.032690 0.284938 34.240000
0.010897 0.284959 34.240000
-0.010897 0.284959 34.240000
-0.032690 0.284938 34.240000
-0.054483 0.284894 34.240000
-0.076276 0.284820 34.240000
-0.098069 0.284702 34.240000
-0.119861 0.284511 34.240000
-0.141651 0.284154 34.240000
-0.163416 0.283045 34.240000
-0.175259 0.264750 34.240000
-0.186463 0.246058 34.240000
-0.197525 0.227281 34.240000
-0.208523 0.208466 34.240000
-0.219484 0.189630 34.240000
-0.230419 0.170779 34.240000
-0.241333 0.151916 34.240000
-0.252230 0.133043 34.240000
-0.263109 0.114159 34.240000
-0.273967 0.095264 34.240000
-0.284799 0.076353 34.240000
-0.295593 0.057421 34.240000
-0.306324 0.038453 34.240000
-0.316910 0.019403 34.240000
-0.326832 0.000000 34.240000
-0.316910 -0.019403 34.240000
-0.306324 -0.038453 34.240000
-0.295593 -0.057421 34.240000
-0.284799 -0.076353 34.240000
-0.273967 -0.095264 34.240000
-0.263109 -0.114159 34.240000
-0.252230 -0.133043 34.240000
-0.241333 -0.151916 34.240000
-0.230419 -0.170779 34.240000
-0.219484 -0.189630 34.240000
-0.208523 -0.208466 34.240000
-0.197525 -0.227281 34.240000
-0.186463 -0.246058 34.240000
-0.175259 -0.264750 34.240000
-0.163416 -0.283045 34.240000
-0.141651 -0.284154 34.240000
-0.119861 -0.284511 34.240000
-0.098069 -0.284702 34.240000
-0.076276 -0.284820 34.240000
-0.054483 -0.284894 34.240000
-0.032690 -0.284938 34.240000
-0.010897 -0.284959 34.240000
0.010897 -0.284959 34.240000
0.032690 -0.284938 34.240000
0.054483 -0.284894 34.240000
0.076276 -0.284820 34.240000
0.098069 -0.284702 34.240000
0.119861 -0.284511 34.240000
0.141651 -0.284154 34.240000
0.163416 -0.283045 34.240000
0.175259 -0.264750 34.240000
0.186463 -0.246058 34.240000
0.197525 -0.227281 34.240000
0.208523 -0.208466 34.240000
0.219484 -0.189630 34.240000
0.230419 -0.170779 34.240000
0.241333 -0.151916 34.240000
0.252230 -0.133043 34.240000
0.263109 -0.114159 34.240000
0.273967 -0.095264 34.240000
0.284799 -0.076353 34.240000
0.295593 -0.057421 34.240000
0.306324 -0.038453 34.240000
0.316910 -0.019403 34.240000
0.326832 0.000000 34.240000

