0.248880 0.000000 21.220000
0.241376 0.014802 21.220000
0.233337 0.029321 21.220000
0.225182 0.043775 21.220000
0.216974 0.058199 21.220000
0.208734 0.072605 21.220000
0.200472 0.086998 21.220000
0.192191 0.101380 21.220000
0.183893 0.115752 21.220000
0.175578 0.130115 21.220000
0.167245 0.144467 21.220000
0.158888 0.158805 21.220000
0.150501 0.173126 21.220000
0.142062 0.187416 21.220000
0.133507 0.201637 21.220000
0.124440 0.215537 21.220000
0.107869 0.216439 21.220000
0.091276 0.216737 21.220000
0.074681 0.216900 21.220000
0.058085 0.217004 21.220000
0.041490 0.217071 21.220000
0.024894 0.217112 21.220000
0.008298 0.217132 21.220000
-0.008298 0.217132 21.220000
-0.024894 0.217112 21.220000
-0.041490 0.217071 21.220000
-0.058085 0.217004 21.220000
-0.074681 0.216900 21.220000
-0.091276 0.216737 21.220000
-0.107869 0.216439 21.220000
-0.124440 0.215537 21.220000
-0.133507 0.201637 21.220000
-0.142062 0.187416 21.220000
-0.150501 0.173126 21.220000
-0.158888 0.158805 21.220000
-0.167245 0.144467 21.220000
-0.175578 0.130115 21.220000
-0.183893 0.115752 21.220000
-0.192191 0.101380 21.220000
-0.200472 0.086998 21.220000
-0.208734 0.072605 21.220000
-0.216974 0.058199 21.220000
-0.225182 0.043775 21.220000
-0.233337 0.029321 21.220000
-0.241376 0.014802 21.220000
-0.248880 0.000000 21.220000
-0.241376 -0.014802 21.220000
-0.233337 -0.029321 21.220000
-0.225182 -0.043775 21.220000
-0.216974 -0.058199 21.220000
-0.208734 -0.072605 21.220000
-0.200472 -0.086998 21.220000
-0.192191 -0.101380 21.220000
-0.183893 -0.115752 21.220000
-0.175578 -0.130115 21.220000
-0.167245 -0.144467 21.220000
-0.158888 -0.158805 21.220000
-0.150501 -0.173126 21.220000
-0.142062 -0.187416 21.220000
-0.133507 -0.201637 21.220000
-0.124440 -0.215537 21.220000
-0.107869 -0.216439 21.220000
-0.091276 -0.216737 21.220000
-0.074681 -0.216900 21.220000
-0.058085 -0.217004 21.220000
-0.041490 -0.217071 21.220000
-0.024894 -0.217112 21.220000
-0.008298 -0.217132 21.220000
0.008298 -0.217132 21.220000
0.024894 -0.217112 21.220000
0.041490 -0.217071 21.220000
0.058085 -0.217004 21.220000
0.074681 -0.216900 21.220000
0.091276 -0.216737 21.220000
0.107869 -0.216439 21.220000
0.124440 -0.215537 21.220000
0.133507 -0.201637 21.220000
0.142062 -0.187416 21.220000
0.150501 -0.173126 21.220000
0.158888 -0.158805 21.220000
0.167245 -0.144467 21.220000
0.175578 -0.130115 21.220000
0.183893 -0.115752 21.220000
0.192191 -0.101380 21.220000
0.200472 -0.086998 21.220000
0.208734 -0.072605 21.220000
0.216974 -0.058199 21.220000
0.225182 -0.043775 21.220000
0.233337 -0.029321 21.220000
0.241376 -0.014802 21.220000
0.248880 0.000000 21.220000

