0.326111 0.000000 34.110000
0.316211 0.019361 34.110000
0.305649 0.038368 34.110000
0.294942 0.057295 34.110000
0.284172 0.076185 34.110000
0.273364 0.095054 34.110000
0.262530 0.113908 34.110000
0.251675 0.132750 34.110000
0.240802 0.151582 34.110000
0.229912 0.170403 34.110000
0.219001 0.189213 34.110000
0.208064 0.208007 34.110000
0.197090 0.226780 34.110000
0.186052 0.245515 34.110000
0.174873 0.264166 34.110000
0.163055 0.282420 34.110000
0.141339 0.283527 34.110000
0.119596 0.283884 34.110000
0.097852 0.284075 34.110000
0.076107 0.284193 34.110000
0.054363 0.284267 34.110000
0.032618 0.284311 34.110000
0.010873 0.284332 34.110000
-0.010873 0.284332 34.110000
-0.032618 0.284311 34.110000
-0.054363 0.284267 34.110000
-0.076107 0.284193 34.110000
-0.097852 0.284075 34.110000
-0.119596 0.283884 34.110000
-0.141339 0.283527 34.110000
-0.163055 0.282420 34.110000
-0.174873 0.264166 34.110000
-0.186052 0.245515 34.110000
-0.197090 0.226780 34.110000
-0.208064 0.208007 34.110000
-0.219001 0.189213 34.110000
-0.229912 0.170403 34.110000
-0.240802 0.151582 34.110000
-0.251675 0.132750 34.110000
-0.262530 0.113908 34.110000
-0.273364 0.095054 34.110000
-0.284172 0.076185 34.110000
-0.294942 0.057295 34.110000
-0.305649 0.038368 34.110000
-0.316211 0.019361 34.110000
-0.326111 0.000000 34.110000
-0.316211 -0.019361 34.110000
-0.305649 -0.038368 34.110000
-0.294942 -0.057295 34.110000
-0.284172 -0.076185 34.110000
-0.273364 -0.095054 34.110000
-0.262530 -0.113908 34.110000
-0.251675 -0.132750 34.110000
-0.240802 -0.151582 34.110000
-0.229912 -0.170403 34.110000
-0.219001 -0.189213 34.110000
-0.208064 -0.208007 34.110000
-0.197090 -0.226780 34.110000
-0.186052 -0.245515 34.110000
-0.174873 -0.264166 34.110000
-0.163055 -0.282420 34.110000
-0.141339 -0.283527 34.110000
-0.119596 -0.283884 34.110000
-0.097852 -0.284075 34.110000
-0.076107 -0.284193 34.110000
-0.054363 -0.284267 34.110000
-0.032618 -0.284311 34.110000
-0.010873 -0.284332 34.110000
0.010873 -0.284332 34.110000
0.032618 -0.284311 34.110000
0.054363 -0.284267 34.110000
0.076107 -0.284193 34.110000
0.097852 -0.284075 34.110000
0.119596 -0.283884 34.110000
0.141339 -0.283527 34.110000
0.163055 -0.282420 34.110000
0.174873 -0.264166 34.110000
0.186052 -0.245515 34.110000
0.197090 -0.226780 34.110000
0.208064 -0.208007 34.110000
0.219001 -0.189213 34.110000
0.229912 -0.170403 34.110000
0.240802 -0.151582 34.110000
0.251675 -0.132750 34.110000
0.262530 -0.113908 34.110000
0.273364 -0.095054 34.110000
0.284172 -0.076185 34.110000
0.294942 -0.057295 34.110000
0.305649 -0.038368 34.110000
0.316211 -0.019361 34.110000
0.326111 0.000000 34.110000

