0.393430 0.000000 46.950000
0.381424 0.023325 46.950000
0.368653 0.046240 46.950000
0.355716 0.069061 46.950000
0.342706 0.091841 46.950000
0.329653 0.114597 46.950000
0.316574 0.137336 46.950000
0.303474 0.160065 46.950000
0.290357 0.182783 46.950000
0.277224 0.205493 46.950000
0.264070 0.228190 46.950000
0.250889 0.250871 46.950000
0.237666 0.273528 46.950000
0.224371 0.296143 46.950000
0.210912 0.318661 46.950000
0.196715 0.340720 46.950000
0.170512 0.341986 46.950000
0.144282 0.342383 46.950000
0.118049 0.342589 46.950000
0.091816 0.342712 46.950000
0.065583 0.342787 46.950000
0.039350 0.342829 46.950000
0.013117 0.342848 46.950000
-0.013117 0.342848 46.950000
-0.039350 0.342829 46.950000
-0.065583 0.342787 46.950000
-0.091816 0.342712 46.950000
-0.118049 0.342589 46.950000
-0.144282 0.342383 46.950000
-0.170512 0.341986 46.950000
-0.196715 0.340720 46.950000
-0.210912 0.318661 46.950000
-0.224371 0.296143 46.950000
-0.237666 0.273528 46.950000
-0.250889 0.250871 46.950000
-0.264070 0.228190 46.950000
-0.277224 0.205493 46.950000
-0.290357 0.182783 46.950000
-0.303474 0.160065 46.950000
-0.316574 0.137336 46.950000
-0.329653 0.114597 46.950000
-0.342706 0.091841 46.950000
-0.355716 0.069061 46.950000
-0.368653 0.046240 46.950000
-0.381424 0.023325 46.950000
-0.393430 0.000000 46.950000
-0.381424 -0.023325 46.950000
-0.368653 -0.046240 46.950000
-0.355716 -0.069061 46.950000
-0.342706 -0.091841 46.950000
-0.329653 -0.114597 46.950000
-0.316574 -0.137336 46.950000
-0.303474 -0.160065 46.950000
-0.290357 -0.182783 46.950000
-0.277224 -0.205493 46.950000
-0.264070 -0.228190 46.950000
-0.250889 -0.250871 46.950000
-0.237666 -0.273528 46.950000
-0.224371 -0.296143 46.950000
-0.210912 -0.318661 46.950000
-0.196715 -0.340720 46.950000
-0.170512 -0.341986 46.950000
-0.144282 -0.342383 46.950000
-0.118049 -0.342589 46.950000
-0.091816 -0.342712 46.950000
-0.065583 -0.342787 46.950000
-0.039350 -0.342829 46.950000
-0.013117 -0.342848 46.950000
0.013117 -0.342848 46.950000
0.039350 -0.342829 46.950000
0.065583 -0.342787 46.950000
0.091816 -0.342712 46.950000
0.118049 -0.342589 46.950000
0.144282 -0.342383 46.950000
0.170512 -0.341986 46.950000
0.196715 -0.340720 46.950000
0.210912 -0.318661 46.950000
0.224371 -0.296143 46.950000
0.237666 -0.273528 46.950000
0.250889 -0.250871 46.950000
0.264070 -0.228190 46.950000
0.277224 -0.205493 46.950000
0.290357 -0.182783 46.950000
0.303474 -0.160065 46.950000
0.316574 -0.137336 46.950000
0.329653 -0.114597 46.950000
0.342706 -0.091841 46.950000
0.355716 -0.069061 46.950000
0.368653 -0.046240 46.950000
0.381424 -0.023325 46.950000
0.393430 0.000000 46.950000

