0.384913 0.000000 45.250000
0.373175 0.022824 45.250000
0.360684 0.045245 45.250000
0.348029 0.067573 45.250000
0.335302 0.089861 45.250000
0.322535 0.112126 45.250000
0.309739 0.134374 45.250000
0.296923 0.156611 45.250000
0.284091 0.178838 45.250000
0.271241 0.201055 45.250000
0.258371 0.223260 45.250000
0.245473 0.245450 45.250000
0.232535 0.267615 45.250000
0.219525 0.289739 45.250000
0.206354 0.311767 45.250000
0.192457 0.333345 45.250000
0.166821 0.334591 45.250000
0.141159 0.334984 45.250000
0.115494 0.335189 45.250000
0.089829 0.335311 45.250000
0.064164 0.335386 45.250000
0.038498 0.335429 45.250000
0.012833 0.335448 45.250000
-0.012833 0.335448 45.250000
-0.038498 0.335429 45.250000
-0.064164 0.335386 45.250000
-0.089829 0.335311 45.250000
-0.115494 0.335189 45.250000
-0.141159 0.334984 45.250000
-0.166821 0.334591 45.250000
-0.192457 0.333345 45.250000
-0.206354 0.311767 45.250000
-0.219525 0.289739 45.250000
-0.232535 0.267615 45.250000
-0.245473 0.245450 45.250000
-0.258371 0.223260 45.250000
-0.271241 0.201055 45.250000
-0.284091 0.178838 45.250000
-0.296923 0.156611 45.250000
-0.309739 0.134374 45.250000
-0.322535 0.112126 45.250000
-0.335302 0.089861 45.250000
-0.348029 0.067573 45.250000
-0.360684 0.045245 45.250000
-0.373175 0.022824 45.250000
-0.384913 0.000000 45.250000
-0.373175 -0.022824 45.250000
-0.360684 -0.045245 45.250000
-0.348029 -0.067573 45.250000
-0.335302 -0.089861 45.250000
-0.322535 -0.112126 45.250000
-0.309739 -0.134374 45.250000
-0.296923 -0.156611 45.250000
-0.284091 -0.178838 45.250000
-0.271241 -0.201055 45.250000
-0.258371 -0.223260 45.250000
-0.245473 -0.245450 45.250000
-0.232535 -0.267615 45.250000
-0.219525 -0.289739 45.250000
-0.206354 -0.311767 45.250000
-0.192457 -0.333345 45.250000
-0.166821 -0.334591 45.250000
-0.141159 -0.334984 45.250000
-0.115494 -0.335189 45.250000
-0.089829 -0.335311 45.250000
-0.064164 -0.335386 45.250000
-0.038498 -0.335429 45.250000
-0.012833 -0.335448 45.250000
0.012833 -0.335448 45.250000
0.038498 -0.335429 45.250000
0.064164 -0.335386 45.250000
0.089829 -0.335311 45.250000
0.115494 -0.335189 45.250000
0.141159 -0.334984 45.250000
0.166821 -0.334591 45.250000
0.192457 -0.333345 45.250000
0.206354 -0.311767 45.250000
0.219525 -0.289739 45.250000
0.232535 -0.267615 45.250000
0.245473 -0.245450 45.250000
0.258371 -0.223260 45.250000
0.271241 -0.201055 45.250000
0.284091 -0.178838 45.250000
0.296923 -0.156611 45.250000
0.309739 -0.134374 45.250000
0.322535 -0.112126 45.250000
0.335302 -0.089861 45.250000
0.348029 -0.067573 45.250000
0.360684 -0.045245 45.250000
0.373175 -0.022824 45.250000
0.384913 0.000000 45.250000

