0.186344 0.000000 12.440000
0.180759 0.011100 12.440000
0.174755 0.021980 12.440000
0.168658 0.032807 12.440000
0.162520 0.043611 12.440000
0.156355 0.054401 12.440000
0.150172 0.065179 12.440000
0.143973 0.075949 12.440000
0.137760 0.086710 12.440000
0.131533 0.097463 12.440000
0.125290 0.108207 12.440000
0.119028 0.118940 12.440000
0.112741 0.129659 12.440000
0.106413 0.140353 12.440000
0.099993 0.150992 12.440000
0.093172 0.161378 12.440000
0.080766 0.162092 12.440000
0.068342 0.162332 12.440000
0.055917 0.162466 12.440000
0.043491 0.162552 12.440000
0.031065 0.162608 12.440000
0.018639 0.162643 12.440000
0.006213 0.162659 12.440000
-0.006213 0.162659 12.440000
-0.018639 0.162643 12.440000
-0.031065 0.162608 12.440000
-0.043491 0.162552 12.440000
-0.055917 0.162466 12.440000
-0.068342 0.162332 12.440000
-0.080766 0.162092 12.440000
-0.093172 0.161378 12.440000
-0.099993 0.150992 12.440000
-0.106413 0.140353 12.440000
-0.112741 0.129659 12.440000
-0.119028 0.118940 12.440000
-0.125290 0.108207 12.440000
-0.131533 0.097463 12.440000
-0.137760 0.086710 12.440000
-0.143973 0.075949 12.440000
-0.150172 0.065179 12.440000
-0.156355 0.054401 12.440000
-0.162520 0.043611 12.440000
-0.168658 0.032807 12.440000
-0.174755 0.021980 12.440000
-0.180759 0.011100 12.440000
-0.186344 0.000000 12.440000
-0.180759 -0.011100 12.440000
-0.174755 -0.021980 12.440000
-0.168658 -0.032807 12.440000
-0.162520 -0.043611 12.440000
-0.156355 -0.054401 12.440000
-0.150172 -0.065179 12.440000
-0.143973 -0.075949 12.440000
-0.137760 -0.086710 12.440000
-0.131533 -0.097463 12.440000
-0.125290 -0.108207 12.440000
-0.119028 -0.118940 12.440000
-0.112741 -0.129659 12.440000
-0.106413 -0.140353 12.440000
-0.099993 -0.150992 12.440000
-0.093172 -0.161378 12.440000
-0.080766 -0.162092 12.440000
-0.068342 -0.162332 12.440000
-0.055917 -0.162466 12.440000
-0.043491 -0.162552 12.440000
-0.031065 -0.162608 12.440000
-0.018639 -0.162643 12.440000
-0.006213 -0.162659 12.440000
0.006213 -0.162659 12.440000
0.018639 -0.162643 12.440000
0.031065 -0.162608 12.440000
0.043491 -0.162552 12.440000
0.055917 -0.162466 12.440000
0.068342 -0.162332 12.440000
0.080766 -0.162092 12.440000
0.093172 -0.161378 12.440000
0.099993 -0.150992 12.440000
0.106413 -0.140353 12.440000
0.112741 -0.129659 12.440000
0.119028 -0.118940 12.440000
0.125290 -0.108207 12.440000
0.131533 -0.097463 12.440000
0.137760 -0.086710 12.440000
0.143973 -0.075949 12.440000
0.150172 -0.065179 12.440000
0.156355 -0.054401 12.440000
0.162520 -0.043611 12.440000
0.168658 -0.032807 12.440000
0.174755 -0.021980 12.440000
0.180759 -0.011100 12.440000
0.186344 0.000000 12.440000

