0.358584 0.000000 40.130000
0.347670 0.021274 40.130000
0.336043 0.042167 40.130000
0.324261 0.062973 40.130000
0.312411 0.083740 40.130000
0.300522 0.104484 40.130000
0.288605 0.125212 40.130000
0.276667 0.145929 40.130000
0.264712 0.166636 40.130000
0.252740 0.187333 40.130000
0.240746 0.208017 40.130000
0.228726 0.228686 40.130000
0.216667 0.249332 40.130000
0.204539 0.269939 40.130000
0.192259 0.290454 40.130000
0.179292 0.310543 40.130000
0.155411 0.311728 40.130000
0.131504 0.312106 40.130000
0.107595 0.312305 40.130000
0.083685 0.312426 40.130000
0.059775 0.312501 40.130000
0.035865 0.312545 40.130000
0.011955 0.312565 40.130000
-0.011955 0.312565 40.130000
-0.035865 0.312545 40.130000
-0.059775 0.312501 40.130000
-0.083685 0.312426 40.130000
-0.107595 0.312305 40.130000
-0.131504 0.312106 40.130000
-0.155411 0.311728 40.130000
-0.179292 0.310543 40.130000
-0.192259 0.290454 40.130000
-0.204539 0.269939 40.130000
-0.216667 0.249332 40.130000
-0.228726 0.228686 40.130000
-0.240746 0.208017 40.130000
-0.252740 0.187333 40.130000
-0.264712 0.166636 40.130000
-0.276667 0.145929 40.130000
-0.288605 0.125212 40.130000
-0.300522 0.104484 40.130000
-0.312411 0.083740 40.130000
-0.324261 0.062973 40.130000
-0.336043 0.042167 40.130000
-0.347670 0.021274 40.130000
-0.358584 0.000000 40.130000
-0.347670 -0.021274 40.130000
-0.336043 -0.042167 40.130000
-0.324261 -0.062973 40.130000
-0.312411 -0.083740 40.130000
-0.300522 -0.104484 40.130000
-0.288605 -0.125212 40.130000
-0.276667 -0.145929 40.130000
-0.264712 -0.166636 40.130000
-0.252740 -0.187333 40.130000
-0.240746 -0.208017 40.130000
-0.228726 -0.228686 40.130000
-0.216667 -0.249332 40.130000
-0.204539 -0.269939 40.130000
-0.192259 -0.290454 40.130000
-0.179292 -0.310543 40.130000
-0.155411 -0.311728 40.130000
-0.131504 -0.312106 40.130000
-0.107595 -0.312305 40.130000
-0.083685 -0.312426 40.130000
-0.059775 -0.312501 40.130000
-0.035865 -0.312545 40.130000
-0.011955 -0.312565 40.130000
0.011955 -0.312565 40.130000
0.035865 -0.312545 40.130000
0.059775 -0.312501 40.130000
0.083685 -0.312426 40.130000
0.107595 -0.312305 40.130000
0.131504 -0.312106 40.130000
0.155411 -0.311728 40.130000
0.179292 -0.310543 40.130000
0.192259 -0.290454 40.130000
0.204539 -0.269939 40.130000
0.216667 -0.249332 40.130000
0.228726 -0.228686 40.130000
0.240746 -0.208017 40.130000
0.252740 -0.187333 40.130000
0.264712 -0.166636 40.130000
0.276667 -0.145929 40.130000
0.288605 -0.125212 40.130000
0.300522 -0.104484 40.130000
0.312411 -0.083740 40.130000
0.324261 -0.062973 40.130000
0.336043 -0.042167 40.130000
0.347670 -0.021274 40.130000
0.358584 0.000000 40.130000

