0.406844 0.000000 49.670000
0.394417 0.024114 49.670000
0.381205 0.047807 49.670000
0.367822 0.071404 49.670000
0.354365 0.094958 49.670000
0.340865 0.118488 49.670000
0.327338 0.142002 49.670000
0.313790 0.165505 49.670000
0.300226 0.188998 49.670000
0.286646 0.212482 49.670000
0.273046 0.235954 49.670000
0.259419 0.259410 49.670000
0.245749 0.282842 49.670000
0.232004 0.306230 49.670000
0.218092 0.329519 49.670000
0.203422 0.352337 49.670000
0.176325 0.353633 49.670000
0.149201 0.354037 49.670000
0.122074 0.354245 49.670000
0.094947 0.354368 49.670000
0.067819 0.354442 49.670000
0.040691 0.354484 49.670000
0.013564 0.354502 49.670000
-0.013564 0.354502 49.670000
-0.040691 0.354484 49.670000
-0.067819 0.354442 49.670000
-0.094947 0.354368 49.670000
-0.122074 0.354245 49.670000
-0.149201 0.354037 49.670000
-0.176325 0.353633 49.670000
-0.203422 0.352337 49.670000
-0.218092 0.329519 49.670000
-0.232004 0.306230 49.670000
-0.245749 0.282842 49.670000
-0.259419 0.259410 49.670000
-0.273046 0.235954 49.670000
-0.286646 0.212482 49.670000
-0.300226 0.188998 49.670000
-0.313790 0.165505 49.670000
-0.327338 0.142002 49.670000
-0.340865 0.118488 49.670000
-0.354365 0.094958 49.670000
-0.367822 0.071404 49.670000
-0.381205 0.047807 49.670000
-0.394417 0.024114 49.670000
-0.406844 0.000000 49.670000
-0.394417 -0.024114 49.670000
-0.381205 -0.047807 49.670000
-0.367822 -0.071404 49.670000
-0.354365 -0.094958 49.670000
-0.340865 -0.118488 49.670000
-0.327338 -0.142002 49.670000
-0.313790 -0.165505 49.670000
-0.300226 -0.188998 49.670000
-0.286646 -0.212482 49.670000
-0.273046 -0.235954 49.670000
-0.259419 -0.259410 49.670000
-0.245749 -0.282842 49.670000
-0.232004 -0.306230 49.670000
-0.218092 -0.329519 49.670000
-0.203422 -0.352337 49.670000
-0.176325 -0.353633 49.670000
-0.149201 -0.354037 49.670000
-0.122074 -0.354245 49.670000
-0.094947 -0.354368 49.670000
-0.067819 -0.354442 49.670000
-0.040691 -0.354484 49.670000
-0.013564 -0.354502 49.670000
0.013564 -0.354502 49.670000
0.040691 -0.354484 49.670000
0.067819 -0.354442 49.670000
0.094947 -0.354368 49.670000
0.122074 -0.354245 49.670000
0.149201 -0.354037 49.670000
0.176325 -0.353633 49.670000
0.203422 -0.352337 49.670000
0.218092 -0.329519 49.670000
0.232004 -0.306230 49.670000
0.245749 -0.282842 49.670000
0.259419 -0.259410 49.670000
0.273046 -0.235954 49.670000
0.286646 -0.212482 49.670000
0.300226 -0.188998 49.670000
0.313790 -0.165505 49.670000
0.327338 -0.142002 49.670000
0.340865 -0.118488 49.670000
0.354365 -0.094958 49.670000
0.367822 -0.071404 49.670000
0.381205 -0.047807 49.670000
0.394417 -0.024114 49.670000
0.406844 0.000000 49.670000

