0.328547 0.000000 34.550000
0.318572 0.019505 34.550000
0.307930 0.038653 34.550000
0.297142 0.057721 34.550000
0.286291 0.076752 34.550000
0.275402 0.095762 34.550000
0.264486 0.114756 34.550000
0.253551 0.133739 34.550000
0.242597 0.152712 34.550000
0.231625 0.171674 34.550000
0.220633 0.190624 34.550000
0.209615 0.209559 34.550000
0.198559 0.228472 34.550000
0.187440 0.247348 34.550000
0.176177 0.266139 34.550000
0.164274 0.284530 34.550000
0.142394 0.285644 34.550000
0.120490 0.286002 34.550000
0.098583 0.286193 34.550000
0.076676 0.286311 34.550000
0.054769 0.286386 34.550000
0.032861 0.286430 34.550000
0.010954 0.286451 34.550000
-0.010954 0.286451 34.550000
-0.032861 0.286430 34.550000
-0.054769 0.286386 34.550000
-0.076676 0.286311 34.550000
-0.098583 0.286193 34.550000
-0.120490 0.286002 34.550000
-0.142394 0.285644 34.550000
-0.164274 0.284530 34.550000
-0.176177 0.266139 34.550000
-0.187440 0.247348 34.550000
-0.198559 0.228472 34.550000
-0.209615 0.209559 34.550000
-0.220633 0.190624 34.550000
-0.231625 0.171674 34.550000
-0.242597 0.152712 34.550000
-0.253551 0.133739 34.550000
-0.264486 0.114756 34.550000
-0.275402 0.095762 34.550000
-0.286291 0.076752 34.550000
-0.297142 0.057721 34.550000
-0.307930 0.038653 34.550000
-0.318572 0.019505 34.550000
-0.328547 0.000000 34.550000
-0.318572 -0.019505 34.550000
-0.307930 -0.038653 34.550000
-0.297142 -0.057721 34.550000
-0.286291 -0.076752 34.550000
-0.275402 -0.095762 34.550000
-0.264486 -0.114756 34.550000
-0.253551 -0.133739 34.550000
-0.242597 -0.152712 34.550000
-0.231625 -0.171674 34.550000
-0.220633 -0.190624 34.550000
-0.209615 -0.209559 34.550000
-0.198559 -0.228472 34.550000
-0.187440 -0.247348 34.550000
-0.176177 -0.266139 34.550000
-0.164274 -0.284530 34.550000
-0.142394 -0.285644 34.550000
-0.120490 -0.286002 34.550000
-0.098583 -0.286193 34.550000
-0.076676 -0.286311 34.550000
-0.054769 -0.286386 34.550000
-0.032861 -0.286430 34.550000
-0.010954 -0.286451 34.550000
0.010954 -0.286451 34.550000
0.032861 -0.286430 34.550000
0.054769 -0.286386 34.550000
0.076676 -0.286311 34.550000
0.098583 -0.286193 34.550000
0.120490 -0.286002 34.550000
0.142394 -0.285644 34.550000
0.164274 -0.284530 34.550000
0.176177 -0.266139 34.550000
0.187440 -0.247348 34.550000
0.198559 -0.228472 34.550000
0.209615 -0.209559 34.550000
0.220633 -0.190624 34.550000
0.231625 -0.171674 34.550000
0.242597 -0.152712 34.550000
0.253551 -0.133739 34.550000
0.264486 -0.114756 34.550000
0.275402 -0.095762 34.550000
0.286291 -0.076752 34.550000
0.297142 -0.057721 34.550000
0.307930 -0.038653 34.550000
0.318572 -0.019505 34.550000
0.328547 0.000000 34.550000

