0.344671 0.000000 37.510000
0.334193 0.020455 37.510000
0.323022 0.040540 37.510000
0.311701 0.060541 37.510000
0.300314 0.080504 37.510000
0.288888 0.100445 37.510000
0.277435 0.120370 37.510000
0.265961 0.140284 37.510000
0.254470 0.160187 37.510000
0.242961 0.180080 37.510000
0.231431 0.199962 37.510000
0.219875 0.219827 37.510000
0.208280 0.239671 37.510000
0.196620 0.259475 37.510000
0.184811 0.279192 37.510000
0.172336 0.298494 37.510000
0.149382 0.299647 37.510000
0.126403 0.300015 37.510000
0.103421 0.300211 37.510000
0.080439 0.300331 37.510000
0.057456 0.300406 37.510000
0.034474 0.300450 37.510000
0.011491 0.300471 37.510000
-0.011491 0.300471 37.510000
-0.034474 0.300450 37.510000
-0.057456 0.300406 37.510000
-0.080439 0.300331 37.510000
-0.103421 0.300211 37.510000
-0.126403 0.300015 37.510000
-0.149382 0.299647 37.510000
-0.172336 0.298494 37.510000
-0.184811 0.279192 37.510000
-0.196620 0.259475 37.510000
-0.208280 0.239671 37.510000
-0.219875 0.219827 37.510000
-0.231431 0.199962 37.510000
-0.242961 0.180080 37.510000
-0.254470 0.160187 37.510000
-0.265961 0.140284 37.510000
-0.277435 0.120370 37.510000
-0.288888 0.100445 37.510000
-0.300314 0.080504 37.510000
-0.311701 0.060541 37.510000
-0.323022 0.040540 37.510000
-0.334193 0.020455 37.510000
-0.344671 0.000000 37.510000
-0.334193 -0.020455 37.510000
-0.323022 -0.040540 37.510000
-0.311701 -0.060541 37.510000
-0.300314 -0.080504 37.510000
-0.288888 -0.100445 37.510000
-0.277435 -0.120370 37.510000
-0.265961 -0.140284 37.510000
-0.254470 -0.160187 37.510000
-0.242961 -0.180080 37.510000
-0.231431 -0.199962 37.510000
-0.219875 -0.219827 37.510000
-0.208280 -0.239671 37.510000
-0.196620 -0.259475 37.510000
-0.184811 -0.279192 37.510000
-0.172336 -0.298494 37.510000
-0.149382 -0.299647 37.510000
-0.126403 -0.300015 37.510000
-0.103421 -0.300211 37.510000
-0.080439 -0.300331 37.510000
-0.057456 -0.300406 37.510000
-0.034474 -0.300450 37.510000
-0.011491 -0.300471 37.510000
0.011491 -0.300471 37.510000
0.034474 -0.300450 37.510000
0.057456 -0.300406 37.510000
0.080439 -0.300331 37.510000
0.103421 -0.300211 37.510000
0.126403 -0.300015 37.510000
0.149382 -0.299647 37.510000
0.172336 -0.298494 37.510000
0.184811 -0.279192 37.510000
0.196620 -0.259475 37.510000
0.208280 -0.239671 37.510000
0.219875 -0.219827 37.510000
0.231431 -0.199962 37.510000
0.242961 -0.180080 37.510000
0.254470 -0.160187 37.510000
0.265961 -0.140284 37.510000
0.277435 -0.120370 37.510000
0.288888 -0.100445 37.510000
0.300314 -0.080504 37.510000
0.311701 -0.060541 37.510000
0.323022 -0.040540 37.510000
0.334193 -0.020455 37.510000
0.344671 0.000000 37.510000

