0.369203 0.000000 42.170000
0.357958 0.021899 42.170000
0.345982 0.043408 42.170000
0.333848 0.064828 42.170000
0.321645 0.086209 42.170000
0.309401 0.107566 42.170000
0.297130 0.128908 42.170000
0.284838 0.150238 42.170000
0.272529 0.171558 42.170000
0.260202 0.192868 42.170000
0.247856 0.214166 42.170000
0.235482 0.235448 42.170000
0.223067 0.256707 42.170000
0.210584 0.277925 42.170000
0.197944 0.299051 42.170000
0.184602 0.319740 42.170000
0.160013 0.320950 42.170000
0.135398 0.321333 42.170000
0.110781 0.321535 42.170000
0.086163 0.321657 42.170000
0.061545 0.321732 42.170000
0.036927 0.321776 42.170000
0.012309 0.321796 42.170000
-0.012309 0.321796 42.170000
-0.036927 0.321776 42.170000
-0.061545 0.321732 42.170000
-0.086163 0.321657 42.170000
-0.110781 0.321535 42.170000
-0.135398 0.321333 42.170000
-0.160013 0.320950 42.170000
-0.184602 0.319740 42.170000
-0.197944 0.299051 42.170000
-0.210584 0.277925 42.170000
-0.223067 0.256707 42.170000
-0.235482 0.235448 42.170000
-0.247856 0.214166 42.170000
-0.260202 0.192868 42.170000
-0.272529 0.171558 42.170000
-0.284838 0.150238 42.170000
-0.297130 0.128908 42.170000
-0.309401 0.107566 42.170000
-0.321645 0.086209 42.170000
-0.333848 0.064828 42.170000
-0.345982 0.043408 42.170000
-0.357958 0.021899 42.170000
-0.369203 0.000000 42.170000
-0.357958 -0.021899 42.170000
-0.345982 -0.043408 42.170000
-0.333848 -0.064828 42.170000
-0.321645 -0.086209 42.170000
-0.309401 -0.107566 42.170000
-0.297130 -0.128908 42.170000
-0.284838 -0.150238 42.170000
-0.272529 -0.171558 42.170000
-0.260202 -0.192868 42.170000
-0.247856 -0.214166 42.170000
-0.235482 -0.235448 42.170000
-0.223067 -0.256707 42.170000
-0.210584 -0.277925 42.170000
-0.197944 -0.299051 42.170000
-0.184602 -0.319740 42.170000
-0.160013 -0.320950 42.170000
-0.135398 -0.321333 42.170000
-0.110781 -0.321535 42.170000
-0.086163 -0.321657 42.170000
-0.061545 -0.321732 42.170000
-0.036927 -0.321776 42.170000
-0.012309 -0.321796 42.170000
0.012309 -0.321796 42.170000
0.036927 -0.321776 42.170000
0.061545 -0.321732 42.170000
0.086163 -0.321657 42.170000
0.110781 -0.321535 42.170000
0.135398 -0.321333 42.170000
0.160013 -0.320950 42.170000
0.184602 -0.319740 42.170000
0.197944 -0.299051 42.170000
0.210584 -0.277925 42.170000
0.223067 -0.256707 42.170000
0.235482 -0.235448 42.170000
0.247856 -0.214166 42.170000
0.260202 -0.192868 42.170000
0.272529 -0.171558 42.170000
0.284838 -0.150238 42.170000
0.297130 -0.128908 42.170000
0.309401 -0.107566 42.170000
0.321645 -0.086209 42.170000
0.333848 -0.064828 42.170000
0.345982 -0.043408 42.170000
0.357958 -0.021899 42.170000
0.369203 0.000000 42.170000

