0.145204 0.000000 7.590000
0.140871 0.008659 7.590000
0.136201 0.017142 7.590000
0.131455 0.025582 7.590000
0.126675 0.034002 7.590000
0.121874 0.042411 7.590000
0.117057 0.050812 7.590000
0.112228 0.059204 7.590000
0.107386 0.067590 7.590000
0.102533 0.075969 7.590000
0.097666 0.084340 7.590000
0.092784 0.092702 7.590000
0.087882 0.101052 7.590000
0.082946 0.109383 7.590000
0.077935 0.117669 7.590000
0.072602 0.125751 7.590000
0.062936 0.126328 7.590000
0.053255 0.126524 7.590000
0.043573 0.126634 7.590000
0.033890 0.126705 7.590000
0.024207 0.126751 7.590000
0.014524 0.126780 7.590000
0.004841 0.126794 7.590000
-0.004841 0.126794 7.590000
-0.014524 0.126780 7.590000
-0.024207 0.126751 7.590000
-0.033890 0.126705 7.590000
-0.043573 0.126634 7.590000
-0.053255 0.126524 7.590000
-0.062936 0.126328 7.590000
-0.072602 0.125751 7.590000
-0.077935 0.117669 7.590000
-0.082946 0.109383 7.590000
-0.087882 0.101052 7.590000
-0.092784 0.092702 7.590000
-0.097666 0.084340 7.590000
-0.102533 0.075969 7.590000
-0.107386 0.067590 7.590000
-0.112228 0.059204 7.590000
-0.117057 0.050812 7.590000
-0.121874 0.042411 7.590000
-0.126675 0.034002 7.590000
-0.131455 0.025582 7.590000
-0.136201 0.017142 7.590000
-0.140871 0.008659 7.590000
-0.145204 -0.000000 7.590000
-0.140871 -0.008659 7.590000
-0.136201 -0.017142 7.590000
-0.131455 -0.025582 7.590000
-0.126675 -0.034002 7.590000
-0.121874 -0.042411 7.590000
-0.117057 -0.050812 7.590000
-0.112228 -0.059204 7.590000
-0.107386 -0.067590 7.590000
-0.102533 -0.075969 7.590000
-0.097666 -0.084340 7.590000
-0.092784 -0.092702 7.590000
-0.087882 -0.101052 7.590000
-0.082946 -0.109383 7.590000
-0.077935 -0.117669 7.590000
-0.072602 -0.125751 7.590000
-0.062936 -0.126328 7.590000
-0.053255 -0.126524 7.590000
-0.043573 -0.126634 7.590000
-0.033890 -0.126705 7.590000
-0.024207 -0.126751 7.590000
-0.014524 -0.126780 7.590000
-0.004841 -0.126794 7.590000
0.004841 -0.126794 7.590000
0.014524 -0.126780 7.590000
0.024207 -0.126751 7.590000
0.033890 -0.126705 7.590000
0.043573 -0.126634 7.590000
0.053255 -0.126524 7.590000
0.062936 -0.126328 7.590000
0.072602 -0.125751 7.590000
0.077935 -0.117669 7.590000
0.082946 -0.109383 7.590000
0.087882 -0.101052 7.590000
0.092784 -0.092702 7.590000
0.097666 -0.084340 7.590000
0.102533 -0.075969 7.590000
0.107386 -0.067590 7.590000
0.112228 -0.059204 7.590000
0.117057 -0.050812 7.590000
0.121874 -0.042411 7.590000
0.126675 -0.034002 7.590000
0.131455 -0.025582 7.590000
0.136201 -0.017142 7.590000
0.140871 -0.008659 7.590000
0.145204 0.000000 7.590000

