0.157705 0.000000 8.980000
0.152992 0.009402 8.980000
0.147917 0.018613 8.980000
0.142761 0.027778 8.980000
0.137568 0.036923 8.980000
0.132353 0.046056 8.980000
0.127121 0.055178 8.980000
0.121876 0.064293 8.980000
0.116618 0.073401 8.980000
0.111347 0.082501 8.980000
0.106062 0.091593 8.980000
0.100761 0.100676 8.980000
0.095437 0.109745 8.980000
0.090078 0.118794 8.980000
0.084638 0.127794 8.980000
0.078852 0.136576 8.980000
0.068354 0.137196 8.980000
0.057840 0.137406 8.980000
0.047324 0.137524 8.980000
0.036808 0.137599 8.980000
0.026291 0.137649 8.980000
0.015775 0.137680 8.980000
0.005258 0.137694 8.980000
-0.005258 0.137694 8.980000
-0.015775 0.137680 8.980000
-0.026291 0.137649 8.980000
-0.036808 0.137599 8.980000
-0.047324 0.137524 8.980000
-0.057840 0.137406 8.980000
-0.068354 0.137196 8.980000
-0.078852 0.136576 8.980000
-0.084638 0.127794 8.980000
-0.090078 0.118794 8.980000
-0.095437 0.109745 8.980000
-0.100761 0.100676 8.980000
-0.106062 0.091593 8.980000
-0.111347 0.082501 8.980000
-0.116618 0.073401 8.980000
-0.121876 0.064293 8.980000
-0.127121 0.055178 8.980000
-0.132353 0.046056 8.980000
-0.137568 0.036923 8.980000
-0.142761 0.027778 8.980000
-0.147917 0.018613 8.980000
-0.152992 0.009402 8.980000
-0.157705 -0.000000 8.980000
-0.152992 -0.009402 8.980000
-0.147917 -0.018613 8.980000
-0.142761 -0.027778 8.980000
-0.137568 -0.036923 8.980000
-0.132353 -0.046056 8.980000
-0.127121 -0.055178 8.980000
-0.121876 -0.064293 8.980000
-0.116618 -0.073401 8.980000
-0.111347 -0.082501 8.980000
-0.106062 -0.091593 8.980000
-0.100761 -0.100676 8.980000
-0.095437 -0.109745 8.980000
-0.090078 -0.118794 8.980000
-0.084638 -0.127794 8.980000
-0.078852 -0.136576 8.980000
-0.068354 -0.137196 8.980000
-0.057840 -0.137406 8.980000
-0.047324 -0.137524 8.980000
-0.036808 -0.137599 8.980000
-0.026291 -0.137649 8.980000
-0.015775 -0.137680 8.980000
-0.005258 -0.137694 8.980000
0.005258 -0.137694 8.980000
0.015775 -0.137680 8.980000
0.026291 -0.137649 8.980000
0.036808 -0.137599 8.980000
0.047324 -0.137524 8.980000
0.057840 -0.137406 8.980000
0.068354 -0.137196 8.980000
0.078852 -0.136576 8.980000
0.084638 -0.127794 8.980000
0.090078 -0.118794 8.980000
0.095437 -0.109745 8.980000
0.100761 -0.100676 8.980000
0.106062 -0.091593 8.980000
0.111347 -0.082501 8.980000
0.116618 -0.073401 8.980000
0.121876 -0.064293 8.980000
0.127121 -0.055178 8.980000
0.132353 -0.046056 8.980000
0.137568 -0.036923 8.980000
0.142761 -0.027778 8.980000
0.147917 -0.018613 8.980000
0.152992 -0.009402 8.980000
0.157705 0.000000 8.980000

