0.228334 0.000000 18.160000
0.221462 0.013587 18.160000
0.214093 0.026911 18.160000
0.206614 0.040173 18.160000
0.199087 0.053408 18.160000
0.191529 0.066626 18.160000
0.183950 0.079832 18.160000
0.176354 0.093027 18.160000
0.168741 0.106213 18.160000
0.161112 0.119390 18.160000
0.153465 0.132556 18.160000
0.145796 0.145710 18.160000
0.138098 0.158846 18.160000
0.130352 0.171954 18.160000
0.122498 0.184998 18.160000
0.114167 0.197743 18.160000
0.098964 0.198585 18.160000
0.083741 0.198865 18.160000
0.068516 0.199020 18.160000
0.053290 0.199118 18.160000
0.038065 0.199182 18.160000
0.022839 0.199222 18.160000
0.007613 0.199240 18.160000
-0.007613 0.199240 18.160000
-0.022839 0.199222 18.160000
-0.038065 0.199182 18.160000
-0.053290 0.199118 18.160000
-0.068516 0.199020 18.160000
-0.083741 0.198865 18.160000
-0.098964 0.198585 18.160000
-0.114167 0.197743 18.160000
-0.122498 0.184998 18.160000
-0.130352 0.171954 18.160000
-0.138098 0.158846 18.160000
-0.145796 0.145710 18.160000
-0.153465 0.132556 18.160000
-0.161112 0.119390 18.160000
-0.168741 0.106213 18.160000
-0.176354 0.093027 18.160000
-0.183950 0.079832 18.160000
-0.191529 0.066626 18.160000
-0.199087 0.053408 18.160000
-0.206614 0.040173 18.160000
-0.214093 0.026911 18.160000
-0.221462 0.013587 18.160000
-0.228334 0.000000 18.160000
-0.221462 -0.013587 18.160000
-0.214093 -0.026911 18.160000
-0.206614 -0.040173 18.160000
-0.199087 -0.053408 18.160000
-0.191529 -0.066626 18.160000
-0.183950 -0.079832 18.160000
-0.176354 -0.093027 18.160000
-0.168741 -0.106213 18.160000
-0.161112 -0.119390 18.160000
-0.153465 -0.132556 18.160000
-0.145796 -0.145710 18.160000
-0.138098 -0.158846 18.160000
-0.130352 -0.171954 18.160000
-0.122498 -0.184998 18.160000
-0.114167 -0.197743 18.160000
-0.098964 -0.198585 18.160000
-0.083741 -0.198865 18.160000
-0.068516 -0.199020 18.160000
-0.053290 -0.199118 18.160000
-0.038065 -0.199182 18.160000
-0.022839 -0.199222 18.160000
-0.007613 -0.199240 18.160000
0.007613 -0.199240 18.160000
0.022839 -0.199222 18.160000
0.038065 -0.199182 18.160000
0.053290 -0.199118 18.160000
0.068516 -0.199020 18.160000
0.083741 -0.198865 18.160000
0.098964 -0.198585 18.160000
0.114167 -0.197743 18.160000
0.122498 -0.184998 18.160000
0.130352 -0.171954 18.160000
0.138098 -0.158846 18.160000
0.145796 -0.145710 18.160000
0.153465 -0.132556 18.160000
0.161112 -0.119390 18.160000
0.168741 -0.106213 18.160000
0.176354 -0.093027 18.160000
0.183950 -0.079832 18.160000
0.191529 -0.066626 18.160000
0.199087 -0.053408 18.160000
0.206614 -0.040173 18.160000
0.214093 -0.026911 18.160000
0.221462 -0.013587 18.160000
0.228334 0.000000 18.160000

