0.247439 0.000000 21.000000
0.239979 0.014717 21.000000
0.231988 0.029152 21.000000
0.223879 0.043522 21.000000
0.215719 0.057863 21.000000
0.207527 0.072185 21.000000
0.199313 0.086495 21.000000
0.191080 0.100794 21.000000
0.182830 0.115083 21.000000
0.174563 0.129363 21.000000
0.166278 0.143631 21.000000
0.157970 0.157887 21.000000
0.149631 0.172124 21.000000
0.141240 0.186331 21.000000
0.132735 0.200469 21.000000
0.123720 0.214288 21.000000
0.107244 0.215186 21.000000
0.090747 0.215483 21.000000
0.074248 0.215646 21.000000
0.057749 0.215750 21.000000
0.041249 0.215817 21.000000
0.024750 0.215857 21.000000
0.008250 0.215877 21.000000
-0.008250 0.215877 21.000000
-0.024750 0.215857 21.000000
-0.041249 0.215817 21.000000
-0.057749 0.215750 21.000000
-0.074248 0.215646 21.000000
-0.090747 0.215483 21.000000
-0.107244 0.215186 21.000000
-0.123720 0.214288 21.000000
-0.132735 0.200469 21.000000
-0.141240 0.186331 21.000000
-0.149631 0.172124 21.000000
-0.157970 0.157887 21.000000
-0.166278 0.143631 21.000000
-0.174563 0.129363 21.000000
-0.182830 0.115083 21.000000
-0.191080 0.100794 21.000000
-0.199313 0.086495 21.000000
-0.207527 0.072185 21.000000
-0.215719 0.057863 21.000000
-0.223879 0.043522 21.000000
-0.231988 0.029152 21.000000
-0.239979 0.014717 21.000000
-0.247439 0.000000 21.000000
-0.239979 -0.014717 21.000000
-0.231988 -0.029152 21.000000
-0.223879 -0.043522 21.000000
-0.215719 -0.057863 21.000000
-0.207527 -0.072185 21.000000
-0.199313 -0.086495 21.000000
-0.191080 -0.100794 21.000000
-0.182830 -0.115083 21.000000
-0.174563 -0.129363 21.000000
-0.166278 -0.143631 21.000000
-0.157970 -0.157887 21.000000
-0.149631 -0.172124 21.000000
-0.141240 -0.186331 21.000000
-0.132735 -0.200469 21.000000
-0.123720 -0.214288 21.000000
-0.107244 -0.215186 21.000000
-0.090747 -0.215483 21.000000
-0.074248 -0.215646 21.000000
-0.057749 -0.215750 21.000000
-0.041249 -0.215817 21.000000
-0.024750 -0.215857 21.000000
-0.008250 -0.215877 21.000000
0.008250 -0.215877 21.000000
0.024750 -0.215857 21.000000
0.041249 -0.215817 21.000000
0.057749 -0.215750 21.000000
0.074248 -0.215646 21.000000
0.090747 -0.215483 21.000000
0.107244 -0.215186 21.000000
0.123720 -0.214288 21.000000
0.132735 -0.200469 21.000000
0.141240 -0.186331 21.000000
0.149631 -0.172124 21.000000
0.157970 -0.157887 21.000000
0.166278 -0.143631 21.000000
0.174563 -0.129363 21.000000
0.182830 -0.115083 21.000000
0.191080 -0.100794 21.000000
0.199313 -0.086495 21.000000
0.207527 -0.072185 21.000000
0.215719 -0.057863 21.000000
0.223879 -0.043522 21.000000
0.231988 -0.029152 21.000000
0.239979 -0.014717 21.000000
0.247439 0.000000 21.000000

