0.228816 0.000000 18.230000
0.221930 0.013616 18.230000
0.214545 0.026968 18.230000
0.207051 0.040258 18.230000
0.199507 0.053521 18.230000
0.191934 0.066767 18.230000
0.184339 0.080000 18.230000
0.176726 0.093223 18.230000
0.169097 0.106437 18.230000
0.161452 0.119642 18.230000
0.153789 0.132836 18.230000
0.146104 0.146018 18.230000
0.138390 0.159182 18.230000
0.130627 0.172318 18.230000
0.122756 0.185389 18.230000
0.114408 0.198161 18.230000
0.099173 0.199005 18.230000
0.083918 0.199285 18.230000
0.068661 0.199440 18.230000
0.053403 0.199539 18.230000
0.038145 0.199603 18.230000
0.022887 0.199642 18.230000
0.007629 0.199661 18.230000
-0.007629 0.199661 18.230000
-0.022887 0.199642 18.230000
-0.038145 0.199603 18.230000
-0.053403 0.199539 18.230000
-0.068661 0.199440 18.230000
-0.083918 0.199285 18.230000
-0.099173 0.199005 18.230000
-0.114408 0.198161 18.230000
-0.122756 0.185389 18.230000
-0.130627 0.172318 18.230000
-0.138390 0.159182 18.230000
-0.146104 0.146018 18.230000
-0.153789 0.132836 18.230000
-0.161452 0.119642 18.230000
-0.169097 0.106437 18.230000
-0.176726 0.093223 18.230000
-0.184339 0.080000 18.230000
-0.191934 0.066767 18.230000
-0.199507 0.053521 18.230000
-0.207051 0.040258 18.230000
-0.214545 0.026968 18.230000
-0.221930 0.013616 18.230000
-0.228816 0.000000 18.230000
-0.221930 -0.013616 18.230000
-0.214545 -0.026968 18.230000
-0.207051 -0.040258 18.230000
-0.199507 -0.053521 18.230000
-0.191934 -0.066767 18.230000
-0.184339 -0.080000 18.230000
-0.176726 -0.093223 18.230000
-0.169097 -0.106437 18.230000
-0.161452 -0.119642 18.230000
-0.153789 -0.132836 18.230000
-0.146104 -0.146018 18.230000
-0.138390 -0.159182 18.230000
-0.130627 -0.172318 18.230000
-0.122756 -0.185389 18.230000
-0.114408 -0.198161 18.230000
-0.099173 -0.199005 18.230000
-0.083918 -0.199285 18.230000
-0.068661 -0.199440 18.230000
-0.053403 -0.199539 18.230000
-0.038145 -0.199603 18.230000
-0.022887 -0.199642 18.230000
-0.007629 -0.199661 18.230000
0.007629 -0.199661 18.230000
0.022887 -0.199642 18.230000
0.038145 -0.199603 18.230000
0.053403 -0.199539 18.230000
0.068661 -0.199440 18.230000
0.083918 -0.199285 18.230000
0.099173 -0.199005 18.230000
0.114408 -0.198161 18.230000
0.122756 -0.185389 18.230000
0.130627 -0.172318 18.230000
0.138390 -0.159182 18.230000
0.146104 -0.146018 18.230000
0.153789 -0.132836 18.230000
0.161452 -0.119642 18.230000
0.169097 -0.106437 18.230000
0.176726 -0.093223 18.230000
0.184339 -0.080000 18.230000
0.191934 -0.066767 18.230000
0.199507 -0.053521 18.230000
0.207051 -0.040258 18.230000
0.214545 -0.026968 18.230000
0.221930 -0.013616 18.230000
0.228816 0.000000 18.230000

