0.298841 0.000000 29.320000
0.289790 0.017753 29.320000
0.280120 0.035176 29.320000
0.270315 0.052524 29.320000
0.260450 0.069838 29.320000
0.250550 0.087131 29.320000
0.240624 0.104410 29.320000
0.230679 0.121678 29.320000
0.220715 0.138935 29.320000
0.210734 0.156182 29.320000
0.200733 0.173417 29.320000
0.190706 0.190638 29.320000
0.180644 0.207838 29.320000
0.170523 0.225003 29.320000
0.160269 0.242089 29.320000
0.149420 0.258804 29.320000
0.129521 0.259842 29.320000
0.109597 0.260179 29.320000
0.089670 0.260361 29.320000
0.069744 0.260475 29.320000
0.049817 0.260548 29.320000
0.029890 0.260592 29.320000
0.009963 0.260612 29.320000
-0.009963 0.260612 29.320000
-0.029890 0.260592 29.320000
-0.049817 0.260548 29.320000
-0.069744 0.260475 29.320000
-0.089670 0.260361 29.320000
-0.109597 0.260179 29.320000
-0.129521 0.259842 29.320000
-0.149420 0.258804 29.320000
-0.160269 0.242089 29.320000
-0.170523 0.225003 29.320000
-0.180644 0.207838 29.320000
-0.190706 0.190638 29.320000
-0.200733 0.173417 29.320000
-0.210734 0.156182 29.320000
-0.220715 0.138935 29.320000
-0.230679 0.121678 29.320000
-0.240624 0.104410 29.320000
-0.250550 0.087131 29.320000
-0.260450 0.069838 29.320000
-0.270315 0.052524 29.320000
-0.280120 0.035176 29.320000
-0.289790 0.017753 29.320000
-0.298841 0.000000 29.320000
-0.289790 -0.017753 29.320000
-0.280120 -0.035176 29.320000
-0.270315 -0.052524 29.320000
-0.260450 -0.069838 29.320000
-0.250550 -0.087131 29.320000
-0.240624 -0.104410 29.320000
-0.230679 -0.121678 29.320000
-0.220715 -0.138935 29.320000
-0.210734 -0.156182 29.320000
-0.200733 -0.173417 29.320000
-0.190706 -0.190638 29.320000
-0.180644 -0.207838 29.320000
-0.170523 -0.225003 29.320000
-0.160269 -0.242089 29.320000
-0.149420 -0.258804 29.320000
-0.129521 -0.259842 29.320000
-0.109597 -0.260179 29.320000
-0.089670 -0.260361 29.320000
-0.069744 -0.260475 29.320000
-0.049817 -0.260548 29.320000
-0.029890 -0.260592 29.320000
-0.009963 -0.260612 29.320000
0.009963 -0.260612 29.320000
0.029890 -0.260592 29.320000
0.049817 -0.260548 29.320000
0.069744 -0.260475 29.320000
0.089670 -0.260361 29.320000
0.109597 -0.260179 29.320000
0.129521 -0.259842 29.320000
0.149420 -0.258804 29.320000
0.160269 -0.242089 29.320000
0.170523 -0.225003 29.320000
0.180644 -0.207838 29.320000
0.190706 -0.190638 29.320000
0.200733 -0.173417 29.320000
0.210734 -0.156182 29.320000
0.220715 -0.138935 29.320000
0.230679 -0.121678 29.320000
0.240624 -0.104410 29.320000
0.250550 -0.087131 29.320000
0.260450 -0.069838 29.320000
0.270315 -0.052524 29.320000
0.280120 -0.035176 29.320000
0.289790 -0.017753 29.320000
0.298841 0.000000 29.320000

