0.320813 0.000000 33.160000
0.311078 0.019049 33.160000
0.300690 0.037748 33.160000
0.290158 0.056368 33.160000
0.279564 0.074952 33.160000
0.268932 0.093515 33.160000
0.258275 0.112063 33.160000
0.247597 0.130599 33.160000
0.236901 0.149125 33.160000
0.226187 0.167641 33.160000
0.215453 0.186144 33.160000
0.204692 0.204633 33.160000
0.193895 0.223100 33.160000
0.183036 0.241531 33.160000
0.172036 0.259877 33.160000
0.160406 0.277832 33.160000
0.139043 0.278926 33.160000
0.117654 0.279279 33.160000
0.096263 0.279468 33.160000
0.074871 0.279585 33.160000
0.053480 0.279660 33.160000
0.032088 0.279704 33.160000
0.010696 0.279725 33.160000
-0.010696 0.279725 33.160000
-0.032088 0.279704 33.160000
-0.053480 0.279660 33.160000
-0.074871 0.279585 33.160000
-0.096263 0.279468 33.160000
-0.117654 0.279279 33.160000
-0.139043 0.278926 33.160000
-0.160406 0.277832 33.160000
-0.172036 0.259877 33.160000
-0.183036 0.241531 33.160000
-0.193895 0.223100 33.160000
-0.204692 0.204633 33.160000
-0.215453 0.186144 33.160000
-0.226187 0.167641 33.160000
-0.236901 0.149125 33.160000
-0.247597 0.130599 33.160000
-0.258275 0.112063 33.160000
-0.268932 0.093515 33.160000
-0.279564 0.074952 33.160000
-0.290158 0.056368 33.160000
-0.300690 0.037748 33.160000
-0.311078 0.019049 33.160000
-0.320813 0.000000 33.160000
-0.311078 -0.019049 33.160000
-0.300690 -0.037748 33.160000
-0.290158 -0.056368 33.160000
-0.279564 -0.074952 33.160000
-0.268932 -0.093515 33.160000
-0.258275 -0.112063 33.160000
-0.247597 -0.130599 33.160000
-0.236901 -0.149125 33.160000
-0.226187 -0.167641 33.160000
-0.215453 -0.186144 33.160000
-0.204692 -0.204633 33.160000
-0.193895 -0.223100 33.160000
-0.183036 -0.241531 33.160000
-0.172036 -0.259877 33.160000
-0.160406 -0.277832 33.160000
-0.139043 -0.278926 33.160000
-0.117654 -0.279279 33.160000
-0.096263 -0.279468 33.160000
-0.074871 -0.279585 33.160000
-0.053480 -0.279660 33.160000
-0.032088 -0.279704 33.160000
-0.010696 -0.279725 33.160000
0.010696 -0.279725 33.160000
0.032088 -0.279704 33.160000
0.053480 -0.279660 33.160000
0.074871 -0.279585 33.160000
0.096263 -0.279468 33.160000
0.117654 -0.279279 33.160000
0.139043 -0.278926 33.160000
0.160406 -0.277832 33.160000
0.172036 -0.259877 33.160000
0.183036 -0.241531 33.160000
0.193895 -0.223100 33.160000
0.204692 -0.204633 33.160000
0.215453 -0.186144 33.160000
0.226187 -0.167641 33.160000
0.236901 -0.149125 33.160000
0.247597 -0.130599 33.160000
0.258275 -0.112063 33.160000
0.268932 -0.093515 33.160000
0.279564 -0.074952 33.160000
0.290158 -0.056368 33.160000
0.300690 -0.037748 33.160000
0.311078 -0.019049 33.160000
0.320813 0.000000 33.160000

