0.308741 0.000000 31.030000
0.299382 0.018337 31.030000
0.289388 0.036335 31.030000
0.279256 0.054256 31.030000
0.269063 0.072142 31.030000
0.258833 0.090008 31.030000
0.248577 0.107859 31.030000
0.238302 0.125698 31.030000
0.228008 0.143527 31.030000
0.217697 0.161345 31.030000
0.207366 0.179152 31.030000
0.197008 0.196944 31.030000
0.186615 0.214715 31.030000
0.176161 0.232450 31.030000
0.165571 0.250104 31.030000
0.154370 0.267377 31.030000
0.133811 0.268441 31.030000
0.113227 0.268785 31.030000
0.092641 0.268971 31.030000
0.072054 0.269086 31.030000
0.051467 0.269160 31.030000
0.030880 0.269204 31.030000
0.010293 0.269224 31.030000
-0.010293 0.269224 31.030000
-0.030880 0.269204 31.030000
-0.051467 0.269160 31.030000
-0.072054 0.269086 31.030000
-0.092641 0.268971 31.030000
-0.113227 0.268785 31.030000
-0.133811 0.268441 31.030000
-0.154370 0.267377 31.030000
-0.165571 0.250104 31.030000
-0.176161 0.232450 31.030000
-0.186615 0.214715 31.030000
-0.197008 0.196944 31.030000
-0.207366 0.179152 31.030000
-0.217697 0.161345 31.030000
-0.228008 0.143527 31.030000
-0.238302 0.125698 31.030000
-0.248577 0.107859 31.030000
-0.258833 0.090008 31.030000
-0.269063 0.072142 31.030000
-0.279256 0.054256 31.030000
-0.289388 0.036335 31.030000
-0.299382 0.018337 31.030000
-0.308741 0.000000 31.030000
-0.299382 -0.018337 31.030000
-0.289388 -0.036335 31.030000
-0.279256 -0.054256 31.030000
-0.269063 -0.072142 31.030000
-0.258833 -0.090008 31.030000
-0.248577 -0.107859 31.030000
-0.238302 -0.125698 31.030000
-0.228008 -0.143527 31.030000
-0.217697 -0.161345 31.030000
-0.207366 -0.179152 31.030000
-0.197008 -0.196944 31.030000
-0.186615 -0.214715 31.030000
-0.176161 -0.232450 31.030000
-0.165571 -0.250104 31.030000
-0.154370 -0.267377 31.030000
-0.133811 -0.268441 31.030000
-0.113227 -0.268785 31.030000
-0.092641 -0.268971 31.030000
-0.072054 -0.269086 31.030000
-0.051467 -0.269160 31.030000
-0.030880 -0.269204 31.030000
-0.010293 -0.269224 31.030000
0.010293 -0.269224 31.030000
0.030880 -0.269204 31.030000
0.051467 -0.269160 31.030000
0.072054 -0.269086 31.030000
0.092641 -0.268971 31.030000
0.113227 -0.268785 31.030000
0.133811 -0.268441 31.030000
0.154370 -0.267377 31.030000
0.165571 -0.250104 31.030000
0.176161 -0.232450 31.030000
0.186615 -0.214715 31.030000
0.197008 -0.196944 31.030000
0.207366 -0.179152 31.030000
0.217697 -0.161345 31.030000
0.228008 -0.143527 31.030000
0.238302 -0.125698 31.030000
0.248577 -0.107859 31.030000
0.258833 -0.090008 31.030000
0.269063 -0.072142 31.030000
0.279256 -0.054256 31.030000
0.289388 -0.036335 31.030000
0.299382 -0.018337 31.030000
0.308741 0.000000 31.030000

