0.178941 0.000000 11.510000
0.173583 0.010662 11.510000
0.167819 0.021110 11.510000
0.161965 0.031508 11.510000
0.156071 0.041883 11.510000
0.150152 0.052244 11.510000
0.144215 0.062595 11.510000
0.138263 0.072937 11.510000
0.132297 0.083271 11.510000
0.126316 0.093597 11.510000
0.120321 0.103914 11.510000
0.114307 0.114220 11.510000
0.108269 0.124512 11.510000
0.102191 0.134781 11.510000
0.096025 0.144996 11.510000
0.089471 0.154968 11.510000
0.077558 0.155658 11.510000
0.065628 0.155891 11.510000
0.053696 0.156020 11.510000
0.041764 0.156103 11.510000
0.029831 0.156158 11.510000
0.017899 0.156192 11.510000
0.005966 0.156208 11.510000
-0.005966 0.156208 11.510000
-0.017899 0.156192 11.510000
-0.029831 0.156158 11.510000
-0.041764 0.156103 11.510000
-0.053696 0.156020 11.510000
-0.065628 0.155891 11.510000
-0.077558 0.155658 11.510000
-0.089471 0.154968 11.510000
-0.096025 0.144996 11.510000
-0.102191 0.134781 11.510000
-0.108269 0.124512 11.510000
-0.114307 0.114220 11.510000
-0.120321 0.103914 11.510000
-0.126316 0.093597 11.510000
-0.132297 0.083271 11.510000
-0.138263 0.072937 11.510000
-0.144215 0.062595 11.510000
-0.150152 0.052244 11.510000
-0.156071 0.041883 11.510000
-0.161965 0.031508 11.510000
-0.167819 0.021110 11.510000
-0.173583 0.010662 11.510000
-0.178941 0.000000 11.510000
-0.173583 -0.010662 11.510000
-0.167819 -0.021110 11.510000
-0.161965 -0.031508 11.510000
-0.156071 -0.041883 11.510000
-0.150152 -0.052244 11.510000
-0.144215 -0.062595 11.510000
-0.138263 -0.072937 11.510000
-0.132297 -0.083271 11.510000
-0.126316 -0.093597 11.510000
-0.120321 -0.103914 11.510000
-0.114307 -0.114220 11.510000
-0.108269 -0.124512 11.510000
-0.102191 -0.134781 11.510000
-0.096025 -0.144996 11.510000
-0.089471 -0.154968 11.510000
-0.077558 -0.155658 11.510000
-0.065628 -0.155891 11.510000
-0.053696 -0.156020 11.510000
-0.041764 -0.156103 11.510000
-0.029831 -0.156158 11.510000
-0.017899 -0.156192 11.510000
-0.005966 -0.156208 11.510000
0.005966 -0.156208 11.510000
0.017899 -0.156192 11.510000
0.029831 -0.156158 11.510000
0.041764 -0.156103 11.510000
0.053696 -0.156020 11.510000
0.065628 -0.155891 11.510000
0.077558 -0.155658 11.510000
0.089471 -0.154968 11.510000
0.096025 -0.144996 11.510000
0.102191 -0.134781 11.510000
0.108269 -0.124512 11.510000
0.114307 -0.114220 11.510000
0.120321 -0.103914 11.510000
0.126316 -0.093597 11.510000
0.132297 -0.083271 11.510000
0.138263 -0.072937 11.510000
0.144215 -0.062595 11.510000
0.150152 -0.052244 11.510000
0.156071 -0.041883 11.510000
0.161965 -0.031508 11.510000
0.167819 -0.021110 11.510000
0.173583 -0.010662 11.510000
0.178941 0.000000 11.510000

