0.385115 0.000000 45.290000
0.373371 0.022836 45.290000
0.360872 0.045268 45.290000
0.348211 0.067608 45.290000
0.335478 0.089908 45.290000
0.322703 0.112184 45.290000
0.309901 0.134444 45.290000
0.297078 0.156693 45.290000
0.284239 0.178931 45.290000
0.271382 0.201160 45.290000
0.258506 0.223377 45.290000
0.245602 0.245578 45.290000
0.232656 0.267755 45.290000
0.219640 0.289891 45.290000
0.206462 0.311930 45.290000
0.192558 0.333519 45.290000
0.166909 0.334766 45.290000
0.141233 0.335159 45.290000
0.115555 0.335364 45.290000
0.089876 0.335486 45.290000
0.064197 0.335561 45.290000
0.038518 0.335604 45.290000
0.012839 0.335624 45.290000
-0.012839 0.335624 45.290000
-0.038518 0.335604 45.290000
-0.064197 0.335561 45.290000
-0.089876 0.335486 45.290000
-0.115555 0.335364 45.290000
-0.141233 0.335159 45.290000
-0.166909 0.334766 45.290000
-0.192558 0.333519 45.290000
-0.206462 0.311930 45.290000
-0.219640 0.289891 45.290000
-0.232656 0.267755 45.290000
-0.245602 0.245578 45.290000
-0.258506 0.223377 45.290000
-0.271382 0.201160 45.290000
-0.284239 0.178931 45.290000
-0.297078 0.156693 45.290000
-0.309901 0.134444 45.290000
-0.322703 0.112184 45.290000
-0.335478 0.089908 45.290000
-0.348211 0.067608 45.290000
-0.360872 0.045268 45.290000
-0.373371 0.022836 45.290000
-0.385115 0.000000 45.290000
-0.373371 -0.022836 45.290000
-0.360872 -0.045268 45.290000
-0.348211 -0.067608 45.290000
-0.335478 -0.089908 45.290000
-0.322703 -0.112184 45.290000
-0.309901 -0.134444 45.290000
-0.297078 -0.156693 45.290000
-0.284239 -0.178931 45.290000
-0.271382 -0.201160 45.290000
-0.258506 -0.223377 45.290000
-0.245602 -0.245578 45.290000
-0.232656 -0.267755 45.290000
-0.219640 -0.289891 45.290000
-0.206462 -0.311930 45.290000
-0.192558 -0.333519 45.290000
-0.166909 -0.334766 45.290000
-0.141233 -0.335159 45.290000
-0.115555 -0.335364 45.290000
-0.089876 -0.335486 45.290000
-0.064197 -0.335561 45.290000
-0.038518 -0.335604 45.290000
-0.012839 -0.335624 45.290000
0.012839 -0.335624 45.290000
0.038518 -0.335604 45.290000
0.064197 -0.335561 45.290000
0.089876 -0.335486 45.290000
0.115555 -0.335364 45.290000
0.141233 -0.335159 45.290000
0.166909 -0.334766 45.290000
0.192558 -0.333519 45.290000
0.206462 -0.311930 45.290000
0.219640 -0.289891 45.290000
0.232656 -0.267755 45.290000
0.245602 -0.245578 45.290000
0.258506 -0.223377 45.290000
0.271382 -0.201160 45.290000
0.284239 -0.178931 45.290000
0.297078 -0.156693 45.290000
0.309901 -0.134444 45.290000
0.322703 -0.112184 45.290000
0.335478 -0.089908 45.290000
0.348211 -0.067608 45.290000
0.360872 -0.045268 45.290000
0.373371 -0.022836 45.290000
0.385115 0.000000 45.290000

