0.356375 0.000000 39.710000
0.345531 0.021144 39.710000
0.333976 0.041909 39.710000
0.322267 0.062586 39.710000
0.310491 0.083226 39.710000
0.298675 0.103843 39.710000
0.286831 0.124444 39.710000
0.274967 0.145033 39.710000
0.263086 0.165612 39.710000
0.251187 0.186181 39.710000
0.239268 0.206738 39.710000
0.227321 0.227280 39.710000
0.215335 0.247798 39.710000
0.203282 0.268277 39.710000
0.191077 0.288666 39.710000
0.178187 0.308630 39.710000
0.154454 0.309810 39.710000
0.130694 0.310186 39.710000
0.106932 0.310385 39.710000
0.083170 0.310506 39.710000
0.059407 0.310581 39.710000
0.035644 0.310625 39.710000
0.011881 0.310645 39.710000
-0.011881 0.310645 39.710000
-0.035644 0.310625 39.710000
-0.059407 0.310581 39.710000
-0.083170 0.310506 39.710000
-0.106932 0.310385 39.710000
-0.130694 0.310186 39.710000
-0.154454 0.309810 39.710000
-0.178187 0.308630 39.710000
-0.191077 0.288666 39.710000
-0.203282 0.268277 39.710000
-0.215335 0.247798 39.710000
-0.227321 0.227280 39.710000
-0.239268 0.206738 39.710000
-0.251187 0.186181 39.710000
-0.263086 0.165612 39.710000
-0.274967 0.145033 39.710000
-0.286831 0.124444 39.710000
-0.298675 0.103843 39.710000
-0.310491 0.083226 39.710000
-0.322267 0.062586 39.710000
-0.333976 0.041909 39.710000
-0.345531 0.021144 39.710000
-0.356375 0.000000 39.710000
-0.345531 -0.021144 39.710000
-0.333976 -0.041909 39.710000
-0.322267 -0.062586 39.710000
-0.310491 -0.083226 39.710000
-0.298675 -0.103843 39.710000
-0.286831 -0.124444 39.710000
-0.274967 -0.145033 39.710000
-0.263086 -0.165612 39.710000
-0.251187 -0.186181 39.710000
-0.239268 -0.206738 39.710000
-0.227321 -0.227280 39.710000
-0.215335 -0.247798 39.710000
-0.203282 -0.268277 39.710000
-0.191077 -0.288666 39.710000
-0.178187 -0.308630 39.710000
-0.154454 -0.309810 39.710000
-0.130694 -0.310186 39.710000
-0.106932 -0.310385 39.710000
-0.083170 -0.310506 39.710000
-0.059407 -0.310581 39.710000
-0.035644 -0.310625 39.710000
-0.011881 -0.310645 39.710000
0.011881 -0.310645 39.710000
0.035644 -0.310625 39.710000
0.059407 -0.310581 39.710000
0.083170 -0.310506 39.710000
0.106932 -0.310385 39.710000
0.130694 -0.310186 39.710000
0.154454 -0.309810 39.710000
0.178187 -0.308630 39.710000
0.191077 -0.288666 39.710000
0.203282 -0.268277 39.710000
0.215335 -0.247798 39.710000
0.227321 -0.227280 39.710000
0.239268 -0.206738 39.710000
0.251187 -0.186181 39.710000
0.263086 -0.165612 39.710000
0.274967 -0.145033 39.710000
0.286831 -0.124444 39.710000
0.298675 -0.103843 39.710000
0.310491 -0.083226 39.710000
0.322267 -0.062586 39.710000
0.333976 -0.041909 39.710000
0.345531 -0.021144 39.710000
0.356375 0.000000 39.710000

