0.213246 0.000000 16.020000
0.206838 0.012694 16.020000
0.199960 0.025140 16.020000
0.192978 0.037528 16.020000
0.185949 0.049889 16.020000
0.178893 0.062235 16.020000
0.171816 0.074568 16.020000
0.164721 0.086892 16.020000
0.157611 0.099207 16.020000
0.150486 0.111513 16.020000
0.143343 0.123808 16.020000
0.136180 0.136092 16.020000
0.128989 0.148360 16.020000
0.121752 0.160600 16.020000
0.114412 0.172780 16.020000
0.106623 0.184676 16.020000
0.092425 0.185474 16.020000
0.078208 0.185740 16.020000
0.063989 0.185887 16.020000
0.049769 0.185982 16.020000
0.035550 0.186043 16.020000
0.021330 0.186081 16.020000
0.007110 0.186099 16.020000
-0.007110 0.186099 16.020000
-0.021330 0.186081 16.020000
-0.035550 0.186043 16.020000
-0.049769 0.185982 16.020000
-0.063989 0.185887 16.020000
-0.078208 0.185740 16.020000
-0.092425 0.185474 16.020000
-0.106623 0.184676 16.020000
-0.114412 0.172780 16.020000
-0.121752 0.160600 16.020000
-0.128989 0.148360 16.020000
-0.136180 0.136092 16.020000
-0.143343 0.123808 16.020000
-0.150486 0.111513 16.020000
-0.157611 0.099207 16.020000
-0.164721 0.086892 16.020000
-0.171816 0.074568 16.020000
-0.178893 0.062235 16.020000
-0.185949 0.049889 16.020000
-0.192978 0.037528 16.020000
-0.199960 0.025140 16.020000
-0.206838 0.012694 16.020000
-0.213246 0.000000 16.020000
-0.206838 -0.012694 16.020000
-0.199960 -0.025140 16.020000
-0.192978 -0.037528 16.020000
-0.185949 -0.049889 16.020000
-0.178893 -0.062235 16.020000
-0.171816 -0.074568 16.020000
-0.164721 -0.086892 16.020000
-0.157611 -0.099207 16.020000
-0.150486 -0.111513 16.020000
-0.143343 -0.123808 16.020000
-0.136180 -0.136092 16.020000
-0.128989 -0.148360 16.020000
-0.121752 -0.160600 16.020000
-0.114412 -0.172780 16.020000
-0.106623 -0.184676 16.020000
-0.092425 -0.185474 16.020000
-0.078208 -0.185740 16.020000
-0.063989 -0.185887 16.020000
-0.049769 -0.185982 16.020000
-0.035550 -0.186043 16.020000
-0.021330 -0.186081 16.020000
-0.007110 -0.186099 16.020000
0.007110 -0.186099 16.020000
0.021330 -0.186081 16.020000
0.035550 -0.186043 16.020000
0.049769 -0.185982 16.020000
0.063989 -0.185887 16.020000
0.078208 -0.185740 16.020000
0.092425 -0.185474 16.020000
0.106623 -0.184676 16.020000
0.114412 -0.172780 16.020000
0.121752 -0.160600 16.020000
0.128989 -0.148360 16.020000
0.136180 -0.136092 16.020000
0.143343 -0.123808 16.020000
0.150486 -0.111513 16.020000
0.157611 -0.099207 16.020000
0.164721 -0.086892 16.020000
0.171816 -0.074568 16.020000
0.178893 -0.062235 16.020000
0.185949 -0.049889 16.020000
0.192978 -0.037528 16.020000
0.199960 -0.025140 16.020000
0.206838 -0.012694 16.020000
0.213246 0.000000 16.020000

