0.237468 0.000000 19.500000
0.230315 0.014127 19.500000
0.222649 0.027983 19.500000
0.214869 0.041775 19.500000
0.207039 0.055538 19.500000
0.199179 0.069284 19.500000
0.191296 0.083018 19.500000
0.183395 0.096741 19.500000
0.175477 0.110454 19.500000
0.167543 0.124158 19.500000
0.159591 0.137851 19.500000
0.151617 0.151532 19.500000
0.143613 0.165195 19.500000
0.135558 0.178828 19.500000
0.127392 0.192395 19.500000
0.118734 0.205653 19.500000
0.102923 0.206523 19.500000
0.087091 0.206811 19.500000
0.071257 0.206969 19.500000
0.055422 0.207070 19.500000
0.039587 0.207136 19.500000
0.023752 0.207176 19.500000
0.007917 0.207195 19.500000
-0.007917 0.207195 19.500000
-0.023752 0.207176 19.500000
-0.039587 0.207136 19.500000
-0.055422 0.207070 19.500000
-0.071257 0.206969 19.500000
-0.087091 0.206811 19.500000
-0.102923 0.206523 19.500000
-0.118734 0.205653 19.500000
-0.127392 0.192395 19.500000
-0.135558 0.178828 19.500000
-0.143613 0.165195 19.500000
-0.151617 0.151532 19.500000
-0.159591 0.137851 19.500000
-0.167543 0.124158 19.500000
-0.175477 0.110454 19.500000
-0.183395 0.096741 19.500000
-0.191296 0.083018 19.500000
-0.199179 0.069284 19.500000
-0.207039 0.055538 19.500000
-0.214869 0.041775 19.500000
-0.222649 0.027983 19.500000
-0.230315 0.014127 19.500000
-0.237468 0.000000 19.500000
-0.230315 -0.014127 19.500000
-0.222649 -0.027983 19.500000
-0.214869 -0.041775 19.500000
-0.207039 -0.055538 19.500000
-0.199179 -0.069284 19.500000
-0.191296 -0.083018 19.500000
-0.183395 -0.096741 19.500000
-0.175477 -0.110454 19.500000
-0.167543 -0.124158 19.500000
-0.159591 -0.137851 19.500000
-0.151617 -0.151532 19.500000
-0.143613 -0.165195 19.500000
-0.135558 -0.178828 19.500000
-0.127392 -0.192395 19.500000
-0.118734 -0.205653 19.500000
-0.102923 -0.206523 19.500000
-0.087091 -0.206811 19.500000
-0.071257 -0.206969 19.500000
-0.055422 -0.207070 19.500000
-0.039587 -0.207136 19.500000
-0.023752 -0.207176 19.500000
-0.007917 -0.207195 19.500000
0.007917 -0.207195 19.500000
0.023752 -0.207176 19.500000
0.039587 -0.207136 19.500000
0.055422 -0.207070 19.500000
0.071257 -0.206969 19.500000
0.087091 -0.206811 19.500000
0.102923 -0.206523 19.500000
0.118734 -0.205653 19.500000
0.127392 -0.192395 19.500000
0.135558 -0.178828 19.500000
0.143613 -0.165195 19.500000
0.151617 -0.151532 19.500000
0.159591 -0.137851 19.500000
0.167543 -0.124158 19.500000
0.175477 -0.110454 19.500000
0.183395 -0.096741 19.500000
0.191296 -0.083018 19.500000
0.199179 -0.069284 19.500000
0.207039 -0.055538 19.500000
0.214869 -0.041775 19.500000
0.222649 -0.027983 19.500000
0.230315 -0.014127 19.500000
0.237468 0.000000 19.500000

