0.109038 -0.000000 4.010000
0.105797 0.006509 4.010000
0.102295 0.012882 4.010000
0.098734 0.019221 4.010000
0.095147 0.025546 4.010000
0.091543 0.031862 4.010000
0.087927 0.038170 4.010000
0.084301 0.044473 4.010000
0.080665 0.050770 4.010000
0.077020 0.057062 4.010000
0.073364 0.063348 4.010000
0.069697 0.069626 4.010000
0.066013 0.075895 4.010000
0.062303 0.082149 4.010000
0.058535 0.088368 4.010000
0.054519 0.094429 4.010000
0.047261 0.094877 4.010000
0.039992 0.095031 4.010000
0.032721 0.095117 4.010000
0.025450 0.095172 4.010000
0.018178 0.095209 4.010000
0.010907 0.095232 4.010000
0.003636 0.095243 4.010000
-0.003636 0.095243 4.010000
-0.010907 0.095232 4.010000
-0.018178 0.095209 4.010000
-0.025450 0.095172 4.010000
-0.032721 0.095117 4.010000
-0.039992 0.095031 4.010000
-0.047261 0.094877 4.010000
-0.054519 0.094429 4.010000
-0.058535 0.088368 4.010000
-0.062303 0.082149 4.010000
-0.066013 0.075895 4.010000
-0.069697 0.069626 4.010000
-0.073364 0.063348 4.010000
-0.077020 0.057062 4.010000
-0.080665 0.050770 4.010000
-0.084301 0.044473 4.010000
-0.087927 0.038170 4.010000
-0.091543 0.031862 4.010000
-0.095147 0.025546 4.010000
-0.098734 0.019221 4.010000
-0.102295 0.012882 4.010000
-0.105797 0.006509 4.010000
-0.109038 -0.000000 4.010000
-0.105797 -0.006509 4.010000
-0.102295 -0.012882 4.010000
-0.098734 -0.019221 4.010000
-0.095147 -0.025546 4.010000
-0.091543 -0.031862 4.010000
-0.087927 -0.038170 4.010000
-0.084301 -0.044473 4.010000
-0.080665 -0.050770 4.010000
-0.077020 -0.057062 4.010000
-0.073364 -0.063348 4.010000
-0.069697 -0.069626 4.010000
-0.066013 -0.075895 4.010000
-0.062303 -0.082149 4.010000
-0.058535 -0.088368 4.010000
-0.054519 -0.094429 4.010000
-0.047261 -0.094877 4.010000
-0.039992 -0.095031 4.010000
-0.032721 -0.095117 4.010000
-0.025450 -0.095172 4.010000
-0.018178 -0.095209 4.010000
-0.010907 -0.095232 4.010000
-0.003636 -0.095243 4.010000
0.003636 -0.095243 4.010000
0.010907 -0.095232 4.010000
0.018178 -0.095209 4.010000
0.025450 -0.095172 4.010000
0.032721 -0.095117 4.010000
0.039992 -0.095031 4.010000
0.047261 -0.094877 4.010000
0.054519 -0.094429 4.010000
0.058535 -0.088368 4.010000
0.062303 -0.082149 4.010000
0.066013 -0.075895 4.010000
0.069697 -0.069626 4.010000
0.073364 -0.063348 4.010000
0.077020 -0.057062 4.010000
0.080665 -0.050770 4.010000
0.084301 -0.044473 4.010000
0.087927 -0.038170 4.010000
0.091543 -0.031862 4.010000
0.095147 -0.025546 4.010000
0.098734 -0.019221 4.010000
0.102295 -0.012882 4.010000
0.105797 -0.006509 4.010000
0.109038 -0.000000 4.010000

