0.153731 -0.000000 8.530000
0.149140 0.009166 8.530000
0.144193 0.018145 8.530000
0.139167 0.027080 8.530000
0.134106 0.035995 8.530000
0.129022 0.044897 8.530000
0.123922 0.053790 8.530000
0.118809 0.062676 8.530000
0.113683 0.071554 8.530000
0.108545 0.080425 8.530000
0.103393 0.089288 8.530000
0.098225 0.098141 8.530000
0.093035 0.106982 8.530000
0.087811 0.115802 8.530000
0.082508 0.124576 8.530000
0.076866 0.133135 8.530000
0.066632 0.133742 8.530000
0.056382 0.133947 8.530000
0.046132 0.134062 8.530000
0.035880 0.134136 8.530000
0.025629 0.134185 8.530000
0.015377 0.134215 8.530000
0.005126 0.134230 8.530000
-0.005126 0.134230 8.530000
-0.015377 0.134215 8.530000
-0.025629 0.134185 8.530000
-0.035880 0.134136 8.530000
-0.046132 0.134062 8.530000
-0.056382 0.133947 8.530000
-0.066632 0.133742 8.530000
-0.076866 0.133135 8.530000
-0.082508 0.124576 8.530000
-0.087811 0.115802 8.530000
-0.093035 0.106982 8.530000
-0.098225 0.098141 8.530000
-0.103393 0.089288 8.530000
-0.108545 0.080425 8.530000
-0.113683 0.071554 8.530000
-0.118809 0.062676 8.530000
-0.123922 0.053790 8.530000
-0.129022 0.044897 8.530000
-0.134106 0.035995 8.530000
-0.139167 0.027080 8.530000
-0.144193 0.018145 8.530000
-0.149140 0.009166 8.530000
-0.153731 -0.000000 8.530000
-0.149140 -0.009166 8.530000
-0.144193 -0.018145 8.530000
-0.139167 -0.027080 8.530000
-0.134106 -0.035995 8.530000
-0.129022 -0.044897 8.530000
-0.123922 -0.053790 8.530000
-0.118809 -0.062676 8.530000
-0.113683 -0.071554 8.530000
-0.108545 -0.080425 8.530000
-0.103393 -0.089288 8.530000
-0.098225 -0.098141 8.530000
-0.093035 -0.106982 8.530000
-0.087811 -0.115802 8.530000
-0.082508 -0.124576 8.530000
-0.076866 -0.133135 8.530000
-0.066632 -0.133742 8.530000
-0.056382 -0.133947 8.530000
-0.046132 -0.134062 8.530000
-0.035880 -0.134136 8.530000
-0.025629 -0.134185 8.530000
-0.015377 -0.134215 8.530000
-0.005126 -0.134230 8.530000
0.005126 -0.134230 8.530000
0.015377 -0.134215 8.530000
0.025629 -0.134185 8.530000
0.035880 -0.134136 8.530000
0.046132 -0.134062 8.530000
0.056382 -0.133947 8.530000
0.066632 -0.133742 8.530000
0.076866 -0.133135 8.530000
0.082508 -0.124576 8.530000
0.087811 -0.115802 8.530000
0.093035 -0.106982 8.530000
0.098225 -0.098141 8.530000
0.103393 -0.089288 8.530000
0.108545 -0.080425 8.530000
0.113683 -0.071554 8.530000
0.118809 -0.062676 8.530000
0.123922 -0.053790 8.530000
0.129022 -0.044897 8.530000
0.134106 -0.035995 8.530000
0.139167 -0.027080 8.530000
0.144193 -0.018145 8.530000
0.149140 -0.009166 8.530000
0.153731 -0.000000 8.530000

