0.385770 0.000000 45.420000
0.374005 0.022874 45.420000
0.361485 0.045345 45.420000
0.348802 0.067723 45.420000
0.336047 0.090060 45.420000
0.323251 0.112374 45.420000
0.310426 0.134672 45.420000
0.297582 0.156958 45.420000
0.284721 0.179235 45.420000
0.271842 0.201501 45.420000
0.258944 0.223756 45.420000
0.246018 0.245995 45.420000
0.233051 0.268210 45.420000
0.220012 0.290383 45.420000
0.206812 0.312461 45.420000
0.192885 0.334086 45.420000
0.167193 0.335335 45.420000
0.141473 0.335728 45.420000
0.115751 0.335933 45.420000
0.090029 0.336055 45.420000
0.064306 0.336130 45.420000
0.038584 0.336173 45.420000
0.012861 0.336193 45.420000
-0.012861 0.336193 45.420000
-0.038584 0.336173 45.420000
-0.064306 0.336130 45.420000
-0.090029 0.336055 45.420000
-0.115751 0.335933 45.420000
-0.141473 0.335728 45.420000
-0.167193 0.335335 45.420000
-0.192885 0.334086 45.420000
-0.206812 0.312461 45.420000
-0.220012 0.290383 45.420000
-0.233051 0.268210 45.420000
-0.246018 0.245995 45.420000
-0.258944 0.223756 45.420000
-0.271842 0.201501 45.420000
-0.284721 0.179235 45.420000
-0.297582 0.156958 45.420000
-0.310426 0.134672 45.420000
-0.323251 0.112374 45.420000
-0.336047 0.090060 45.420000
-0.348802 0.067723 45.420000
-0.361485 0.045345 45.420000
-0.374005 0.022874 45.420000
-0.385770 0.000000 45.420000
-0.374005 -0.022874 45.420000
-0.361485 -0.045345 45.420000
-0.348802 -0.067723 45.420000
-0.336047 -0.090060 45.420000
-0.323251 -0.112374 45.420000
-0.310426 -0.134672 45.420000
-0.297582 -0.156958 45.420000
-0.284721 -0.179235 45.420000
-0.271842 -0.201501 45.420000
-0.258944 -0.223756 45.420000
-0.246018 -0.245995 45.420000
-0.233051 -0.268210 45.420000
-0.220012 -0.290383 45.420000
-0.206812 -0.312461 45.420000
-0.192885 -0.334086 45.420000
-0.167193 -0.335335 45.420000
-0.141473 -0.335728 45.420000
-0.115751 -0.335933 45.420000
-0.090029 -0.336055 45.420000
-0.064306 -0.336130 45.420000
-0.038584 -0.336173 45.420000
-0.012861 -0.336193 45.420000
0.012861 -0.336193 45.420000
0.038584 -0.336173 45.420000
0.064306 -0.336130 45.420000
0.090029 -0.336055 45.420000
0.115751 -0.335933 45.420000
0.141473 -0.335728 45.420000
0.167193 -0.335335 45.420000
0.192885 -0.334086 45.420000
0.206812 -0.312461 45.420000
0.220012 -0.290383 45.420000
0.233051 -0.268210 45.420000
0.246018 -0.245995 45.420000
0.258944 -0.223756 45.420000
0.271842 -0.201501 45.420000
0.284721 -0.179235 45.420000
0.297582 -0.156958 45.420000
0.310426 -0.134672 45.420000
0.323251 -0.112374 45.420000
0.336047 -0.090060 45.420000
0.348802 -0.067723 45.420000
0.361485 -0.045345 45.420000
0.374005 -0.022874 45.420000
0.385770 0.000000 45.420000

