0.300650 0.000000 29.630000
0.291543 0.017859 29.630000
0.281814 0.035388 29.630000
0.271949 0.052840 29.630000
0.262024 0.070259 29.630000
0.252064 0.087657 29.630000
0.242078 0.105040 29.630000
0.232072 0.122412 29.630000
0.222048 0.139774 29.630000
0.212006 0.157125 29.630000
0.201945 0.174465 29.630000
0.191858 0.191790 29.630000
0.181736 0.209094 29.630000
0.171554 0.226364 29.630000
0.161238 0.243554 29.630000
0.150325 0.260371 29.630000
0.130305 0.261413 29.630000
0.110260 0.261752 29.630000
0.090213 0.261935 29.630000
0.070166 0.262049 29.630000
0.050119 0.262122 29.630000
0.030071 0.262166 29.630000
0.010024 0.262186 29.630000
-0.010024 0.262186 29.630000
-0.030071 0.262166 29.630000
-0.050119 0.262122 29.630000
-0.070166 0.262049 29.630000
-0.090213 0.261935 29.630000
-0.110260 0.261752 29.630000
-0.130305 0.261413 29.630000
-0.150325 0.260371 29.630000
-0.161238 0.243554 29.630000
-0.171554 0.226364 29.630000
-0.181736 0.209094 29.630000
-0.191858 0.191790 29.630000
-0.201945 0.174465 29.630000
-0.212006 0.157125 29.630000
-0.222048 0.139774 29.630000
-0.232072 0.122412 29.630000
-0.242078 0.105040 29.630000
-0.252064 0.087657 29.630000
-0.262024 0.070259 29.630000
-0.271949 0.052840 29.630000
-0.281814 0.035388 29.630000
-0.291543 0.017859 29.630000
-0.300650 0.000000 29.630000
-0.291543 -0.017859 29.630000
-0.281814 -0.035388 29.630000
-0.271949 -0.052840 29.630000
-0.262024 -0.070259 29.630000
-0.252064 -0.087657 29.630000
-0.242078 -0.105040 29.630000
-0.232072 -0.122412 29.630000
-0.222048 -0.139774 29.630000
-0.212006 -0.157125 29.630000
-0.201945 -0.174465 29.630000
-0.191858 -0.191790 29.630000
-0.181736 -0.209094 29.630000
-0.171554 -0.226364 29.630000
-0.161238 -0.243554 29.630000
-0.150325 -0.260371 29.630000
-0.130305 -0.261413 29.630000
-0.110260 -0.261752 29.630000
-0.090213 -0.261935 29.630000
-0.070166 -0.262049 29.630000
-0.050119 -0.262122 29.630000
-0.030071 -0.262166 29.630000
-0.010024 -0.262186 29.630000
0.010024 -0.262186 29.630000
0.030071 -0.262166 29.630000
0.050119 -0.262122 29.630000
0.070166 -0.262049 29.630000
0.090213 -0.261935 29.630000
0.110260 -0.261752 29.630000
0.130305 -0.261413 29.630000
0.150325 -0.260371 29.630000
0.161238 -0.243554 29.630000
0.171554 -0.226364 29.630000
0.181736 -0.209094 29.630000
0.191858 -0.191790 29.630000
0.201945 -0.174465 29.630000
0.212006 -0.157125 29.630000
0.222048 -0.139774 29.630000
0.232072 -0.122412 29.630000
0.242078 -0.105040 29.630000
0.252064 -0.087657 29.630000
0.262024 -0.070259 29.630000
0.271949 -0.052840 29.630000
0.281814 -0.035388 29.630000
0.291543 -0.017859 29.630000
0.300650 0.000000 29.630000

