0.377717 0.000000 43.830000
0.366204 0.022400 43.830000
0.353949 0.044404 43.830000
0.341533 0.066316 43.830000
0.329046 0.088188 43.830000
0.316518 0.110037 43.830000
0.303963 0.131870 43.830000
0.291387 0.153692 43.830000
0.278795 0.175503 43.830000
0.266185 0.197305 43.830000
0.253554 0.219094 43.830000
0.240897 0.240868 43.830000
0.228198 0.262618 43.830000
0.215429 0.284327 43.830000
0.202502 0.305942 43.830000
0.188858 0.327112 43.830000
0.163703 0.328343 43.830000
0.138520 0.328731 43.830000
0.113335 0.328934 43.830000
0.088150 0.329057 43.830000
0.062964 0.329132 43.830000
0.037779 0.329175 43.830000
0.012593 0.329195 43.830000
-0.012593 0.329195 43.830000
-0.037779 0.329175 43.830000
-0.062964 0.329132 43.830000
-0.088150 0.329057 43.830000
-0.113335 0.328934 43.830000
-0.138520 0.328731 43.830000
-0.163703 0.328343 43.830000
-0.188858 0.327112 43.830000
-0.202502 0.305942 43.830000
-0.215429 0.284327 43.830000
-0.228198 0.262618 43.830000
-0.240897 0.240868 43.830000
-0.253554 0.219094 43.830000
-0.266185 0.197305 43.830000
-0.278795 0.175503 43.830000
-0.291387 0.153692 43.830000
-0.303963 0.131870 43.830000
-0.316518 0.110037 43.830000
-0.329046 0.088188 43.830000
-0.341533 0.066316 43.830000
-0.353949 0.044404 43.830000
-0.366204 0.022400 43.830000
-0.377717 0.000000 43.830000
-0.366204 -0.022400 43.830000
-0.353949 -0.044404 43.830000
-0.341533 -0.066316 43.830000
-0.329046 -0.088188 43.830000
-0.316518 -0.110037 43.830000
-0.303963 -0.131870 43.830000
-0.291387 -0.153692 43.830000
-0.278795 -0.175503 43.830000
-0.266185 -0.197305 43.830000
-0.253554 -0.219094 43.830000
-0.240897 -0.240868 43.830000
-0.228198 -0.262618 43.830000
-0.215429 -0.284327 43.830000
-0.202502 -0.305942 43.830000
-0.188858 -0.327112 43.830000
-0.163703 -0.328343 43.830000
-0.138520 -0.328731 43.830000
-0.113335 -0.328934 43.830000
-0.088150 -0.329057 43.830000
-0.062964 -0.329132 43.830000
-0.037779 -0.329175 43.830000
-0.012593 -0.329195 43.830000
0.012593 -0.329195 43.830000
0.037779 -0.329175 43.830000
0.062964 -0.329132 43.830000
0.088150 -0.329057 43.830000
0.113335 -0.328934 43.830000
0.138520 -0.328731 43.830000
0.163703 -0.328343 43.830000
0.188858 -0.327112 43.830000
0.202502 -0.305942 43.830000
0.215429 -0.284327 43.830000
0.228198 -0.262618 43.830000
0.240897 -0.240868 43.830000
0.253554 -0.219094 43.830000
0.266185 -0.197305 43.830000
0.278795 -0.175503 43.830000
0.291387 -0.153692 43.830000
0.303963 -0.131870 43.830000
0.316518 -0.110037 43.830000
0.329046 -0.088188 43.830000
0.341533 -0.066316 43.830000
0.353949 -0.044404 43.830000
0.366204 -0.022400 43.830000
0.377717 0.000000 43.830000

