0.169086 0.000000 10.310000
0.164027 0.010077 10.310000
0.158583 0.019951 10.310000
0.153053 0.029777 10.310000
0.147485 0.039582 10.310000
0.141892 0.049373 10.310000
0.136283 0.059153 10.310000
0.130659 0.068926 10.310000
0.125021 0.078691 10.310000
0.119370 0.088448 10.310000
0.113704 0.098196 10.310000
0.108021 0.107935 10.310000
0.102314 0.117659 10.310000
0.096570 0.127362 10.310000
0.090741 0.137013 10.310000
0.084543 0.146432 10.310000
0.073287 0.147090 10.310000
0.062013 0.147313 10.310000
0.050739 0.147437 10.310000
0.039464 0.147516 10.310000
0.028188 0.147569 10.310000
0.016913 0.147601 10.310000
0.005638 0.147617 10.310000
-0.005638 0.147617 10.310000
-0.016913 0.147601 10.310000
-0.028188 0.147569 10.310000
-0.039464 0.147516 10.310000
-0.050739 0.147437 10.310000
-0.062013 0.147313 10.310000
-0.073287 0.147090 10.310000
-0.084543 0.146432 10.310000
-0.090741 0.137013 10.310000
-0.096570 0.127362 10.310000
-0.102314 0.117659 10.310000
-0.108021 0.107935 10.310000
-0.113704 0.098196 10.310000
-0.119370 0.088448 10.310000
-0.125021 0.078691 10.310000
-0.130659 0.068926 10.310000
-0.136283 0.059153 10.310000
-0.141892 0.049373 10.310000
-0.147485 0.039582 10.310000
-0.153053 0.029777 10.310000
-0.158583 0.019951 10.310000
-0.164027 0.010077 10.310000
-0.169086 -0.000000 10.310000
-0.164027 -0.010077 10.310000
-0.158583 -0.019951 10.310000
-0.153053 -0.029777 10.310000
-0.147485 -0.039582 10.310000
-0.141892 -0.049373 10.310000
-0.136283 -0.059153 10.310000
-0.130659 -0.068926 10.310000
-0.125021 -0.078691 10.310000
-0.119370 -0.088448 10.310000
-0.113704 -0.098196 10.310000
-0.108021 -0.107935 10.310000
-0.102314 -0.117659 10.310000
-0.096570 -0.127362 10.310000
-0.090741 -0.137013 10.310000
-0.084543 -0.146432 10.310000
-0.073287 -0.147090 10.310000
-0.062013 -0.147313 10.310000
-0.050739 -0.147437 10.310000
-0.039464 -0.147516 10.310000
-0.028188 -0.147569 10.310000
-0.016913 -0.147601 10.310000
-0.005638 -0.147617 10.310000
0.005638 -0.147617 10.310000
0.016913 -0.147601 10.310000
0.028188 -0.147569 10.310000
0.039464 -0.147516 10.310000
0.050739 -0.147437 10.310000
0.062013 -0.147313 10.310000
0.073287 -0.147090 10.310000
0.084543 -0.146432 10.310000
0.090741 -0.137013 10.310000
0.096570 -0.127362 10.310000
0.102314 -0.117659 10.310000
0.108021 -0.107935 10.310000
0.113704 -0.098196 10.310000
0.119370 -0.088448 10.310000
0.125021 -0.078691 10.310000
0.130659 -0.068926 10.310000
0.136283 -0.059153 10.310000
0.141892 -0.049373 10.310000
0.147485 -0.039582 10.310000
0.153053 -0.029777 10.310000
0.158583 -0.019951 10.310000
0.164027 -0.010077 10.310000
0.169086 0.000000 10.310000

