0.067234 -0.000000 0.770000
0.065244 0.004018 0.770000
0.063089 0.007950 0.770000
0.060895 0.011860 0.770000
0.058685 0.015761 0.770000
0.056464 0.019656 0.770000
0.054234 0.023546 0.770000
0.051999 0.027433 0.770000
0.049757 0.031316 0.770000
0.047509 0.035195 0.770000
0.045254 0.039071 0.770000
0.042992 0.042942 0.770000
0.040719 0.046807 0.770000
0.038429 0.050662 0.770000
0.036102 0.054494 0.770000
0.033617 0.058226 0.770000
0.029142 0.058513 0.770000
0.024660 0.058611 0.770000
0.020176 0.058667 0.770000
0.015693 0.058703 0.770000
0.011209 0.058727 0.770000
0.006726 0.058742 0.770000
0.002242 0.058749 0.770000
-0.002242 0.058749 0.770000
-0.006726 0.058742 0.770000
-0.011209 0.058727 0.770000
-0.015693 0.058703 0.770000
-0.020176 0.058667 0.770000
-0.024660 0.058611 0.770000
-0.029142 0.058513 0.770000
-0.033617 0.058226 0.770000
-0.036102 0.054494 0.770000
-0.038429 0.050662 0.770000
-0.040719 0.046807 0.770000
-0.042992 0.042942 0.770000
-0.045254 0.039071 0.770000
-0.047509 0.035195 0.770000
-0.049757 0.031316 0.770000
-0.051999 0.027433 0.770000
-0.054234 0.023546 0.770000
-0.056464 0.019656 0.770000
-0.058685 0.015761 0.770000
-0.060895 0.011860 0.770000
-0.063089 0.007950 0.770000
-0.065244 0.004018 0.770000
-0.067234 -0.000000 0.770000
-0.065244 -0.004018 0.770000
-0.063089 -0.007950 0.770000
-0.060895 -0.011860 0.770000
-0.058685 -0.015761 0.770000
-0.056464 -0.019656 0.770000
-0.054234 -0.023546 0.770000
-0.051999 -0.027433 0.770000
-0.049757 -0.031316 0.770000
-0.047509 -0.035195 0.770000
-0.045254 -0.039071 0.770000
-0.042992 -0.042942 0.770000
-0.040719 -0.046807 0.770000
-0.038429 -0.050662 0.770000
-0.036102 -0.054494 0.770000
-0.033617 -0.058226 0.770000
-0.029142 -0.058513 0.770000
-0.024660 -0.058611 0.770000
-0.020176 -0.058667 0.770000
-0.015693 -0.058703 0.770000
-0.011209 -0.058727 0.770000
-0.006726 -0.058742 0.770000
-0.002242 -0.058749 0.770000
0.002242 -0.058749 0.770000
0.006726 -0.058742 0.770000
0.011209 -0.058727 0.770000
0.015693 -0.058703 0.770000
0.020176 -0.058667 0.770000
0.024660 -0.058611 0.770000
0.029142 -0.058513 0.770000
0.033617 -0.058226 0.770000
0.036102 -0.054494 0.770000
0.038429 -0.050662 0.770000
0.040719 -0.046807 0.770000
0.042992 -0.042942 0.770000
0.045254 -0.039071 0.770000
0.047509 -0.035195 0.770000
0.049757 -0.031316 0.770000
0.051999 -0.027433 0.770000
0.054234 -0.023546 0.770000
0.056464 -0.019656 0.770000
0.058685 -0.015761 0.770000
0.060895 -0.011860 0.770000
0.063089 -0.007950 0.770000
0.065244 -0.004018 0.770000
0.067234 -0.000000 0.770000

