0.196081 0.000000 13.700000
0.190198 0.011677 13.700000
0.183878 0.023124 13.700000
0.177461 0.034516 13.700000
0.171001 0.045884 13.700000
0.164514 0.057237 13.700000
0.158007 0.068578 13.700000
0.151484 0.079910 13.700000
0.144946 0.091234 13.700000
0.138394 0.102549 13.700000
0.131825 0.113855 13.700000
0.125237 0.125149 13.700000
0.118623 0.136428 13.700000
0.111965 0.147681 13.700000
0.105212 0.158878 13.700000
0.098040 0.169811 13.700000
0.084986 0.170555 13.700000
0.071913 0.170805 13.700000
0.058839 0.170944 13.700000
0.045764 0.171033 13.700000
0.032688 0.171091 13.700000
0.019613 0.171127 13.700000
0.006538 0.171144 13.700000
-0.006538 0.171144 13.700000
-0.019613 0.171127 13.700000
-0.032688 0.171091 13.700000
-0.045764 0.171033 13.700000
-0.058839 0.170944 13.700000
-0.071913 0.170805 13.700000
-0.084986 0.170555 13.700000
-0.098040 0.169811 13.700000
-0.105212 0.158878 13.700000
-0.111965 0.147681 13.700000
-0.118623 0.136428 13.700000
-0.125237 0.125149 13.700000
-0.131825 0.113855 13.700000
-0.138394 0.102549 13.700000
-0.144946 0.091234 13.700000
-0.151484 0.079910 13.700000
-0.158007 0.068578 13.700000
-0.164514 0.057237 13.700000
-0.171001 0.045884 13.700000
-0.177461 0.034516 13.700000
-0.183878 0.023124 13.700000
-0.190198 0.011677 13.700000
-0.196081 0.000000 13.700000
-0.190198 -0.011677 13.700000
-0.183878 -0.023124 13.700000
-0.177461 -0.034516 13.700000
-0.171001 -0.045884 13.700000
-0.164514 -0.057237 13.700000
-0.158007 -0.068578 13.700000
-0.151484 -0.079910 13.700000
-0.144946 -0.091234 13.700000
-0.138394 -0.102549 13.700000
-0.131825 -0.113855 13.700000
-0.125237 -0.125149 13.700000
-0.118623 -0.136428 13.700000
-0.111965 -0.147681 13.700000
-0.105212 -0.158878 13.700000
-0.098040 -0.169811 13.700000
-0.084986 -0.170555 13.700000
-0.071913 -0.170805 13.700000
-0.058839 -0.170944 13.700000
-0.045764 -0.171033 13.700000
-0.032688 -0.171091 13.700000
-0.019613 -0.171127 13.700000
-0.006538 -0.171144 13.700000
0.006538 -0.171144 13.700000
0.019613 -0.171127 13.700000
0.032688 -0.171091 13.700000
0.045764 -0.171033 13.700000
0.058839 -0.170944 13.700000
0.071913 -0.170805 13.700000
0.084986 -0.170555 13.700000
0.098040 -0.169811 13.700000
0.105212 -0.158878 13.700000
0.111965 -0.147681 13.700000
0.118623 -0.136428 13.700000
0.125237 -0.125149 13.700000
0.131825 -0.113855 13.700000
0.138394 -0.102549 13.700000
0.144946 -0.091234 13.700000
0.151484 -0.079910 13.700000
0.158007 -0.068578 13.700000
0.164514 -0.057237 13.700000
0.171001 -0.045884 13.700000
0.177461 -0.034516 13.700000
0.183878 -0.023124 13.700000
0.190198 -0.011677 13.700000
0.196081 0.000000 13.700000

