0.182866 0.000000 12.000000
0.177387 0.010894 12.000000
0.171496 0.021571 12.000000
0.165514 0.032197 12.000000
0.159490 0.042799 12.000000
0.153441 0.053388 12.000000
0.147373 0.063965 12.000000
0.141290 0.074534 12.000000
0.135193 0.085094 12.000000
0.129082 0.095647 12.000000
0.122955 0.106190 12.000000
0.116810 0.116723 12.000000
0.110640 0.127241 12.000000
0.104429 0.137735 12.000000
0.098128 0.148175 12.000000
0.091433 0.158366 12.000000
0.079259 0.159069 12.000000
0.067067 0.159306 12.000000
0.054873 0.159437 12.000000
0.042680 0.159522 12.000000
0.030485 0.159577 12.000000
0.018291 0.159612 12.000000
0.006097 0.159628 12.000000
-0.006097 0.159628 12.000000
-0.018291 0.159612 12.000000
-0.030485 0.159577 12.000000
-0.042680 0.159522 12.000000
-0.054873 0.159437 12.000000
-0.067067 0.159306 12.000000
-0.079259 0.159069 12.000000
-0.091433 0.158366 12.000000
-0.098128 0.148175 12.000000
-0.104429 0.137735 12.000000
-0.110640 0.127241 12.000000
-0.116810 0.116723 12.000000
-0.122955 0.106190 12.000000
-0.129082 0.095647 12.000000
-0.135193 0.085094 12.000000
-0.141290 0.074534 12.000000
-0.147373 0.063965 12.000000
-0.153441 0.053388 12.000000
-0.159490 0.042799 12.000000
-0.165514 0.032197 12.000000
-0.171496 0.021571 12.000000
-0.177387 0.010894 12.000000
-0.182866 0.000000 12.000000
-0.177387 -0.010894 12.000000
-0.171496 -0.021571 12.000000
-0.165514 -0.032197 12.000000
-0.159490 -0.042799 12.000000
-0.153441 -0.053388 12.000000
-0.147373 -0.063965 12.000000
-0.141290 -0.074534 12.000000
-0.135193 -0.085094 12.000000
-0.129082 -0.095647 12.000000
-0.122955 -0.106190 12.000000
-0.116810 -0.116723 12.000000
-0.110640 -0.127241 12.000000
-0.104429 -0.137735 12.000000
-0.098128 -0.148175 12.000000
-0.091433 -0.158366 12.000000
-0.079259 -0.159069 12.000000
-0.067067 -0.159306 12.000000
-0.054873 -0.159437 12.000000
-0.042680 -0.159522 12.000000
-0.030485 -0.159577 12.000000
-0.018291 -0.159612 12.000000
-0.006097 -0.159628 12.000000
0.006097 -0.159628 12.000000
0.018291 -0.159612 12.000000
0.030485 -0.159577 12.000000
0.042680 -0.159522 12.000000
0.054873 -0.159437 12.000000
0.067067 -0.159306 12.000000
0.079259 -0.159069 12.000000
0.091433 -0.158366 12.000000
0.098128 -0.148175 12.000000
0.104429 -0.137735 12.000000
0.110640 -0.127241 12.000000
0.116810 -0.116723 12.000000
0.122955 -0.106190 12.000000
0.129082 -0.095647 12.000000
0.135193 -0.085094 12.000000
0.141290 -0.074534 12.000000
0.147373 -0.063965 12.000000
0.153441 -0.053388 12.000000
0.159490 -0.042799 12.000000
0.165514 -0.032197 12.000000
0.171496 -0.021571 12.000000
0.177387 -0.010894 12.000000
0.182866 0.000000 12.000000

