0.067695 -0.000000 0.800000
0.065692 0.004046 0.800000
0.063521 0.008004 0.800000
0.061313 0.011942 0.800000
0.059087 0.015869 0.800000
0.056850 0.019791 0.800000
0.054606 0.023708 0.800000
0.052355 0.027621 0.800000
0.050098 0.031530 0.800000
0.047834 0.035436 0.800000
0.045564 0.039339 0.800000
0.043286 0.043236 0.800000
0.040998 0.047128 0.800000
0.038693 0.051009 0.800000
0.036350 0.054868 0.800000
0.033847 0.058625 0.800000
0.029342 0.058914 0.800000
0.024829 0.059013 0.800000
0.020315 0.059069 0.800000
0.015800 0.059105 0.800000
0.011286 0.059129 0.800000
0.006772 0.059144 0.800000
0.002257 0.059151 0.800000
-0.002257 0.059151 0.800000
-0.006772 0.059144 0.800000
-0.011286 0.059129 0.800000
-0.015800 0.059105 0.800000
-0.020315 0.059069 0.800000
-0.024829 0.059013 0.800000
-0.029342 0.058914 0.800000
-0.033847 0.058625 0.800000
-0.036350 0.054868 0.800000
-0.038693 0.051009 0.800000
-0.040998 0.047128 0.800000
-0.043286 0.043236 0.800000
-0.045564 0.039339 0.800000
-0.047834 0.035436 0.800000
-0.050098 0.031530 0.800000
-0.052355 0.027621 0.800000
-0.054606 0.023708 0.800000
-0.056850 0.019791 0.800000
-0.059087 0.015869 0.800000
-0.061313 0.011942 0.800000
-0.063521 0.008004 0.800000
-0.065692 0.004046 0.800000
-0.067695 -0.000000 0.800000
-0.065692 -0.004046 0.800000
-0.063521 -0.008004 0.800000
-0.061313 -0.011942 0.800000
-0.059087 -0.015869 0.800000
-0.056850 -0.019791 0.800000
-0.054606 -0.023708 0.800000
-0.052355 -0.027621 0.800000
-0.050098 -0.031530 0.800000
-0.047834 -0.035436 0.800000
-0.045564 -0.039339 0.800000
-0.043286 -0.043236 0.800000
-0.040998 -0.047128 0.800000
-0.038693 -0.051009 0.800000
-0.036350 -0.054868 0.800000
-0.033847 -0.058625 0.800000
-0.029342 -0.058914 0.800000
-0.024829 -0.059013 0.800000
-0.020315 -0.059069 0.800000
-0.015800 -0.059105 0.800000
-0.011286 -0.059129 0.800000
-0.006772 -0.059144 0.800000
-0.002257 -0.059151 0.800000
0.002257 -0.059151 0.800000
0.006772 -0.059144 0.800000
0.011286 -0.059129 0.800000
0.015800 -0.059105 0.800000
0.020315 -0.059069 0.800000
0.024829 -0.059013 0.800000
0.029342 -0.058914 0.800000
0.033847 -0.058625 0.800000
0.036350 -0.054868 0.800000
0.038693 -0.051009 0.800000
0.040998 -0.047128 0.800000
0.043286 -0.043236 0.800000
0.045564 -0.039339 0.800000
0.047834 -0.035436 0.800000
0.050098 -0.031530 0.800000
0.052355 -0.027621 0.800000
0.054606 -0.023708 0.800000
0.056850 -0.019791 0.800000
0.059087 -0.015869 0.800000
0.061313 -0.011942 0.800000
0.063521 -0.008004 0.800000
0.065692 -0.004046 0.800000
0.067695 -0.000000 0.800000

