0.300242 0.000000 29.560000
0.291147 0.017835 29.560000
0.281432 0.035340 29.560000
0.271580 0.052769 29.560000
0.261669 0.070164 29.560000
0.251722 0.087538 29.560000
0.241750 0.104898 29.560000
0.231758 0.122247 29.560000
0.221748 0.139585 29.560000
0.211720 0.156913 29.560000
0.201672 0.174229 29.560000
0.191598 0.191530 29.560000
0.181489 0.208811 29.560000
0.171321 0.226057 29.560000
0.161020 0.243223 29.560000
0.150121 0.260017 29.560000
0.130128 0.261059 29.560000
0.110110 0.261397 29.560000
0.090091 0.261580 29.560000
0.070071 0.261694 29.560000
0.050051 0.261767 29.560000
0.030030 0.261811 29.560000
0.010010 0.261831 29.560000
-0.010010 0.261831 29.560000
-0.030030 0.261811 29.560000
-0.050051 0.261767 29.560000
-0.070071 0.261694 29.560000
-0.090091 0.261580 29.560000
-0.110110 0.261397 29.560000
-0.130128 0.261059 29.560000
-0.150121 0.260017 29.560000
-0.161020 0.243223 29.560000
-0.171321 0.226057 29.560000
-0.181489 0.208811 29.560000
-0.191598 0.191530 29.560000
-0.201672 0.174229 29.560000
-0.211720 0.156913 29.560000
-0.221748 0.139585 29.560000
-0.231758 0.122247 29.560000
-0.241750 0.104898 29.560000
-0.251722 0.087538 29.560000
-0.261669 0.070164 29.560000
-0.271580 0.052769 29.560000
-0.281432 0.035340 29.560000
-0.291147 0.017835 29.560000
-0.300242 0.000000 29.560000
-0.291147 -0.017835 29.560000
-0.281432 -0.035340 29.560000
-0.271580 -0.052769 29.560000
-0.261669 -0.070164 29.560000
-0.251722 -0.087538 29.560000
-0.241750 -0.104898 29.560000
-0.231758 -0.122247 29.560000
-0.221748 -0.139585 29.560000
-0.211720 -0.156913 29.560000
-0.201672 -0.174229 29.560000
-0.191598 -0.191530 29.560000
-0.181489 -0.208811 29.560000
-0.171321 -0.226057 29.560000
-0.161020 -0.243223 29.560000
-0.150121 -0.260017 29.560000
-0.130128 -0.261059 29.560000
-0.110110 -0.261397 29.560000
-0.090091 -0.261580 29.560000
-0.070071 -0.261694 29.560000
-0.050051 -0.261767 29.560000
-0.030030 -0.261811 29.560000
-0.010010 -0.261831 29.560000
0.010010 -0.261831 29.560000
0.030030 -0.261811 29.560000
0.050051 -0.261767 29.560000
0.070071 -0.261694 29.560000
0.090091 -0.261580 29.560000
0.110110 -0.261397 29.560000
0.130128 -0.261059 29.560000
0.150121 -0.260017 29.560000
0.161020 -0.243223 29.560000
0.171321 -0.226057 29.560000
0.181489 -0.208811 29.560000
0.191598 -0.191530 29.560000
0.201672 -0.174229 29.560000
0.211720 -0.156913 29.560000
0.221748 -0.139585 29.560000
0.231758 -0.122247 29.560000
0.241750 -0.104898 29.560000
0.251722 -0.087538 29.560000
0.261669 -0.070164 29.560000
0.271580 -0.052769 29.560000
0.281432 -0.035340 29.560000
0.291147 -0.017835 29.560000
0.300242 0.000000 29.560000

