0.157003 -0.000000 8.900000
0.152312 0.009360 8.900000
0.147260 0.018530 8.900000
0.142126 0.027655 8.900000
0.136957 0.036759 8.900000
0.131765 0.045851 8.900000
0.126557 0.054933 8.900000
0.121334 0.064008 8.900000
0.116100 0.073075 8.900000
0.110852 0.082135 8.900000
0.105591 0.091186 8.900000
0.100313 0.100228 8.900000
0.095013 0.109258 8.900000
0.089677 0.118266 8.900000
0.084262 0.127226 8.900000
0.078502 0.135969 8.900000
0.068050 0.136586 8.900000
0.057582 0.136796 8.900000
0.047113 0.136912 8.900000
0.036644 0.136988 8.900000
0.026174 0.137037 8.900000
0.015705 0.137068 8.900000
0.005235 0.137083 8.900000
-0.005235 0.137083 8.900000
-0.015705 0.137068 8.900000
-0.026174 0.137037 8.900000
-0.036644 0.136988 8.900000
-0.047113 0.136912 8.900000
-0.057582 0.136796 8.900000
-0.068050 0.136586 8.900000
-0.078502 0.135969 8.900000
-0.084262 0.127226 8.900000
-0.089677 0.118266 8.900000
-0.095013 0.109258 8.900000
-0.100313 0.100228 8.900000
-0.105591 0.091186 8.900000
-0.110852 0.082135 8.900000
-0.116100 0.073075 8.900000
-0.121334 0.064008 8.900000
-0.126557 0.054933 8.900000
-0.131765 0.045851 8.900000
-0.136957 0.036759 8.900000
-0.142126 0.027655 8.900000
-0.147260 0.018530 8.900000
-0.152312 0.009360 8.900000
-0.157003 -0.000000 8.900000
-0.152312 -0.009360 8.900000
-0.147260 -0.018530 8.900000
-0.142126 -0.027655 8.900000
-0.136957 -0.036759 8.900000
-0.131765 -0.045851 8.900000
-0.126557 -0.054933 8.900000
-0.121334 -0.064008 8.900000
-0.116100 -0.073075 8.900000
-0.110852 -0.082135 8.900000
-0.105591 -0.091186 8.900000
-0.100313 -0.100228 8.900000
-0.095013 -0.109258 8.900000
-0.089677 -0.118266 8.900000
-0.084262 -0.127226 8.900000
-0.078502 -0.135969 8.900000
-0.068050 -0.136586 8.900000
-0.057582 -0.136796 8.900000
-0.047113 -0.136912 8.900000
-0.036644 -0.136988 8.900000
-0.026174 -0.137037 8.900000
-0.015705 -0.137068 8.900000
-0.005235 -0.137083 8.900000
0.005235 -0.137083 8.900000
0.015705 -0.137068 8.900000
0.026174 -0.137037 8.900000
0.036644 -0.136988 8.900000
0.047113 -0.136912 8.900000
0.057582 -0.136796 8.900000
0.068050 -0.136586 8.900000
0.078502 -0.135969 8.900000
0.084262 -0.127226 8.900000
0.089677 -0.118266 8.900000
0.095013 -0.109258 8.900000
0.100313 -0.100228 8.900000
0.105591 -0.091186 8.900000
0.110852 -0.082135 8.900000
0.116100 -0.073075 8.900000
0.121334 -0.064008 8.900000
0.126557 -0.054933 8.900000
0.131765 -0.045851 8.900000
0.136957 -0.036759 8.900000
0.142126 -0.027655 8.900000
0.147260 -0.018530 8.900000
0.152312 -0.009360 8.900000
0.157003 -0.000000 8.900000

