0.090662 -0.000000 2.460000
0.087973 0.005415 2.460000
0.085063 0.010715 2.460000
0.082104 0.015987 2.460000
0.079122 0.021247 2.460000
0.076126 0.026498 2.460000
0.073120 0.031744 2.460000
0.070105 0.036984 2.460000
0.067082 0.042220 2.460000
0.064051 0.047452 2.460000
0.061011 0.052678 2.460000
0.057961 0.057898 2.460000
0.054897 0.063111 2.460000
0.051811 0.068310 2.460000
0.048676 0.073479 2.460000
0.045331 0.078516 2.460000
0.039297 0.078894 2.460000
0.033252 0.079025 2.460000
0.027207 0.079098 2.460000
0.021161 0.079145 2.460000
0.015115 0.079176 2.460000
0.009069 0.079196 2.460000
0.003023 0.079205 2.460000
-0.003023 0.079205 2.460000
-0.009069 0.079196 2.460000
-0.015115 0.079176 2.460000
-0.021161 0.079145 2.460000
-0.027207 0.079098 2.460000
-0.033252 0.079025 2.460000
-0.039297 0.078894 2.460000
-0.045331 0.078516 2.460000
-0.048676 0.073479 2.460000
-0.051811 0.068310 2.460000
-0.054897 0.063111 2.460000
-0.057961 0.057898 2.460000
-0.061011 0.052678 2.460000
-0.064051 0.047452 2.460000
-0.067082 0.042220 2.460000
-0.070105 0.036984 2.460000
-0.073120 0.031744 2.460000
-0.076126 0.026498 2.460000
-0.079122 0.021247 2.460000
-0.082104 0.015987 2.460000
-0.085063 0.010715 2.460000
-0.087973 0.005415 2.460000
-0.090662 -0.000000 2.460000
-0.087973 -0.005415 2.460000
-0.085063 -0.010715 2.460000
-0.082104 -0.015987 2.460000
-0.079122 -0.021247 2.460000
-0.076126 -0.026498 2.460000
-0.073120 -0.031744 2.460000
-0.070105 -0.036984 2.460000
-0.067082 -0.042220 2.460000
-0.064051 -0.047452 2.460000
-0.061011 -0.052678 2.460000
-0.057961 -0.057898 2.460000
-0.054897 -0.063111 2.460000
-0.051811 -0.068310 2.460000
-0.048676 -0.073479 2.460000
-0.045331 -0.078516 2.460000
-0.039297 -0.078894 2.460000
-0.033252 -0.079025 2.460000
-0.027207 -0.079098 2.460000
-0.021161 -0.079145 2.460000
-0.015115 -0.079176 2.460000
-0.009069 -0.079196 2.460000
-0.003023 -0.079205 2.460000
0.003023 -0.079205 2.460000
0.009069 -0.079196 2.460000
0.015115 -0.079176 2.460000
0.021161 -0.079145 2.460000
0.027207 -0.079098 2.460000
0.033252 -0.079025 2.460000
0.039297 -0.078894 2.460000
0.045331 -0.078516 2.460000
0.048676 -0.073479 2.460000
0.051811 -0.068310 2.460000
0.054897 -0.063111 2.460000
0.057961 -0.057898 2.460000
0.061011 -0.052678 2.460000
0.064051 -0.047452 2.460000
0.067082 -0.042220 2.460000
0.070105 -0.036984 2.460000
0.073120 -0.031744 2.460000
0.076126 -0.026498 2.460000
0.079122 -0.021247 2.460000
0.082104 -0.015987 2.460000
0.085063 -0.010715 2.460000
0.087973 -0.005415 2.460000
0.090662 -0.000000 2.460000

