0.394027 0.000000 47.070000
0.382003 0.023360 47.070000
0.369212 0.046309 47.070000
0.356255 0.069165 47.070000
0.343225 0.091980 47.070000
0.330153 0.114770 47.070000
0.317053 0.137544 47.070000
0.303933 0.160307 47.070000
0.290796 0.183060 47.070000
0.277643 0.205804 47.070000
0.264470 0.228536 47.070000
0.251269 0.251252 47.070000
0.238026 0.273943 47.070000
0.224711 0.296592 47.070000
0.211232 0.319144 47.070000
0.197013 0.341237 47.070000
0.170771 0.342504 47.070000
0.144501 0.342902 47.070000
0.118229 0.343108 47.070000
0.091956 0.343231 47.070000
0.065683 0.343306 47.070000
0.039410 0.343348 47.070000
0.013137 0.343367 47.070000
-0.013137 0.343367 47.070000
-0.039410 0.343348 47.070000
-0.065683 0.343306 47.070000
-0.091956 0.343231 47.070000
-0.118229 0.343108 47.070000
-0.144501 0.342902 47.070000
-0.170771 0.342504 47.070000
-0.197013 0.341237 47.070000
-0.211232 0.319144 47.070000
-0.224711 0.296592 47.070000
-0.238026 0.273943 47.070000
-0.251269 0.251252 47.070000
-0.264470 0.228536 47.070000
-0.277643 0.205804 47.070000
-0.290796 0.183060 47.070000
-0.303933 0.160307 47.070000
-0.317053 0.137544 47.070000
-0.330153 0.114770 47.070000
-0.343225 0.091980 47.070000
-0.356255 0.069165 47.070000
-0.369212 0.046309 47.070000
-0.382003 0.023360 47.070000
-0.394027 0.000000 47.070000
-0.382003 -0.023360 47.070000
-0.369212 -0.046309 47.070000
-0.356255 -0.069165 47.070000
-0.343225 -0.091980 47.070000
-0.330153 -0.114770 47.070000
-0.317053 -0.137544 47.070000
-0.303933 -0.160307 47.070000
-0.290796 -0.183060 47.070000
-0.277643 -0.205804 47.070000
-0.264470 -0.228536 47.070000
-0.251269 -0.251252 47.070000
-0.238026 -0.273943 47.070000
-0.224711 -0.296592 47.070000
-0.211232 -0.319144 47.070000
-0.197013 -0.341237 47.070000
-0.170771 -0.342504 47.070000
-0.144501 -0.342902 47.070000
-0.118229 -0.343108 47.070000
-0.091956 -0.343231 47.070000
-0.065683 -0.343306 47.070000
-0.039410 -0.343348 47.070000
-0.013137 -0.343367 47.070000
0.013137 -0.343367 47.070000
0.039410 -0.343348 47.070000
0.065683 -0.343306 47.070000
0.091956 -0.343231 47.070000
0.118229 -0.343108 47.070000
0.144501 -0.342902 47.070000
0.170771 -0.342504 47.070000
0.197013 -0.341237 47.070000
0.211232 -0.319144 47.070000
0.224711 -0.296592 47.070000
0.238026 -0.273943 47.070000
0.251269 -0.251252 47.070000
0.264470 -0.228536 47.070000
0.277643 -0.205804 47.070000
0.290796 -0.183060 47.070000
0.303933 -0.160307 47.070000
0.317053 -0.137544 47.070000
0.330153 -0.114770 47.070000
0.343225 -0.091980 47.070000
0.356255 -0.069165 47.070000
0.369212 -0.046309 47.070000
0.382003 -0.023360 47.070000
0.394027 0.000000 47.070000

