0.193944 0.000000 13.420000
0.188127 0.011551 13.420000
0.181877 0.022873 13.420000
0.175530 0.034141 13.420000
0.169140 0.045385 13.420000
0.162724 0.056614 13.420000
0.156288 0.067832 13.420000
0.149836 0.079041 13.420000
0.143370 0.090241 13.420000
0.136889 0.101433 13.420000
0.130391 0.112615 13.420000
0.123875 0.123787 13.420000
0.117332 0.134943 13.420000
0.110747 0.146073 13.420000
0.104067 0.157148 13.420000
0.096972 0.167961 13.420000
0.084060 0.168698 13.420000
0.071130 0.168946 13.420000
0.058198 0.169084 13.420000
0.045265 0.169172 13.420000
0.032332 0.169230 13.420000
0.019399 0.169265 13.420000
0.006466 0.169282 13.420000
-0.006466 0.169282 13.420000
-0.019399 0.169265 13.420000
-0.032332 0.169230 13.420000
-0.045265 0.169172 13.420000
-0.058198 0.169084 13.420000
-0.071130 0.168946 13.420000
-0.084060 0.168698 13.420000
-0.096972 0.167961 13.420000
-0.104067 0.157148 13.420000
-0.110747 0.146073 13.420000
-0.117332 0.134943 13.420000
-0.123875 0.123787 13.420000
-0.130391 0.112615 13.420000
-0.136889 0.101433 13.420000
-0.143370 0.090241 13.420000
-0.149836 0.079041 13.420000
-0.156288 0.067832 13.420000
-0.162724 0.056614 13.420000
-0.169140 0.045385 13.420000
-0.175530 0.034141 13.420000
-0.181877 0.022873 13.420000
-0.188127 0.011551 13.420000
-0.193944 0.000000 13.420000
-0.188127 -0.011551 13.420000
-0.181877 -0.022873 13.420000
-0.175530 -0.034141 13.420000
-0.169140 -0.045385 13.420000
-0.162724 -0.056614 13.420000
-0.156288 -0.067832 13.420000
-0.149836 -0.079041 13.420000
-0.143370 -0.090241 13.420000
-0.136889 -0.101433 13.420000
-0.130391 -0.112615 13.420000
-0.123875 -0.123787 13.420000
-0.117332 -0.134943 13.420000
-0.110747 -0.146073 13.420000
-0.104067 -0.157148 13.420000
-0.096972 -0.167961 13.420000
-0.084060 -0.168698 13.420000
-0.071130 -0.168946 13.420000
-0.058198 -0.169084 13.420000
-0.045265 -0.169172 13.420000
-0.032332 -0.169230 13.420000
-0.019399 -0.169265 13.420000
-0.006466 -0.169282 13.420000
0.006466 -0.169282 13.420000
0.019399 -0.169265 13.420000
0.032332 -0.169230 13.420000
0.045265 -0.169172 13.420000
0.058198 -0.169084 13.420000
0.071130 -0.168946 13.420000
0.084060 -0.168698 13.420000
0.096972 -0.167961 13.420000
0.104067 -0.157148 13.420000
0.110747 -0.146073 13.420000
0.117332 -0.134943 13.420000
0.123875 -0.123787 13.420000
0.130391 -0.112615 13.420000
0.136889 -0.101433 13.420000
0.143370 -0.090241 13.420000
0.149836 -0.079041 13.420000
0.156288 -0.067832 13.420000
0.162724 -0.056614 13.420000
0.169140 -0.045385 13.420000
0.175530 -0.034141 13.420000
0.181877 -0.022873 13.420000
0.188127 -0.011551 13.420000
0.193944 0.000000 13.420000

