0.224238 0.000000 17.570000
0.217492 0.013345 17.570000
0.210257 0.026430 17.570000
0.202913 0.039455 17.570000
0.195521 0.052453 17.570000
0.188100 0.065434 17.570000
0.180657 0.078403 17.570000
0.173196 0.091362 17.570000
0.165720 0.104312 17.570000
0.158228 0.117252 17.570000
0.150718 0.130182 17.570000
0.143186 0.143099 17.570000
0.135626 0.156000 17.570000
0.128018 0.168873 17.570000
0.120303 0.181682 17.570000
0.112119 0.194196 17.570000
0.097189 0.195026 17.570000
0.082239 0.195303 17.570000
0.067287 0.195455 17.570000
0.052335 0.195553 17.570000
0.037382 0.195616 17.570000
0.022429 0.195655 17.570000
0.007476 0.195674 17.570000
-0.007476 0.195674 17.570000
-0.022429 0.195655 17.570000
-0.037382 0.195616 17.570000
-0.052335 0.195553 17.570000
-0.067287 0.195455 17.570000
-0.082239 0.195303 17.570000
-0.097189 0.195026 17.570000
-0.112119 0.194196 17.570000
-0.120303 0.181682 17.570000
-0.128018 0.168873 17.570000
-0.135626 0.156000 17.570000
-0.143186 0.143099 17.570000
-0.150718 0.130182 17.570000
-0.158228 0.117252 17.570000
-0.165720 0.104312 17.570000
-0.173196 0.091362 17.570000
-0.180657 0.078403 17.570000
-0.188100 0.065434 17.570000
-0.195521 0.052453 17.570000
-0.202913 0.039455 17.570000
-0.210257 0.026430 17.570000
-0.217492 0.013345 17.570000
-0.224238 0.000000 17.570000
-0.217492 -0.013345 17.570000
-0.210257 -0.026430 17.570000
-0.202913 -0.039455 17.570000
-0.195521 -0.052453 17.570000
-0.188100 -0.065434 17.570000
-0.180657 -0.078403 17.570000
-0.173196 -0.091362 17.570000
-0.165720 -0.104312 17.570000
-0.158228 -0.117252 17.570000
-0.150718 -0.130182 17.570000
-0.143186 -0.143099 17.570000
-0.135626 -0.156000 17.570000
-0.128018 -0.168873 17.570000
-0.120303 -0.181682 17.570000
-0.112119 -0.194196 17.570000
-0.097189 -0.195026 17.570000
-0.082239 -0.195303 17.570000
-0.067287 -0.195455 17.570000
-0.052335 -0.195553 17.570000
-0.037382 -0.195616 17.570000
-0.022429 -0.195655 17.570000
-0.007476 -0.195674 17.570000
0.007476 -0.195674 17.570000
0.022429 -0.195655 17.570000
0.037382 -0.195616 17.570000
0.052335 -0.195553 17.570000
0.067287 -0.195455 17.570000
0.082239 -0.195303 17.570000
0.097189 -0.195026 17.570000
0.112119 -0.194196 17.570000
0.120303 -0.181682 17.570000
0.128018 -0.168873 17.570000
0.135626 -0.156000 17.570000
0.143186 -0.143099 17.570000
0.150718 -0.130182 17.570000
0.158228 -0.117252 17.570000
0.165720 -0.104312 17.570000
0.173196 -0.091362 17.570000
0.180657 -0.078403 17.570000
0.188100 -0.065434 17.570000
0.195521 -0.052453 17.570000
0.202913 -0.039455 17.570000
0.210257 -0.026430 17.570000
0.217492 -0.013345 17.570000
0.224238 0.000000 17.570000

