0.073366 -0.000000 1.180000
0.071194 0.004384 1.180000
0.068841 0.008674 1.180000
0.066447 0.012941 1.180000
0.064035 0.017197 1.180000
0.061611 0.021447 1.180000
0.059178 0.025692 1.180000
0.056739 0.029933 1.180000
0.054292 0.034170 1.180000
0.051839 0.038404 1.180000
0.049379 0.042633 1.180000
0.046911 0.046857 1.180000
0.044431 0.051074 1.180000
0.041932 0.055281 1.180000
0.039394 0.059464 1.180000
0.036683 0.063537 1.180000
0.031800 0.063848 1.180000
0.026909 0.063955 1.180000
0.022016 0.064015 1.180000
0.017124 0.064054 1.180000
0.012231 0.064080 1.180000
0.007339 0.064096 1.180000
0.002446 0.064104 1.180000
-0.002446 0.064104 1.180000
-0.007339 0.064096 1.180000
-0.012231 0.064080 1.180000
-0.017124 0.064054 1.180000
-0.022016 0.064015 1.180000
-0.026909 0.063955 1.180000
-0.031800 0.063848 1.180000
-0.036683 0.063537 1.180000
-0.039394 0.059464 1.180000
-0.041932 0.055281 1.180000
-0.044431 0.051074 1.180000
-0.046911 0.046857 1.180000
-0.049379 0.042633 1.180000
-0.051839 0.038404 1.180000
-0.054292 0.034170 1.180000
-0.056739 0.029933 1.180000
-0.059178 0.025692 1.180000
-0.061611 0.021447 1.180000
-0.064035 0.017197 1.180000
-0.066447 0.012941 1.180000
-0.068841 0.008674 1.180000
-0.071194 0.004384 1.180000
-0.073366 -0.000000 1.180000
-0.071194 -0.004384 1.180000
-0.068841 -0.008674 1.180000
-0.066447 -0.012941 1.180000
-0.064035 -0.017197 1.180000
-0.061611 -0.021447 1.180000
-0.059178 -0.025692 1.180000
-0.056739 -0.029933 1.180000
-0.054292 -0.034170 1.180000
-0.051839 -0.038404 1.180000
-0.049379 -0.042633 1.180000
-0.046911 -0.046857 1.180000
-0.044431 -0.051074 1.180000
-0.041932 -0.055281 1.180000
-0.039394 -0.059464 1.180000
-0.036683 -0.063537 1.180000
-0.031800 -0.063848 1.180000
-0.026909 -0.063955 1.180000
-0.022016 -0.064015 1.180000
-0.017124 -0.064054 1.180000
-0.012231 -0.064080 1.180000
-0.007339 -0.064096 1.180000
-0.002446 -0.064104 1.180000
0.002446 -0.064104 1.180000
0.007339 -0.064096 1.180000
0.012231 -0.064080 1.180000
0.017124 -0.064054 1.180000
0.022016 -0.064015 1.180000
0.026909 -0.063955 1.180000
0.031800 -0.063848 1.180000
0.036683 -0.063537 1.180000
0.039394 -0.059464 1.180000
0.041932 -0.055281 1.180000
0.044431 -0.051074 1.180000
0.046911 -0.046857 1.180000
0.049379 -0.042633 1.180000
0.051839 -0.038404 1.180000
0.054292 -0.034170 1.180000
0.056739 -0.029933 1.180000
0.059178 -0.025692 1.180000
0.061611 -0.021447 1.180000
0.064035 -0.017197 1.180000
0.066447 -0.012941 1.180000
0.068841 -0.008674 1.180000
0.071194 -0.004384 1.180000
0.073366 -0.000000 1.180000

