0.347191 0.000000 37.980000
0.336634 0.020603 37.980000
0.325380 0.040835 37.980000
0.313976 0.060981 37.980000
0.302505 0.081090 37.980000
0.290995 0.101176 37.980000
0.279458 0.121247 37.980000
0.267900 0.141306 37.980000
0.256325 0.161355 37.980000
0.244732 0.181394 37.980000
0.233118 0.201421 37.980000
0.221478 0.221432 37.980000
0.209799 0.241420 37.980000
0.198054 0.261370 37.980000
0.186160 0.281232 37.980000
0.173595 0.300676 37.980000
0.150474 0.301835 37.980000
0.127326 0.302205 37.980000
0.104177 0.302402 37.980000
0.081027 0.302522 37.980000
0.057876 0.302597 37.980000
0.034726 0.302641 37.980000
0.011575 0.302661 37.980000
-0.011575 0.302661 37.980000
-0.034726 0.302641 37.980000
-0.057876 0.302597 37.980000
-0.081027 0.302522 37.980000
-0.104177 0.302402 37.980000
-0.127326 0.302205 37.980000
-0.150474 0.301835 37.980000
-0.173595 0.300676 37.980000
-0.186160 0.281232 37.980000
-0.198054 0.261370 37.980000
-0.209799 0.241420 37.980000
-0.221478 0.221432 37.980000
-0.233118 0.201421 37.980000
-0.244732 0.181394 37.980000
-0.256325 0.161355 37.980000
-0.267900 0.141306 37.980000
-0.279458 0.121247 37.980000
-0.290995 0.101176 37.980000
-0.302505 0.081090 37.980000
-0.313976 0.060981 37.980000
-0.325380 0.040835 37.980000
-0.336634 0.020603 37.980000
-0.347191 0.000000 37.980000
-0.336634 -0.020603 37.980000
-0.325380 -0.040835 37.980000
-0.313976 -0.060981 37.980000
-0.302505 -0.081090 37.980000
-0.290995 -0.101176 37.980000
-0.279458 -0.121247 37.980000
-0.267900 -0.141306 37.980000
-0.256325 -0.161355 37.980000
-0.244732 -0.181394 37.980000
-0.233118 -0.201421 37.980000
-0.221478 -0.221432 37.980000
-0.209799 -0.241420 37.980000
-0.198054 -0.261370 37.980000
-0.186160 -0.281232 37.980000
-0.173595 -0.300676 37.980000
-0.150474 -0.301835 37.980000
-0.127326 -0.302205 37.980000
-0.104177 -0.302402 37.980000
-0.081027 -0.302522 37.980000
-0.057876 -0.302597 37.980000
-0.034726 -0.302641 37.980000
-0.011575 -0.302661 37.980000
0.011575 -0.302661 37.980000
0.034726 -0.302641 37.980000
0.057876 -0.302597 37.980000
0.081027 -0.302522 37.980000
0.104177 -0.302402 37.980000
0.127326 -0.302205 37.980000
0.150474 -0.301835 37.980000
0.173595 -0.300676 37.980000
0.186160 -0.281232 37.980000
0.198054 -0.261370 37.980000
0.209799 -0.241420 37.980000
0.221478 -0.221432 37.980000
0.233118 -0.201421 37.980000
0.244732 -0.181394 37.980000
0.256325 -0.161355 37.980000
0.267900 -0.141306 37.980000
0.279458 -0.121247 37.980000
0.290995 -0.101176 37.980000
0.302505 -0.081090 37.980000
0.313976 -0.060981 37.980000
0.325380 -0.040835 37.980000
0.336634 -0.020603 37.980000
0.347191 0.000000 37.980000

