0.195319 0.000000 13.600000
0.189460 0.011632 13.600000
0.183165 0.023035 13.600000
0.176773 0.034383 13.600000
0.170338 0.045706 13.600000
0.163876 0.057015 13.600000
0.157394 0.068312 13.600000
0.150897 0.079601 13.600000
0.144385 0.090880 13.600000
0.137857 0.102151 13.600000
0.131314 0.113413 13.600000
0.124752 0.124663 13.600000
0.118163 0.135899 13.600000
0.111531 0.147108 13.600000
0.104804 0.158261 13.600000
0.097660 0.169152 13.600000
0.084656 0.169894 13.600000
0.071634 0.170143 13.600000
0.058610 0.170281 13.600000
0.045586 0.170370 13.600000
0.032561 0.170428 13.600000
0.019537 0.170464 13.600000
0.006512 0.170481 13.600000
-0.006512 0.170481 13.600000
-0.019537 0.170464 13.600000
-0.032561 0.170428 13.600000
-0.045586 0.170370 13.600000
-0.058610 0.170281 13.600000
-0.071634 0.170143 13.600000
-0.084656 0.169894 13.600000
-0.097660 0.169152 13.600000
-0.104804 0.158261 13.600000
-0.111531 0.147108 13.600000
-0.118163 0.135899 13.600000
-0.124752 0.124663 13.600000
-0.131314 0.113413 13.600000
-0.137857 0.102151 13.600000
-0.144385 0.090880 13.600000
-0.150897 0.079601 13.600000
-0.157394 0.068312 13.600000
-0.163876 0.057015 13.600000
-0.170338 0.045706 13.600000
-0.176773 0.034383 13.600000
-0.183165 0.023035 13.600000
-0.189460 0.011632 13.600000
-0.195319 0.000000 13.600000
-0.189460 -0.011632 13.600000
-0.183165 -0.023035 13.600000
-0.176773 -0.034383 13.600000
-0.170338 -0.045706 13.600000
-0.163876 -0.057015 13.600000
-0.157394 -0.068312 13.600000
-0.150897 -0.079601 13.600000
-0.144385 -0.090880 13.600000
-0.137857 -0.102151 13.600000
-0.131314 -0.113413 13.600000
-0.124752 -0.124663 13.600000
-0.118163 -0.135899 13.600000
-0.111531 -0.147108 13.600000
-0.104804 -0.158261 13.600000
-0.097660 -0.169152 13.600000
-0.084656 -0.169894 13.600000
-0.071634 -0.170143 13.600000
-0.058610 -0.170281 13.600000
-0.045586 -0.170370 13.600000
-0.032561 -0.170428 13.600000
-0.019537 -0.170464 13.600000
-0.006512 -0.170481 13.600000
0.006512 -0.170481 13.600000
0.019537 -0.170464 13.600000
0.032561 -0.170428 13.600000
0.045586 -0.170370 13.600000
0.058610 -0.170281 13.600000
0.071634 -0.170143 13.600000
0.084656 -0.169894 13.600000
0.097660 -0.169152 13.600000
0.104804 -0.158261 13.600000
0.111531 -0.147108 13.600000
0.118163 -0.135899 13.600000
0.124752 -0.124663 13.600000
0.131314 -0.113413 13.600000
0.137857 -0.102151 13.600000
0.144385 -0.090880 13.600000
0.150897 -0.079601 13.600000
0.157394 -0.068312 13.600000
0.163876 -0.057015 13.600000
0.170338 -0.045706 13.600000
0.176773 -0.034383 13.600000
0.183165 -0.023035 13.600000
0.189460 -0.011632 13.600000
0.195319 0.000000 13.600000

