0.376595 0.000000 43.610000
0.365118 0.022334 43.610000
0.352899 0.044272 43.610000
0.340520 0.066120 43.610000
0.328071 0.087928 43.610000
0.315581 0.109712 43.610000
0.303063 0.131480 43.610000
0.290524 0.153237 43.610000
0.277969 0.174983 43.610000
0.265396 0.196720 43.610000
0.252803 0.218445 43.610000
0.240183 0.240154 43.610000
0.227522 0.261839 43.610000
0.214791 0.283484 43.610000
0.201901 0.305034 43.610000
0.188297 0.326141 43.610000
0.163217 0.327368 43.610000
0.138109 0.327756 43.610000
0.112999 0.327959 43.610000
0.087888 0.328082 43.610000
0.062777 0.328157 43.610000
0.037666 0.328200 43.610000
0.012555 0.328220 43.610000
-0.012555 0.328220 43.610000
-0.037666 0.328200 43.610000
-0.062777 0.328157 43.610000
-0.087888 0.328082 43.610000
-0.112999 0.327959 43.610000
-0.138109 0.327756 43.610000
-0.163217 0.327368 43.610000
-0.188297 0.326141 43.610000
-0.201901 0.305034 43.610000
-0.214791 0.283484 43.610000
-0.227522 0.261839 43.610000
-0.240183 0.240154 43.610000
-0.252803 0.218445 43.610000
-0.265396 0.196720 43.610000
-0.277969 0.174983 43.610000
-0.290524 0.153237 43.610000
-0.303063 0.131480 43.610000
-0.315581 0.109712 43.610000
-0.328071 0.087928 43.610000
-0.340520 0.066120 43.610000
-0.352899 0.044272 43.610000
-0.365118 0.022334 43.610000
-0.376595 0.000000 43.610000
-0.365118 -0.022334 43.610000
-0.352899 -0.044272 43.610000
-0.340520 -0.066120 43.610000
-0.328071 -0.087928 43.610000
-0.315581 -0.109712 43.610000
-0.303063 -0.131480 43.610000
-0.290524 -0.153237 43.610000
-0.277969 -0.174983 43.610000
-0.265396 -0.196720 43.610000
-0.252803 -0.218445 43.610000
-0.240183 -0.240154 43.610000
-0.227522 -0.261839 43.610000
-0.214791 -0.283484 43.610000
-0.201901 -0.305034 43.610000
-0.188297 -0.326141 43.610000
-0.163217 -0.327368 43.610000
-0.138109 -0.327756 43.610000
-0.112999 -0.327959 43.610000
-0.087888 -0.328082 43.610000
-0.062777 -0.328157 43.610000
-0.037666 -0.328200 43.610000
-0.012555 -0.328220 43.610000
0.012555 -0.328220 43.610000
0.037666 -0.328200 43.610000
0.062777 -0.328157 43.610000
0.087888 -0.328082 43.610000
0.112999 -0.327959 43.610000
0.138109 -0.327756 43.610000
0.163217 -0.327368 43.610000
0.188297 -0.326141 43.610000
0.201901 -0.305034 43.610000
0.214791 -0.283484 43.610000
0.227522 -0.261839 43.610000
0.240183 -0.240154 43.610000
0.252803 -0.218445 43.610000
0.265396 -0.196720 43.610000
0.277969 -0.174983 43.610000
0.290524 -0.153237 43.610000
0.303063 -0.131480 43.610000
0.315581 -0.109712 43.610000
0.328071 -0.087928 43.610000
0.340520 -0.066120 43.610000
0.352899 -0.044272 43.610000
0.365118 -0.022334 43.610000
0.376595 0.000000 43.610000

