0.335139 0.000000 35.750000
0.324958 0.019893 35.750000
0.314100 0.039425 35.750000
0.303094 0.058874 35.750000
0.292024 0.078286 35.750000
0.280915 0.097676 35.750000
0.269780 0.117051 35.750000
0.258624 0.136415 35.750000
0.247451 0.155768 35.750000
0.236260 0.175111 35.750000
0.225048 0.194442 35.750000
0.213810 0.213757 35.750000
0.202533 0.233050 35.750000
0.191193 0.252306 35.750000
0.179707 0.271475 35.750000
0.167570 0.290239 35.750000
0.145251 0.291368 35.750000
0.122907 0.291731 35.750000
0.100561 0.291924 35.750000
0.078214 0.292043 35.750000
0.055867 0.292118 35.750000
0.033520 0.292162 35.750000
0.011173 0.292183 35.750000
-0.011173 0.292183 35.750000
-0.033520 0.292162 35.750000
-0.055867 0.292118 35.750000
-0.078214 0.292043 35.750000
-0.100561 0.291924 35.750000
-0.122907 0.291731 35.750000
-0.145251 0.291368 35.750000
-0.167570 0.290239 35.750000
-0.179707 0.271475 35.750000
-0.191193 0.252306 35.750000
-0.202533 0.233050 35.750000
-0.213810 0.213757 35.750000
-0.225048 0.194442 35.750000
-0.236260 0.175111 35.750000
-0.247451 0.155768 35.750000
-0.258624 0.136415 35.750000
-0.269780 0.117051 35.750000
-0.280915 0.097676 35.750000
-0.292024 0.078286 35.750000
-0.303094 0.058874 35.750000
-0.314100 0.039425 35.750000
-0.324958 0.019893 35.750000
-0.335139 0.000000 35.750000
-0.324958 -0.019893 35.750000
-0.314100 -0.039425 35.750000
-0.303094 -0.058874 35.750000
-0.292024 -0.078286 35.750000
-0.280915 -0.097676 35.750000
-0.269780 -0.117051 35.750000
-0.258624 -0.136415 35.750000
-0.247451 -0.155768 35.750000
-0.236260 -0.175111 35.750000
-0.225048 -0.194442 35.750000
-0.213810 -0.213757 35.750000
-0.202533 -0.233050 35.750000
-0.191193 -0.252306 35.750000
-0.179707 -0.271475 35.750000
-0.167570 -0.290239 35.750000
-0.145251 -0.291368 35.750000
-0.122907 -0.291731 35.750000
-0.100561 -0.291924 35.750000
-0.078214 -0.292043 35.750000
-0.055867 -0.292118 35.750000
-0.033520 -0.292162 35.750000
-0.011173 -0.292183 35.750000
0.011173 -0.292183 35.750000
0.033520 -0.292162 35.750000
0.055867 -0.292118 35.750000
0.078214 -0.292043 35.750000
0.100561 -0.291924 35.750000
0.122907 -0.291731 35.750000
0.145251 -0.291368 35.750000
0.167570 -0.290239 35.750000
0.179707 -0.271475 35.750000
0.191193 -0.252306 35.750000
0.202533 -0.233050 35.750000
0.213810 -0.213757 35.750000
0.225048 -0.194442 35.750000
0.236260 -0.175111 35.750000
0.247451 -0.155768 35.750000
0.258624 -0.136415 35.750000
0.269780 -0.117051 35.750000
0.280915 -0.097676 35.750000
0.292024 -0.078286 35.750000
0.303094 -0.058874 35.750000
0.314100 -0.039425 35.750000
0.324958 -0.019893 35.750000
0.335139 0.000000 35.750000

