0.211367 0.000000 15.760000
0.205016 0.012583 15.760000
0.198199 0.024919 15.760000
0.191279 0.037198 15.760000
0.184313 0.049451 15.760000
0.177319 0.061688 15.760000
0.170304 0.073913 15.760000
0.163272 0.086128 15.760000
0.156225 0.098334 15.760000
0.149162 0.110531 15.760000
0.142083 0.122719 15.760000
0.134982 0.134894 15.760000
0.127854 0.147054 15.760000
0.120680 0.159186 15.760000
0.113405 0.171258 15.760000
0.105683 0.183049 15.760000
0.091611 0.183841 15.760000
0.077519 0.184105 15.760000
0.063425 0.184252 15.760000
0.049331 0.184345 15.760000
0.035236 0.184406 15.760000
0.021142 0.184444 15.760000
0.007047 0.184462 15.760000
-0.007047 0.184462 15.760000
-0.021142 0.184444 15.760000
-0.035236 0.184406 15.760000
-0.049331 0.184345 15.760000
-0.063425 0.184252 15.760000
-0.077519 0.184105 15.760000
-0.091611 0.183841 15.760000
-0.105683 0.183049 15.760000
-0.113405 0.171258 15.760000
-0.120680 0.159186 15.760000
-0.127854 0.147054 15.760000
-0.134982 0.134894 15.760000
-0.142083 0.122719 15.760000
-0.149162 0.110531 15.760000
-0.156225 0.098334 15.760000
-0.163272 0.086128 15.760000
-0.170304 0.073913 15.760000
-0.177319 0.061688 15.760000
-0.184313 0.049451 15.760000
-0.191279 0.037198 15.760000
-0.198199 0.024919 15.760000
-0.205016 0.012583 15.760000
-0.211367 0.000000 15.760000
-0.205016 -0.012583 15.760000
-0.198199 -0.024919 15.760000
-0.191279 -0.037198 15.760000
-0.184313 -0.049451 15.760000
-0.177319 -0.061688 15.760000
-0.170304 -0.073913 15.760000
-0.163272 -0.086128 15.760000
-0.156225 -0.098334 15.760000
-0.149162 -0.110531 15.760000
-0.142083 -0.122719 15.760000
-0.134982 -0.134894 15.760000
-0.127854 -0.147054 15.760000
-0.120680 -0.159186 15.760000
-0.113405 -0.171258 15.760000
-0.105683 -0.183049 15.760000
-0.091611 -0.183841 15.760000
-0.077519 -0.184105 15.760000
-0.063425 -0.184252 15.760000
-0.049331 -0.184345 15.760000
-0.035236 -0.184406 15.760000
-0.021142 -0.184444 15.760000
-0.007047 -0.184462 15.760000
0.007047 -0.184462 15.760000
0.021142 -0.184444 15.760000
0.035236 -0.184406 15.760000
0.049331 -0.184345 15.760000
0.063425 -0.184252 15.760000
0.077519 -0.184105 15.760000
0.091611 -0.183841 15.760000
0.105683 -0.183049 15.760000
0.113405 -0.171258 15.760000
0.120680 -0.159186 15.760000
0.127854 -0.147054 15.760000
0.134982 -0.134894 15.760000
0.142083 -0.122719 15.760000
0.149162 -0.110531 15.760000
0.156225 -0.098334 15.760000
0.163272 -0.086128 15.760000
0.170304 -0.073913 15.760000
0.177319 -0.061688 15.760000
0.184313 -0.049451 15.760000
0.191279 -0.037198 15.760000
0.198199 -0.024919 15.760000
0.205016 -0.012583 15.760000
0.211367 0.000000 15.760000

