0.391236 0.000000 46.510000
0.379299 0.023196 46.510000
0.366600 0.045983 46.510000
0.353735 0.068678 46.510000
0.340798 0.091331 46.510000
0.327819 0.113960 46.510000
0.314813 0.136573 46.510000
0.301786 0.159175 46.510000
0.288743 0.181767 46.510000
0.275682 0.204349 46.510000
0.262602 0.226920 46.510000
0.249494 0.249475 46.510000
0.236344 0.272005 46.510000
0.223123 0.294493 46.510000
0.209738 0.316885 46.510000
0.195618 0.338820 46.510000
0.169561 0.340081 46.510000
0.143477 0.340477 46.510000
0.117391 0.340683 46.510000
0.091304 0.340805 46.510000
0.065217 0.340880 46.510000
0.039131 0.340923 46.510000
0.013044 0.340942 46.510000
-0.013044 0.340942 46.510000
-0.039131 0.340923 46.510000
-0.065217 0.340880 46.510000
-0.091304 0.340805 46.510000
-0.117391 0.340683 46.510000
-0.143477 0.340477 46.510000
-0.169561 0.340081 46.510000
-0.195618 0.338820 46.510000
-0.209738 0.316885 46.510000
-0.223123 0.294493 46.510000
-0.236344 0.272005 46.510000
-0.249494 0.249475 46.510000
-0.262602 0.226920 46.510000
-0.275682 0.204349 46.510000
-0.288743 0.181767 46.510000
-0.301786 0.159175 46.510000
-0.314813 0.136573 46.510000
-0.327819 0.113960 46.510000
-0.340798 0.091331 46.510000
-0.353735 0.068678 46.510000
-0.366600 0.045983 46.510000
-0.379299 0.023196 46.510000
-0.391236 0.000000 46.510000
-0.379299 -0.023196 46.510000
-0.366600 -0.045983 46.510000
-0.353735 -0.068678 46.510000
-0.340798 -0.091331 46.510000
-0.327819 -0.113960 46.510000
-0.314813 -0.136573 46.510000
-0.301786 -0.159175 46.510000
-0.288743 -0.181767 46.510000
-0.275682 -0.204349 46.510000
-0.262602 -0.226920 46.510000
-0.249494 -0.249475 46.510000
-0.236344 -0.272005 46.510000
-0.223123 -0.294493 46.510000
-0.209738 -0.316885 46.510000
-0.195618 -0.338820 46.510000
-0.169561 -0.340081 46.510000
-0.143477 -0.340477 46.510000
-0.117391 -0.340683 46.510000
-0.091304 -0.340805 46.510000
-0.065217 -0.340880 46.510000
-0.039131 -0.340923 46.510000
-0.013044 -0.340942 46.510000
0.013044 -0.340942 46.510000
0.039131 -0.340923 46.510000
0.065217 -0.340880 46.510000
0.091304 -0.340805 46.510000
0.117391 -0.340683 46.510000
0.143477 -0.340477 46.510000
0.169561 -0.340081 46.510000
0.195618 -0.338820 46.510000
0.209738 -0.316885 46.510000
0.223123 -0.294493 46.510000
0.236344 -0.272005 46.510000
0.249494 -0.249475 46.510000
0.262602 -0.226920 46.510000
0.275682 -0.204349 46.510000
0.288743 -0.181767 46.510000
0.301786 -0.159175 46.510000
0.314813 -0.136573 46.510000
0.327819 -0.113960 46.510000
0.340798 -0.091331 46.510000
0.353735 -0.068678 46.510000
0.366600 -0.045983 46.510000
0.379299 -0.023196 46.510000
0.391236 0.000000 46.510000

