0.306212 0.000000 30.590000
0.296932 0.018188 30.590000
0.287021 0.036039 30.590000
0.276972 0.053814 30.590000
0.266863 0.071554 30.590000
0.256717 0.089273 30.590000
0.246546 0.106978 30.590000
0.236355 0.124671 30.590000
0.226145 0.142354 30.590000
0.215918 0.160026 30.590000
0.205671 0.177687 30.590000
0.195399 0.195333 30.590000
0.185090 0.212958 30.590000
0.174721 0.230548 30.590000
0.164217 0.248057 30.590000
0.153106 0.265187 30.590000
0.132715 0.266244 30.590000
0.112299 0.266587 30.590000
0.091882 0.266772 30.590000
0.071464 0.266887 30.590000
0.051046 0.266960 30.590000
0.030627 0.267004 30.590000
0.010209 0.267025 30.590000
-0.010209 0.267025 30.590000
-0.030627 0.267004 30.590000
-0.051046 0.266960 30.590000
-0.071464 0.266887 30.590000
-0.091882 0.266772 30.590000
-0.112299 0.266587 30.590000
-0.132715 0.266244 30.590000
-0.153106 0.265187 30.590000
-0.164217 0.248057 30.590000
-0.174721 0.230548 30.590000
-0.185090 0.212958 30.590000
-0.195399 0.195333 30.590000
-0.205671 0.177687 30.590000
-0.215918 0.160026 30.590000
-0.226145 0.142354 30.590000
-0.236355 0.124671 30.590000
-0.246546 0.106978 30.590000
-0.256717 0.089273 30.590000
-0.266863 0.071554 30.590000
-0.276972 0.053814 30.590000
-0.287021 0.036039 30.590000
-0.296932 0.018188 30.590000
-0.306212 0.000000 30.590000
-0.296932 -0.018188 30.590000
-0.287021 -0.036039 30.590000
-0.276972 -0.053814 30.590000
-0.266863 -0.071554 30.590000
-0.256717 -0.089273 30.590000
-0.246546 -0.106978 30.590000
-0.236355 -0.124671 30.590000
-0.226145 -0.142354 30.590000
-0.215918 -0.160026 30.590000
-0.205671 -0.177687 30.590000
-0.195399 -0.195333 30.590000
-0.185090 -0.212958 30.590000
-0.174721 -0.230548 30.590000
-0.164217 -0.248057 30.590000
-0.153106 -0.265187 30.590000
-0.132715 -0.266244 30.590000
-0.112299 -0.266587 30.590000
-0.091882 -0.266772 30.590000
-0.071464 -0.266887 30.590000
-0.051046 -0.266960 30.590000
-0.030627 -0.267004 30.590000
-0.010209 -0.267025 30.590000
0.010209 -0.267025 30.590000
0.030627 -0.267004 30.590000
0.051046 -0.266960 30.590000
0.071464 -0.266887 30.590000
0.091882 -0.266772 30.590000
0.112299 -0.266587 30.590000
0.132715 -0.266244 30.590000
0.153106 -0.265187 30.590000
0.164217 -0.248057 30.590000
0.174721 -0.230548 30.590000
0.185090 -0.212958 30.590000
0.195399 -0.195333 30.590000
0.205671 -0.177687 30.590000
0.215918 -0.160026 30.590000
0.226145 -0.142354 30.590000
0.236355 -0.124671 30.590000
0.246546 -0.106978 30.590000
0.256717 -0.089273 30.590000
0.266863 -0.071554 30.590000
0.276972 -0.053814 30.590000
0.287021 -0.036039 30.590000
0.296932 -0.018188 30.590000
0.306212 0.000000 30.590000

