0.269357 0.000000 24.430000
0.261220 0.016012 24.430000
0.252513 0.031722 24.430000
0.243682 0.047362 24.430000
0.234795 0.062970 24.430000
0.225875 0.078560 24.430000
0.216932 0.094136 24.430000
0.207968 0.109701 24.430000
0.198988 0.125256 24.430000
0.189990 0.140800 24.430000
0.180973 0.156334 24.430000
0.171932 0.171853 24.430000
0.162858 0.187354 24.430000
0.153729 0.202822 24.430000
0.144477 0.218217 24.430000
0.134678 0.233270 24.430000
0.116743 0.234229 24.430000
0.098785 0.234544 24.430000
0.080824 0.234716 24.430000
0.062864 0.234824 24.430000
0.044903 0.234894 24.430000
0.026942 0.234936 24.430000
0.008981 0.234956 24.430000
-0.008981 0.234956 24.430000
-0.026942 0.234936 24.430000
-0.044903 0.234894 24.430000
-0.062864 0.234824 24.430000
-0.080824 0.234716 24.430000
-0.098785 0.234544 24.430000
-0.116743 0.234229 24.430000
-0.134678 0.233270 24.430000
-0.144477 0.218217 24.430000
-0.153729 0.202822 24.430000
-0.162858 0.187354 24.430000
-0.171932 0.171853 24.430000
-0.180973 0.156334 24.430000
-0.189990 0.140800 24.430000
-0.198988 0.125256 24.430000
-0.207968 0.109701 24.430000
-0.216932 0.094136 24.430000
-0.225875 0.078560 24.430000
-0.234795 0.062970 24.430000
-0.243682 0.047362 24.430000
-0.252513 0.031722 24.430000
-0.261220 0.016012 24.430000
-0.269357 0.000000 24.430000
-0.261220 -0.016012 24.430000
-0.252513 -0.031722 24.430000
-0.243682 -0.047362 24.430000
-0.234795 -0.062970 24.430000
-0.225875 -0.078560 24.430000
-0.216932 -0.094136 24.430000
-0.207968 -0.109701 24.430000
-0.198988 -0.125256 24.430000
-0.189990 -0.140800 24.430000
-0.180973 -0.156334 24.430000
-0.171932 -0.171853 24.430000
-0.162858 -0.187354 24.430000
-0.153729 -0.202822 24.430000
-0.144477 -0.218217 24.430000
-0.134678 -0.233270 24.430000
-0.116743 -0.234229 24.430000
-0.098785 -0.234544 24.430000
-0.080824 -0.234716 24.430000
-0.062864 -0.234824 24.430000
-0.044903 -0.234894 24.430000
-0.026942 -0.234936 24.430000
-0.008981 -0.234956 24.430000
0.008981 -0.234956 24.430000
0.026942 -0.234936 24.430000
0.044903 -0.234894 24.430000
0.062864 -0.234824 24.430000
0.080824 -0.234716 24.430000
0.098785 -0.234544 24.430000
0.116743 -0.234229 24.430000
0.134678 -0.233270 24.430000
0.144477 -0.218217 24.430000
0.153729 -0.202822 24.430000
0.162858 -0.187354 24.430000
0.171932 -0.171853 24.430000
0.180973 -0.156334 24.430000
0.189990 -0.140800 24.430000
0.198988 -0.125256 24.430000
0.207968 -0.109701 24.430000
0.216932 -0.094136 24.430000
0.225875 -0.078560 24.430000
0.234795 -0.062970 24.430000
0.243682 -0.047362 24.430000
0.252513 -0.031722 24.430000
0.261220 -0.016012 24.430000
0.269357 0.000000 24.430000

