0.185951 0.000000 12.390000
0.180378 0.011077 12.390000
0.174387 0.021934 12.390000
0.168303 0.032738 12.390000
0.162177 0.043520 12.390000
0.156026 0.054286 12.390000
0.149856 0.065042 12.390000
0.143670 0.075789 12.390000
0.137470 0.086528 12.390000
0.131256 0.097258 12.390000
0.125026 0.107979 12.390000
0.118778 0.118690 12.390000
0.112504 0.129385 12.390000
0.106189 0.140057 12.390000
0.099782 0.150673 12.390000
0.092975 0.161038 12.390000
0.080596 0.161751 12.390000
0.068198 0.161990 12.390000
0.055799 0.162124 12.390000
0.043400 0.162209 12.390000
0.031000 0.162265 12.390000
0.018600 0.162300 12.390000
0.006200 0.162317 12.390000
-0.006200 0.162317 12.390000
-0.018600 0.162300 12.390000
-0.031000 0.162265 12.390000
-0.043400 0.162209 12.390000
-0.055799 0.162124 12.390000
-0.068198 0.161990 12.390000
-0.080596 0.161751 12.390000
-0.092975 0.161038 12.390000
-0.099782 0.150673 12.390000
-0.106189 0.140057 12.390000
-0.112504 0.129385 12.390000
-0.118778 0.118690 12.390000
-0.125026 0.107979 12.390000
-0.131256 0.097258 12.390000
-0.137470 0.086528 12.390000
-0.143670 0.075789 12.390000
-0.149856 0.065042 12.390000
-0.156026 0.054286 12.390000
-0.162177 0.043520 12.390000
-0.168303 0.032738 12.390000
-0.174387 0.021934 12.390000
-0.180378 0.011077 12.390000
-0.185951 0.000000 12.390000
-0.180378 -0.011077 12.390000
-0.174387 -0.021934 12.390000
-0.168303 -0.032738 12.390000
-0.162177 -0.043520 12.390000
-0.156026 -0.054286 12.390000
-0.149856 -0.065042 12.390000
-0.143670 -0.075789 12.390000
-0.137470 -0.086528 12.390000
-0.131256 -0.097258 12.390000
-0.125026 -0.107979 12.390000
-0.118778 -0.118690 12.390000
-0.112504 -0.129385 12.390000
-0.106189 -0.140057 12.390000
-0.099782 -0.150673 12.390000
-0.092975 -0.161038 12.390000
-0.080596 -0.161751 12.390000
-0.068198 -0.161990 12.390000
-0.055799 -0.162124 12.390000
-0.043400 -0.162209 12.390000
-0.031000 -0.162265 12.390000
-0.018600 -0.162300 12.390000
-0.006200 -0.162317 12.390000
0.006200 -0.162317 12.390000
0.018600 -0.162300 12.390000
0.031000 -0.162265 12.390000
0.043400 -0.162209 12.390000
0.055799 -0.162124 12.390000
0.068198 -0.161990 12.390000
0.080596 -0.161751 12.390000
0.092975 -0.161038 12.390000
0.099782 -0.150673 12.390000
0.106189 -0.140057 12.390000
0.112504 -0.129385 12.390000
0.118778 -0.118690 12.390000
0.125026 -0.107979 12.390000
0.131256 -0.097258 12.390000
0.137470 -0.086528 12.390000
0.143670 -0.075789 12.390000
0.149856 -0.065042 12.390000
0.156026 -0.054286 12.390000
0.162177 -0.043520 12.390000
0.168303 -0.032738 12.390000
0.174387 -0.021934 12.390000
0.180378 -0.011077 12.390000
0.185951 0.000000 12.390000

