0.146954 -0.000000 7.780000
0.142568 0.008763 7.780000
0.137841 0.017348 7.780000
0.133037 0.025889 7.780000
0.128199 0.034411 7.780000
0.123341 0.042922 7.780000
0.118466 0.051423 7.780000
0.113578 0.059917 7.780000
0.108678 0.068403 7.780000
0.103766 0.076883 7.780000
0.098841 0.085355 7.780000
0.093901 0.093818 7.780000
0.088939 0.102269 7.780000
0.083944 0.110700 7.780000
0.078873 0.119086 7.780000
0.073477 0.127266 7.780000
0.063695 0.127849 7.780000
0.053897 0.128047 7.780000
0.044098 0.128158 7.780000
0.034299 0.128230 7.780000
0.024499 0.128277 7.780000
0.014699 0.128306 7.780000
0.004900 0.128320 7.780000
-0.004900 0.128320 7.780000
-0.014699 0.128306 7.780000
-0.024499 0.128277 7.780000
-0.034299 0.128230 7.780000
-0.044098 0.128158 7.780000
-0.053897 0.128047 7.780000
-0.063695 0.127849 7.780000
-0.073477 0.127266 7.780000
-0.078873 0.119086 7.780000
-0.083944 0.110700 7.780000
-0.088939 0.102269 7.780000
-0.093901 0.093818 7.780000
-0.098841 0.085355 7.780000
-0.103766 0.076883 7.780000
-0.108678 0.068403 7.780000
-0.113578 0.059917 7.780000
-0.118466 0.051423 7.780000
-0.123341 0.042922 7.780000
-0.128199 0.034411 7.780000
-0.133037 0.025889 7.780000
-0.137841 0.017348 7.780000
-0.142568 0.008763 7.780000
-0.146954 -0.000000 7.780000
-0.142568 -0.008763 7.780000
-0.137841 -0.017348 7.780000
-0.133037 -0.025889 7.780000
-0.128199 -0.034411 7.780000
-0.123341 -0.042922 7.780000
-0.118466 -0.051423 7.780000
-0.113578 -0.059917 7.780000
-0.108678 -0.068403 7.780000
-0.103766 -0.076883 7.780000
-0.098841 -0.085355 7.780000
-0.093901 -0.093818 7.780000
-0.088939 -0.102269 7.780000
-0.083944 -0.110700 7.780000
-0.078873 -0.119086 7.780000
-0.073477 -0.127266 7.780000
-0.063695 -0.127849 7.780000
-0.053897 -0.128047 7.780000
-0.044098 -0.128158 7.780000
-0.034299 -0.128230 7.780000
-0.024499 -0.128277 7.780000
-0.014699 -0.128306 7.780000
-0.004900 -0.128320 7.780000
0.004900 -0.128320 7.780000
0.014699 -0.128306 7.780000
0.024499 -0.128277 7.780000
0.034299 -0.128230 7.780000
0.044098 -0.128158 7.780000
0.053897 -0.128047 7.780000
0.063695 -0.127849 7.780000
0.073477 -0.127266 7.780000
0.078873 -0.119086 7.780000
0.083944 -0.110700 7.780000
0.088939 -0.102269 7.780000
0.093901 -0.093818 7.780000
0.098841 -0.085355 7.780000
0.103766 -0.076883 7.780000
0.108678 -0.068403 7.780000
0.113578 -0.059917 7.780000
0.118466 -0.051423 7.780000
0.123341 -0.042922 7.780000
0.128199 -0.034411 7.780000
0.133037 -0.025889 7.780000
0.137841 -0.017348 7.780000
0.142568 -0.008763 7.780000
0.146954 -0.000000 7.780000

