0.375011 0.000000 43.300000
0.363583 0.022241 43.300000
0.351417 0.044087 43.300000
0.339090 0.065843 43.300000
0.326694 0.087559 43.300000
0.314256 0.109252 43.300000
0.301791 0.130929 43.300000
0.289306 0.152594 43.300000
0.276803 0.174249 43.300000
0.264283 0.195894 43.300000
0.251743 0.217528 43.300000
0.239175 0.239145 43.300000
0.226567 0.260739 43.300000
0.213889 0.282292 43.300000
0.201053 0.303752 43.300000
0.187505 0.324769 43.300000
0.162530 0.325993 43.300000
0.137528 0.326380 43.300000
0.112523 0.326583 43.300000
0.087518 0.326705 43.300000
0.062513 0.326780 43.300000
0.037508 0.326823 43.300000
0.012503 0.326843 43.300000
-0.012503 0.326843 43.300000
-0.037508 0.326823 43.300000
-0.062513 0.326780 43.300000
-0.087518 0.326705 43.300000
-0.112523 0.326583 43.300000
-0.137528 0.326380 43.300000
-0.162530 0.325993 43.300000
-0.187505 0.324769 43.300000
-0.201053 0.303752 43.300000
-0.213889 0.282292 43.300000
-0.226567 0.260739 43.300000
-0.239175 0.239145 43.300000
-0.251743 0.217528 43.300000
-0.264283 0.195894 43.300000
-0.276803 0.174249 43.300000
-0.289306 0.152594 43.300000
-0.301791 0.130929 43.300000
-0.314256 0.109252 43.300000
-0.326694 0.087559 43.300000
-0.339090 0.065843 43.300000
-0.351417 0.044087 43.300000
-0.363583 0.022241 43.300000
-0.375011 0.000000 43.300000
-0.363583 -0.022241 43.300000
-0.351417 -0.044087 43.300000
-0.339090 -0.065843 43.300000
-0.326694 -0.087559 43.300000
-0.314256 -0.109252 43.300000
-0.301791 -0.130929 43.300000
-0.289306 -0.152594 43.300000
-0.276803 -0.174249 43.300000
-0.264283 -0.195894 43.300000
-0.251743 -0.217528 43.300000
-0.239175 -0.239145 43.300000
-0.226567 -0.260739 43.300000
-0.213889 -0.282292 43.300000
-0.201053 -0.303752 43.300000
-0.187505 -0.324769 43.300000
-0.162530 -0.325993 43.300000
-0.137528 -0.326380 43.300000
-0.112523 -0.326583 43.300000
-0.087518 -0.326705 43.300000
-0.062513 -0.326780 43.300000
-0.037508 -0.326823 43.300000
-0.012503 -0.326843 43.300000
0.012503 -0.326843 43.300000
0.037508 -0.326823 43.300000
0.062513 -0.326780 43.300000
0.087518 -0.326705 43.300000
0.112523 -0.326583 43.300000
0.137528 -0.326380 43.300000
0.162530 -0.325993 43.300000
0.187505 -0.324769 43.300000
0.201053 -0.303752 43.300000
0.213889 -0.282292 43.300000
0.226567 -0.260739 43.300000
0.239175 -0.239145 43.300000
0.251743 -0.217528 43.300000
0.264283 -0.195894 43.300000
0.276803 -0.174249 43.300000
0.289306 -0.152594 43.300000
0.301791 -0.130929 43.300000
0.314256 -0.109252 43.300000
0.326694 -0.087559 43.300000
0.339090 -0.065843 43.300000
0.351417 -0.044087 43.300000
0.363583 -0.022241 43.300000
0.375011 0.000000 43.300000

