0.158404 -0.000000 9.060000
0.153671 0.009443 9.060000
0.148573 0.018695 9.060000
0.143394 0.027901 9.060000
0.138178 0.037087 9.060000
0.132940 0.046260 9.060000
0.127685 0.055423 9.060000
0.122416 0.064578 9.060000
0.117134 0.073726 9.060000
0.111840 0.082867 9.060000
0.106532 0.091999 9.060000
0.101207 0.101122 9.060000
0.095860 0.110232 9.060000
0.090477 0.119320 9.060000
0.085013 0.128361 9.060000
0.079202 0.137182 9.060000
0.068657 0.137804 9.060000
0.058096 0.138015 9.060000
0.047534 0.138133 9.060000
0.036971 0.138209 9.060000
0.026408 0.138259 9.060000
0.015845 0.138290 9.060000
0.005282 0.138304 9.060000
-0.005282 0.138304 9.060000
-0.015845 0.138290 9.060000
-0.026408 0.138259 9.060000
-0.036971 0.138209 9.060000
-0.047534 0.138133 9.060000
-0.058096 0.138015 9.060000
-0.068657 0.137804 9.060000
-0.079202 0.137182 9.060000
-0.085013 0.128361 9.060000
-0.090477 0.119320 9.060000
-0.095860 0.110232 9.060000
-0.101207 0.101122 9.060000
-0.106532 0.091999 9.060000
-0.111840 0.082867 9.060000
-0.117134 0.073726 9.060000
-0.122416 0.064578 9.060000
-0.127685 0.055423 9.060000
-0.132940 0.046260 9.060000
-0.138178 0.037087 9.060000
-0.143394 0.027901 9.060000
-0.148573 0.018695 9.060000
-0.153671 0.009443 9.060000
-0.158404 -0.000000 9.060000
-0.153671 -0.009443 9.060000
-0.148573 -0.018695 9.060000
-0.143394 -0.027901 9.060000
-0.138178 -0.037087 9.060000
-0.132940 -0.046260 9.060000
-0.127685 -0.055423 9.060000
-0.122416 -0.064578 9.060000
-0.117134 -0.073726 9.060000
-0.111840 -0.082867 9.060000
-0.106532 -0.091999 9.060000
-0.101207 -0.101122 9.060000
-0.095860 -0.110232 9.060000
-0.090477 -0.119320 9.060000
-0.085013 -0.128361 9.060000
-0.079202 -0.137182 9.060000
-0.068657 -0.137804 9.060000
-0.058096 -0.138015 9.060000
-0.047534 -0.138133 9.060000
-0.036971 -0.138209 9.060000
-0.026408 -0.138259 9.060000
-0.015845 -0.138290 9.060000
-0.005282 -0.138304 9.060000
0.005282 -0.138304 9.060000
0.015845 -0.138290 9.060000
0.026408 -0.138259 9.060000
0.036971 -0.138209 9.060000
0.047534 -0.138133 9.060000
0.058096 -0.138015 9.060000
0.068657 -0.137804 9.060000
0.079202 -0.137182 9.060000
0.085013 -0.128361 9.060000
0.090477 -0.119320 9.060000
0.095860 -0.110232 9.060000
0.101207 -0.101122 9.060000
0.106532 -0.091999 9.060000
0.111840 -0.082867 9.060000
0.117134 -0.073726 9.060000
0.122416 -0.064578 9.060000
0.127685 -0.055423 9.060000
0.132940 -0.046260 9.060000
0.138178 -0.037087 9.060000
0.143394 -0.027901 9.060000
0.148573 -0.018695 9.060000
0.153671 -0.009443 9.060000
0.158404 -0.000000 9.060000

