0.329872 0.000000 34.790000
0.319855 0.019583 34.790000
0.309169 0.038808 34.790000
0.298338 0.057953 34.790000
0.287443 0.077060 34.790000
0.276510 0.096147 34.790000
0.265550 0.115218 34.790000
0.254570 0.134277 34.790000
0.243572 0.153326 34.790000
0.232556 0.172364 34.790000
0.221520 0.191391 34.790000
0.210458 0.210403 34.790000
0.199358 0.229392 34.790000
0.188194 0.248344 34.790000
0.176887 0.267211 34.790000
0.164936 0.285677 34.790000
0.142968 0.286794 34.790000
0.120976 0.287153 34.790000
0.098981 0.287345 34.790000
0.076985 0.287463 34.790000
0.054989 0.287538 34.790000
0.032994 0.287582 34.790000
0.010998 0.287603 34.790000
-0.010998 0.287603 34.790000
-0.032994 0.287582 34.790000
-0.054989 0.287538 34.790000
-0.076985 0.287463 34.790000
-0.098981 0.287345 34.790000
-0.120976 0.287153 34.790000
-0.142968 0.286794 34.790000
-0.164936 0.285677 34.790000
-0.176887 0.267211 34.790000
-0.188194 0.248344 34.790000
-0.199358 0.229392 34.790000
-0.210458 0.210403 34.790000
-0.221520 0.191391 34.790000
-0.232556 0.172364 34.790000
-0.243572 0.153326 34.790000
-0.254570 0.134277 34.790000
-0.265550 0.115218 34.790000
-0.276510 0.096147 34.790000
-0.287443 0.077060 34.790000
-0.298338 0.057953 34.790000
-0.309169 0.038808 34.790000
-0.319855 0.019583 34.790000
-0.329872 0.000000 34.790000
-0.319855 -0.019583 34.790000
-0.309169 -0.038808 34.790000
-0.298338 -0.057953 34.790000
-0.287443 -0.077060 34.790000
-0.276510 -0.096147 34.790000
-0.265550 -0.115218 34.790000
-0.254570 -0.134277 34.790000
-0.243572 -0.153326 34.790000
-0.232556 -0.172364 34.790000
-0.221520 -0.191391 34.790000
-0.210458 -0.210403 34.790000
-0.199358 -0.229392 34.790000
-0.188194 -0.248344 34.790000
-0.176887 -0.267211 34.790000
-0.164936 -0.285677 34.790000
-0.142968 -0.286794 34.790000
-0.120976 -0.287153 34.790000
-0.098981 -0.287345 34.790000
-0.076985 -0.287463 34.790000
-0.054989 -0.287538 34.790000
-0.032994 -0.287582 34.790000
-0.010998 -0.287603 34.790000
0.010998 -0.287603 34.790000
0.032994 -0.287582 34.790000
0.054989 -0.287538 34.790000
0.076985 -0.287463 34.790000
0.098981 -0.287345 34.790000
0.120976 -0.287153 34.790000
0.142968 -0.286794 34.790000
0.164936 -0.285677 34.790000
0.176887 -0.267211 34.790000
0.188194 -0.248344 34.790000
0.199358 -0.229392 34.790000
0.210458 -0.210403 34.790000
0.221520 -0.191391 34.790000
0.232556 -0.172364 34.790000
0.243572 -0.153326 34.790000
0.254570 -0.134277 34.790000
0.265550 -0.115218 34.790000
0.276510 -0.096147 34.790000
0.287443 -0.077060 34.790000
0.298338 -0.057953 34.790000
0.309169 -0.038808 34.790000
0.319855 -0.019583 34.790000
0.329872 0.000000 34.790000

