0.338841 0.000000 36.430000
0.328544 0.020111 36.430000
0.317565 0.039858 36.430000
0.306436 0.059521 36.430000
0.295243 0.079147 36.430000
0.284011 0.098751 36.430000
0.272753 0.118340 36.430000
0.261473 0.137917 36.430000
0.250177 0.157484 36.430000
0.238862 0.177041 36.430000
0.227527 0.196585 36.430000
0.216165 0.216114 36.430000
0.204765 0.235621 36.430000
0.193300 0.255090 36.430000
0.181689 0.274472 36.430000
0.169420 0.293445 36.430000
0.146855 0.294583 36.430000
0.124264 0.294948 36.430000
0.101671 0.295142 36.430000
0.079078 0.295262 36.430000
0.056484 0.295336 36.430000
0.033891 0.295381 36.430000
0.011297 0.295401 36.430000
-0.011297 0.295401 36.430000
-0.033891 0.295381 36.430000
-0.056484 0.295336 36.430000
-0.079078 0.295262 36.430000
-0.101671 0.295142 36.430000
-0.124264 0.294948 36.430000
-0.146855 0.294583 36.430000
-0.169420 0.293445 36.430000
-0.181689 0.274472 36.430000
-0.193300 0.255090 36.430000
-0.204765 0.235621 36.430000
-0.216165 0.216114 36.430000
-0.227527 0.196585 36.430000
-0.238862 0.177041 36.430000
-0.250177 0.157484 36.430000
-0.261473 0.137917 36.430000
-0.272753 0.118340 36.430000
-0.284011 0.098751 36.430000
-0.295243 0.079147 36.430000
-0.306436 0.059521 36.430000
-0.317565 0.039858 36.430000
-0.328544 0.020111 36.430000
-0.338841 0.000000 36.430000
-0.328544 -0.020111 36.430000
-0.317565 -0.039858 36.430000
-0.306436 -0.059521 36.430000
-0.295243 -0.079147 36.430000
-0.284011 -0.098751 36.430000
-0.272753 -0.118340 36.430000
-0.261473 -0.137917 36.430000
-0.250177 -0.157484 36.430000
-0.238862 -0.177041 36.430000
-0.227527 -0.196585 36.430000
-0.216165 -0.216114 36.430000
-0.204765 -0.235621 36.430000
-0.193300 -0.255090 36.430000
-0.181689 -0.274472 36.430000
-0.169420 -0.293445 36.430000
-0.146855 -0.294583 36.430000
-0.124264 -0.294948 36.430000
-0.101671 -0.295142 36.430000
-0.079078 -0.295262 36.430000
-0.056484 -0.295336 36.430000
-0.033891 -0.295381 36.430000
-0.011297 -0.295401 36.430000
0.011297 -0.295401 36.430000
0.033891 -0.295381 36.430000
0.056484 -0.295336 36.430000
0.079078 -0.295262 36.430000
0.101671 -0.295142 36.430000
0.124264 -0.294948 36.430000
0.146855 -0.294583 36.430000
0.169420 -0.293445 36.430000
0.181689 -0.274472 36.430000
0.193300 -0.255090 36.430000
0.204765 -0.235621 36.430000
0.216165 -0.216114 36.430000
0.227527 -0.196585 36.430000
0.238862 -0.177041 36.430000
0.250177 -0.157484 36.430000
0.261473 -0.137917 36.430000
0.272753 -0.118340 36.430000
0.284011 -0.098751 36.430000
0.295243 -0.079147 36.430000
0.306436 -0.059521 36.430000
0.317565 -0.039858 36.430000
0.328544 -0.020111 36.430000
0.338841 0.000000 36.430000

