0.339437 0.000000 36.540000
0.329122 0.020146 36.540000
0.318123 0.039928 36.540000
0.306975 0.059625 36.540000
0.295762 0.079286 36.540000
0.284510 0.098925 36.540000
0.273232 0.118548 36.540000
0.261933 0.138159 36.540000
0.250616 0.157761 36.540000
0.239281 0.177352 36.540000
0.227926 0.196931 36.540000
0.216545 0.216494 36.540000
0.205125 0.236036 36.540000
0.193640 0.255539 36.540000
0.182008 0.274955 36.540000
0.169719 0.293961 36.540000
0.147114 0.295101 36.540000
0.124483 0.295466 36.540000
0.101850 0.295661 36.540000
0.079217 0.295780 36.540000
0.056584 0.295855 36.540000
0.033950 0.295899 36.540000
0.011317 0.295920 36.540000
-0.011317 0.295920 36.540000
-0.033950 0.295899 36.540000
-0.056584 0.295855 36.540000
-0.079217 0.295780 36.540000
-0.101850 0.295661 36.540000
-0.124483 0.295466 36.540000
-0.147114 0.295101 36.540000
-0.169719 0.293961 36.540000
-0.182008 0.274955 36.540000
-0.193640 0.255539 36.540000
-0.205125 0.236036 36.540000
-0.216545 0.216494 36.540000
-0.227926 0.196931 36.540000
-0.239281 0.177352 36.540000
-0.250616 0.157761 36.540000
-0.261933 0.138159 36.540000
-0.273232 0.118548 36.540000
-0.284510 0.098925 36.540000
-0.295762 0.079286 36.540000
-0.306975 0.059625 36.540000
-0.318123 0.039928 36.540000
-0.329122 0.020146 36.540000
-0.339437 0.000000 36.540000
-0.329122 -0.020146 36.540000
-0.318123 -0.039928 36.540000
-0.306975 -0.059625 36.540000
-0.295762 -0.079286 36.540000
-0.284510 -0.098925 36.540000
-0.273232 -0.118548 36.540000
-0.261933 -0.138159 36.540000
-0.250616 -0.157761 36.540000
-0.239281 -0.177352 36.540000
-0.227926 -0.196931 36.540000
-0.216545 -0.216494 36.540000
-0.205125 -0.236036 36.540000
-0.193640 -0.255539 36.540000
-0.182008 -0.274955 36.540000
-0.169719 -0.293961 36.540000
-0.147114 -0.295101 36.540000
-0.124483 -0.295466 36.540000
-0.101850 -0.295661 36.540000
-0.079217 -0.295780 36.540000
-0.056584 -0.295855 36.540000
-0.033950 -0.295899 36.540000
-0.011317 -0.295920 36.540000
0.011317 -0.295920 36.540000
0.033950 -0.295899 36.540000
0.056584 -0.295855 36.540000
0.079217 -0.295780 36.540000
0.101850 -0.295661 36.540000
0.124483 -0.295466 36.540000
0.147114 -0.295101 36.540000
0.169719 -0.293961 36.540000
0.182008 -0.274955 36.540000
0.193640 -0.255539 36.540000
0.205125 -0.236036 36.540000
0.216545 -0.216494 36.540000
0.227926 -0.196931 36.540000
0.239281 -0.177352 36.540000
0.250616 -0.157761 36.540000
0.261933 -0.138159 36.540000
0.273232 -0.118548 36.540000
0.284510 -0.098925 36.540000
0.295762 -0.079286 36.540000
0.306975 -0.059625 36.540000
0.318123 -0.039928 36.540000
0.329122 -0.020146 36.540000
0.339437 0.000000 36.540000

