0.293550 0.000000 28.420000
0.284664 0.017440 28.420000
0.275167 0.034557 28.420000
0.265536 0.051598 28.420000
0.255847 0.068606 28.420000
0.246123 0.085594 28.420000
0.236374 0.102567 28.420000
0.226604 0.119529 28.420000
0.216817 0.136481 28.420000
0.207012 0.153422 28.420000
0.197188 0.170352 28.420000
0.187338 0.187267 28.420000
0.177453 0.204162 28.420000
0.167510 0.221023 28.420000
0.157436 0.237806 28.420000
0.146775 0.254222 28.420000
0.127228 0.255246 28.420000
0.107657 0.255580 28.420000
0.088083 0.255760 28.420000
0.068509 0.255873 28.420000
0.048935 0.255946 28.420000
0.029361 0.255989 28.420000
0.009787 0.256010 28.420000
-0.009787 0.256010 28.420000
-0.029361 0.255989 28.420000
-0.048935 0.255946 28.420000
-0.068509 0.255873 28.420000
-0.088083 0.255760 28.420000
-0.107657 0.255580 28.420000
-0.127228 0.255246 28.420000
-0.146775 0.254222 28.420000
-0.157436 0.237806 28.420000
-0.167510 0.221023 28.420000
-0.177453 0.204162 28.420000
-0.187338 0.187267 28.420000
-0.197188 0.170352 28.420000
-0.207012 0.153422 28.420000
-0.216817 0.136481 28.420000
-0.226604 0.119529 28.420000
-0.236374 0.102567 28.420000
-0.246123 0.085594 28.420000
-0.255847 0.068606 28.420000
-0.265536 0.051598 28.420000
-0.275167 0.034557 28.420000
-0.284664 0.017440 28.420000
-0.293550 0.000000 28.420000
-0.284664 -0.017440 28.420000
-0.275167 -0.034557 28.420000
-0.265536 -0.051598 28.420000
-0.255847 -0.068606 28.420000
-0.246123 -0.085594 28.420000
-0.236374 -0.102567 28.420000
-0.226604 -0.119529 28.420000
-0.216817 -0.136481 28.420000
-0.207012 -0.153422 28.420000
-0.197188 -0.170352 28.420000
-0.187338 -0.187267 28.420000
-0.177453 -0.204162 28.420000
-0.167510 -0.221023 28.420000
-0.157436 -0.237806 28.420000
-0.146775 -0.254222 28.420000
-0.127228 -0.255246 28.420000
-0.107657 -0.255580 28.420000
-0.088083 -0.255760 28.420000
-0.068509 -0.255873 28.420000
-0.048935 -0.255946 28.420000
-0.029361 -0.255989 28.420000
-0.009787 -0.256010 28.420000
0.009787 -0.256010 28.420000
0.029361 -0.255989 28.420000
0.048935 -0.255946 28.420000
0.068509 -0.255873 28.420000
0.088083 -0.255760 28.420000
0.107657 -0.255580 28.420000
0.127228 -0.255246 28.420000
0.146775 -0.254222 28.420000
0.157436 -0.237806 28.420000
0.167510 -0.221023 28.420000
0.177453 -0.204162 28.420000
0.187338 -0.187267 28.420000
0.197188 -0.170352 28.420000
0.207012 -0.153422 28.420000
0.216817 -0.136481 28.420000
0.226604 -0.119529 28.420000
0.236374 -0.102567 28.420000
0.246123 -0.085594 28.420000
0.255847 -0.068606 28.420000
0.265536 -0.051598 28.420000
0.275167 -0.034557 28.420000
0.284664 -0.017440 28.420000
0.293550 0.000000 28.420000

