0.339546 0.000000 36.560000
0.329227 0.020153 36.560000
0.318224 0.039940 36.560000
0.307073 0.059644 36.560000
0.295856 0.079311 36.560000
0.284601 0.098956 36.560000
0.273319 0.118586 36.560000
0.262016 0.138203 36.560000
0.250696 0.157811 36.560000
0.239357 0.177408 36.560000
0.227999 0.196993 36.560000
0.216614 0.216563 36.560000
0.205190 0.236111 36.560000
0.193701 0.255620 36.560000
0.182066 0.275043 36.560000
0.169773 0.294055 36.560000
0.147161 0.295195 36.560000
0.124523 0.295560 36.560000
0.101883 0.295755 36.560000
0.079243 0.295874 36.560000
0.056602 0.295949 36.560000
0.033961 0.295994 36.560000
0.011320 0.296014 36.560000
-0.011320 0.296014 36.560000
-0.033961 0.295994 36.560000
-0.056602 0.295949 36.560000
-0.079243 0.295874 36.560000
-0.101883 0.295755 36.560000
-0.124523 0.295560 36.560000
-0.147161 0.295195 36.560000
-0.169773 0.294055 36.560000
-0.182066 0.275043 36.560000
-0.193701 0.255620 36.560000
-0.205190 0.236111 36.560000
-0.216614 0.216563 36.560000
-0.227999 0.196993 36.560000
-0.239357 0.177408 36.560000
-0.250696 0.157811 36.560000
-0.262016 0.138203 36.560000
-0.273319 0.118586 36.560000
-0.284601 0.098956 36.560000
-0.295856 0.079311 36.560000
-0.307073 0.059644 36.560000
-0.318224 0.039940 36.560000
-0.329227 0.020153 36.560000
-0.339546 0.000000 36.560000
-0.329227 -0.020153 36.560000
-0.318224 -0.039940 36.560000
-0.307073 -0.059644 36.560000
-0.295856 -0.079311 36.560000
-0.284601 -0.098956 36.560000
-0.273319 -0.118586 36.560000
-0.262016 -0.138203 36.560000
-0.250696 -0.157811 36.560000
-0.239357 -0.177408 36.560000
-0.227999 -0.196993 36.560000
-0.216614 -0.216563 36.560000
-0.205190 -0.236111 36.560000
-0.193701 -0.255620 36.560000
-0.182066 -0.275043 36.560000
-0.169773 -0.294055 36.560000
-0.147161 -0.295195 36.560000
-0.124523 -0.295560 36.560000
-0.101883 -0.295755 36.560000
-0.079243 -0.295874 36.560000
-0.056602 -0.295949 36.560000
-0.033961 -0.295994 36.560000
-0.011320 -0.296014 36.560000
0.011320 -0.296014 36.560000
0.033961 -0.295994 36.560000
0.056602 -0.295949 36.560000
0.079243 -0.295874 36.560000
0.101883 -0.295755 36.560000
0.124523 -0.295560 36.560000
0.147161 -0.295195 36.560000
0.169773 -0.294055 36.560000
0.182066 -0.275043 36.560000
0.193701 -0.255620 36.560000
0.205190 -0.236111 36.560000
0.216614 -0.216563 36.560000
0.227999 -0.196993 36.560000
0.239357 -0.177408 36.560000
0.250696 -0.157811 36.560000
0.262016 -0.138203 36.560000
0.273319 -0.118586 36.560000
0.284601 -0.098956 36.560000
0.295856 -0.079311 36.560000
0.307073 -0.059644 36.560000
0.318224 -0.039940 36.560000
0.329227 -0.020153 36.560000
0.339546 0.000000 36.560000

