0.358059 0.000000 40.030000
0.347162 0.021243 40.030000
0.335552 0.042105 40.030000
0.323787 0.062881 40.030000
0.311955 0.083617 40.030000
0.300082 0.104331 40.030000
0.288183 0.125030 40.030000
0.276263 0.145716 40.030000
0.264326 0.166393 40.030000
0.252370 0.187059 40.030000
0.240395 0.207713 40.030000
0.228392 0.228352 40.030000
0.216350 0.248968 40.030000
0.204240 0.269544 40.030000
0.191978 0.290029 40.030000
0.179029 0.310088 40.030000
0.155184 0.311272 40.030000
0.131312 0.311649 40.030000
0.107437 0.311848 40.030000
0.083563 0.311969 40.030000
0.059688 0.312045 40.030000
0.035813 0.312089 40.030000
0.011938 0.312109 40.030000
-0.011938 0.312109 40.030000
-0.035813 0.312089 40.030000
-0.059688 0.312045 40.030000
-0.083563 0.311969 40.030000
-0.107437 0.311848 40.030000
-0.131312 0.311649 40.030000
-0.155184 0.311272 40.030000
-0.179029 0.310088 40.030000
-0.191978 0.290029 40.030000
-0.204240 0.269544 40.030000
-0.216350 0.248968 40.030000
-0.228392 0.228352 40.030000
-0.240395 0.207713 40.030000
-0.252370 0.187059 40.030000
-0.264326 0.166393 40.030000
-0.276263 0.145716 40.030000
-0.288183 0.125030 40.030000
-0.300082 0.104331 40.030000
-0.311955 0.083617 40.030000
-0.323787 0.062881 40.030000
-0.335552 0.042105 40.030000
-0.347162 0.021243 40.030000
-0.358059 0.000000 40.030000
-0.347162 -0.021243 40.030000
-0.335552 -0.042105 40.030000
-0.323787 -0.062881 40.030000
-0.311955 -0.083617 40.030000
-0.300082 -0.104331 40.030000
-0.288183 -0.125030 40.030000
-0.276263 -0.145716 40.030000
-0.264326 -0.166393 40.030000
-0.252370 -0.187059 40.030000
-0.240395 -0.207713 40.030000
-0.228392 -0.228352 40.030000
-0.216350 -0.248968 40.030000
-0.204240 -0.269544 40.030000
-0.191978 -0.290029 40.030000
-0.179029 -0.310088 40.030000
-0.155184 -0.311272 40.030000
-0.131312 -0.311649 40.030000
-0.107437 -0.311848 40.030000
-0.083563 -0.311969 40.030000
-0.059688 -0.312045 40.030000
-0.035813 -0.312089 40.030000
-0.011938 -0.312109 40.030000
0.011938 -0.312109 40.030000
0.035813 -0.312089 40.030000
0.059688 -0.312045 40.030000
0.083563 -0.311969 40.030000
0.107437 -0.311848 40.030000
0.131312 -0.311649 40.030000
0.155184 -0.311272 40.030000
0.179029 -0.310088 40.030000
0.191978 -0.290029 40.030000
0.204240 -0.269544 40.030000
0.216350 -0.248968 40.030000
0.228392 -0.228352 40.030000
0.240395 -0.207713 40.030000
0.252370 -0.187059 40.030000
0.264326 -0.166393 40.030000
0.276263 -0.145716 40.030000
0.288183 -0.125030 40.030000
0.300082 -0.104331 40.030000
0.311955 -0.083617 40.030000
0.323787 -0.062881 40.030000
0.335552 -0.042105 40.030000
0.347162 -0.021243 40.030000
0.358059 0.000000 40.030000

