0.137392 -0.000000 6.760000
0.133295 0.008195 6.760000
0.128878 0.016222 6.760000
0.124388 0.024208 6.760000
0.119865 0.032177 6.760000
0.115323 0.040133 6.760000
0.110766 0.048082 6.760000
0.106196 0.056023 6.760000
0.101615 0.063957 6.760000
0.097023 0.071885 6.760000
0.092418 0.079806 6.760000
0.087798 0.087718 6.760000
0.083159 0.095619 6.760000
0.078487 0.103500 6.760000
0.073745 0.111340 6.760000
0.068696 0.118985 6.760000
0.059550 0.119535 6.760000
0.050390 0.119722 6.760000
0.041229 0.119827 6.760000
0.032067 0.119895 6.760000
0.022905 0.119939 6.760000
0.013743 0.119967 6.760000
0.004581 0.119980 6.760000
-0.004581 0.119980 6.760000
-0.013743 0.119967 6.760000
-0.022905 0.119939 6.760000
-0.032067 0.119895 6.760000
-0.041229 0.119827 6.760000
-0.050390 0.119722 6.760000
-0.059550 0.119535 6.760000
-0.068696 0.118985 6.760000
-0.073745 0.111340 6.760000
-0.078487 0.103500 6.760000
-0.083159 0.095619 6.760000
-0.087798 0.087718 6.760000
-0.092418 0.079806 6.760000
-0.097023 0.071885 6.760000
-0.101615 0.063957 6.760000
-0.106196 0.056023 6.760000
-0.110766 0.048082 6.760000
-0.115323 0.040133 6.760000
-0.119865 0.032177 6.760000
-0.124388 0.024208 6.760000
-0.128878 0.016222 6.760000
-0.133295 0.008195 6.760000
-0.137392 -0.000000 6.760000
-0.133295 -0.008195 6.760000
-0.128878 -0.016222 6.760000
-0.124388 -0.024208 6.760000
-0.119865 -0.032177 6.760000
-0.115323 -0.040133 6.760000
-0.110766 -0.048082 6.760000
-0.106196 -0.056023 6.760000
-0.101615 -0.063957 6.760000
-0.097023 -0.071885 6.760000
-0.092418 -0.079806 6.760000
-0.087798 -0.087718 6.760000
-0.083159 -0.095619 6.760000
-0.078487 -0.103500 6.760000
-0.073745 -0.111340 6.760000
-0.068696 -0.118985 6.760000
-0.059550 -0.119535 6.760000
-0.050390 -0.119722 6.760000
-0.041229 -0.119827 6.760000
-0.032067 -0.119895 6.760000
-0.022905 -0.119939 6.760000
-0.013743 -0.119967 6.760000
-0.004581 -0.119980 6.760000
0.004581 -0.119980 6.760000
0.013743 -0.119967 6.760000
0.022905 -0.119939 6.760000
0.032067 -0.119895 6.760000
0.041229 -0.119827 6.760000
0.050390 -0.119722 6.760000
0.059550 -0.119535 6.760000
0.068696 -0.118985 6.760000
0.073745 -0.111340 6.760000
0.078487 -0.103500 6.760000
0.083159 -0.095619 6.760000
0.087798 -0.087718 6.760000
0.092418 -0.079806 6.760000
0.097023 -0.071885 6.760000
0.101615 -0.063957 6.760000
0.106196 -0.056023 6.760000
0.110766 -0.048082 6.760000
0.115323 -0.040133 6.760000
0.119865 -0.032177 6.760000
0.124388 -0.024208 6.760000
0.128878 -0.016222 6.760000
0.133295 -0.008195 6.760000
0.137392 -0.000000 6.760000

