0.174633 0.000000 10.980000
0.169406 0.010406 10.980000
0.163782 0.020603 10.980000
0.158069 0.030751 10.980000
0.152318 0.040877 10.980000
0.146542 0.050989 10.980000
0.140748 0.061091 10.980000
0.134939 0.071184 10.980000
0.129116 0.081269 10.980000
0.123280 0.091346 10.980000
0.117429 0.101414 10.980000
0.111559 0.111472 10.980000
0.105666 0.121516 10.980000
0.099734 0.131537 10.980000
0.093715 0.141507 10.980000
0.087316 0.151237 10.980000
0.075691 0.151913 10.980000
0.064048 0.152141 10.980000
0.052403 0.152268 10.980000
0.040758 0.152350 10.980000
0.029113 0.152403 10.980000
0.017468 0.152436 10.980000
0.005823 0.152452 10.980000
-0.005823 0.152452 10.980000
-0.017468 0.152436 10.980000
-0.029113 0.152403 10.980000
-0.040758 0.152350 10.980000
-0.052403 0.152268 10.980000
-0.064048 0.152141 10.980000
-0.075691 0.151913 10.980000
-0.087316 0.151237 10.980000
-0.093715 0.141507 10.980000
-0.099734 0.131537 10.980000
-0.105666 0.121516 10.980000
-0.111559 0.111472 10.980000
-0.117429 0.101414 10.980000
-0.123280 0.091346 10.980000
-0.129116 0.081269 10.980000
-0.134939 0.071184 10.980000
-0.140748 0.061091 10.980000
-0.146542 0.050989 10.980000
-0.152318 0.040877 10.980000
-0.158069 0.030751 10.980000
-0.163782 0.020603 10.980000
-0.169406 0.010406 10.980000
-0.174633 0.000000 10.980000
-0.169406 -0.010406 10.980000
-0.163782 -0.020603 10.980000
-0.158069 -0.030751 10.980000
-0.152318 -0.040877 10.980000
-0.146542 -0.050989 10.980000
-0.140748 -0.061091 10.980000
-0.134939 -0.071184 10.980000
-0.129116 -0.081269 10.980000
-0.123280 -0.091346 10.980000
-0.117429 -0.101414 10.980000
-0.111559 -0.111472 10.980000
-0.105666 -0.121516 10.980000
-0.099734 -0.131537 10.980000
-0.093715 -0.141507 10.980000
-0.087316 -0.151237 10.980000
-0.075691 -0.151913 10.980000
-0.064048 -0.152141 10.980000
-0.052403 -0.152268 10.980000
-0.040758 -0.152350 10.980000
-0.029113 -0.152403 10.980000
-0.017468 -0.152436 10.980000
-0.005823 -0.152452 10.980000
0.005823 -0.152452 10.980000
0.017468 -0.152436 10.980000
0.029113 -0.152403 10.980000
0.040758 -0.152350 10.980000
0.052403 -0.152268 10.980000
0.064048 -0.152141 10.980000
0.075691 -0.151913 10.980000
0.087316 -0.151237 10.980000
0.093715 -0.141507 10.980000
0.099734 -0.131537 10.980000
0.105666 -0.121516 10.980000
0.111559 -0.111472 10.980000
0.117429 -0.101414 10.980000
0.123280 -0.091346 10.980000
0.129116 -0.081269 10.980000
0.134939 -0.071184 10.980000
0.140748 -0.061091 10.980000
0.146542 -0.050989 10.980000
0.152318 -0.040877 10.980000
0.158069 -0.030751 10.980000
0.163782 -0.020603 10.980000
0.169406 -0.010406 10.980000
0.174633 0.000000 10.980000

