0.299308 0.000000 29.400000
0.290243 0.017780 29.400000
0.280558 0.035231 29.400000
0.270737 0.052606 29.400000
0.260857 0.069946 29.400000
0.250941 0.087267 29.400000
0.241000 0.104573 29.400000
0.231039 0.121867 29.400000
0.221060 0.139152 29.400000
0.211063 0.156425 29.400000
0.201046 0.173688 29.400000
0.191004 0.190935 29.400000
0.180926 0.208162 29.400000
0.170790 0.225355 29.400000
0.160519 0.242467 29.400000
0.149654 0.259209 29.400000
0.129723 0.260248 29.400000
0.109768 0.260585 29.400000
0.089811 0.260768 29.400000
0.069853 0.260882 29.400000
0.049895 0.260955 29.400000
0.029937 0.260998 29.400000
0.009979 0.261019 29.400000
-0.009979 0.261019 29.400000
-0.029937 0.260998 29.400000
-0.049895 0.260955 29.400000
-0.069853 0.260882 29.400000
-0.089811 0.260768 29.400000
-0.109768 0.260585 29.400000
-0.129723 0.260248 29.400000
-0.149654 0.259209 29.400000
-0.160519 0.242467 29.400000
-0.170790 0.225355 29.400000
-0.180926 0.208162 29.400000
-0.191004 0.190935 29.400000
-0.201046 0.173688 29.400000
-0.211063 0.156425 29.400000
-0.221060 0.139152 29.400000
-0.231039 0.121867 29.400000
-0.241000 0.104573 29.400000
-0.250941 0.087267 29.400000
-0.260857 0.069946 29.400000
-0.270737 0.052606 29.400000
-0.280558 0.035231 29.400000
-0.290243 0.017780 29.400000
-0.299308 0.000000 29.400000
-0.290243 -0.017780 29.400000
-0.280558 -0.035231 29.400000
-0.270737 -0.052606 29.400000
-0.260857 -0.069946 29.400000
-0.250941 -0.087267 29.400000
-0.241000 -0.104573 29.400000
-0.231039 -0.121867 29.400000
-0.221060 -0.139152 29.400000
-0.211063 -0.156425 29.400000
-0.201046 -0.173688 29.400000
-0.191004 -0.190935 29.400000
-0.180926 -0.208162 29.400000
-0.170790 -0.225355 29.400000
-0.160519 -0.242467 29.400000
-0.149654 -0.259209 29.400000
-0.129723 -0.260248 29.400000
-0.109768 -0.260585 29.400000
-0.089811 -0.260768 29.400000
-0.069853 -0.260882 29.400000
-0.049895 -0.260955 29.400000
-0.029937 -0.260998 29.400000
-0.009979 -0.261019 29.400000
0.009979 -0.261019 29.400000
0.029937 -0.260998 29.400000
0.049895 -0.260955 29.400000
0.069853 -0.260882 29.400000
0.089811 -0.260768 29.400000
0.109768 -0.260585 29.400000
0.129723 -0.260248 29.400000
0.149654 -0.259209 29.400000
0.160519 -0.242467 29.400000
0.170790 -0.225355 29.400000
0.180926 -0.208162 29.400000
0.191004 -0.190935 29.400000
0.201046 -0.173688 29.400000
0.211063 -0.156425 29.400000
0.221060 -0.139152 29.400000
0.231039 -0.121867 29.400000
0.241000 -0.104573 29.400000
0.250941 -0.087267 29.400000
0.260857 -0.069946 29.400000
0.270737 -0.052606 29.400000
0.280558 -0.035231 29.400000
0.290243 -0.017780 29.400000
0.299308 0.000000 29.400000

