0.212308 0.000000 15.890000
0.205928 0.012639 15.890000
0.199081 0.025030 15.890000
0.192130 0.037363 15.890000
0.185132 0.049670 15.890000
0.178107 0.061962 15.890000
0.171061 0.074241 15.890000
0.163998 0.086510 15.890000
0.156919 0.098771 15.890000
0.149825 0.111023 15.890000
0.142714 0.123264 15.890000
0.135582 0.135494 15.890000
0.128422 0.147708 15.890000
0.121217 0.159894 15.890000
0.113909 0.172020 15.890000
0.106154 0.183864 15.890000
0.092019 0.184658 15.890000
0.077864 0.184924 15.890000
0.063707 0.185071 15.890000
0.049550 0.185165 15.890000
0.035393 0.185226 15.890000
0.021236 0.185264 15.890000
0.007079 0.185282 15.890000
-0.007079 0.185282 15.890000
-0.021236 0.185264 15.890000
-0.035393 0.185226 15.890000
-0.049550 0.185165 15.890000
-0.063707 0.185071 15.890000
-0.077864 0.184924 15.890000
-0.092019 0.184658 15.890000
-0.106154 0.183864 15.890000
-0.113909 0.172020 15.890000
-0.121217 0.159894 15.890000
-0.128422 0.147708 15.890000
-0.135582 0.135494 15.890000
-0.142714 0.123264 15.890000
-0.149825 0.111023 15.890000
-0.156919 0.098771 15.890000
-0.163998 0.086510 15.890000
-0.171061 0.074241 15.890000
-0.178107 0.061962 15.890000
-0.185132 0.049670 15.890000
-0.192130 0.037363 15.890000
-0.199081 0.025030 15.890000
-0.205928 0.012639 15.890000
-0.212308 0.000000 15.890000
-0.205928 -0.012639 15.890000
-0.199081 -0.025030 15.890000
-0.192130 -0.037363 15.890000
-0.185132 -0.049670 15.890000
-0.178107 -0.061962 15.890000
-0.171061 -0.074241 15.890000
-0.163998 -0.086510 15.890000
-0.156919 -0.098771 15.890000
-0.149825 -0.111023 15.890000
-0.142714 -0.123264 15.890000
-0.135582 -0.135494 15.890000
-0.128422 -0.147708 15.890000
-0.121217 -0.159894 15.890000
-0.113909 -0.172020 15.890000
-0.106154 -0.183864 15.890000
-0.092019 -0.184658 15.890000
-0.077864 -0.184924 15.890000
-0.063707 -0.185071 15.890000
-0.049550 -0.185165 15.890000
-0.035393 -0.185226 15.890000
-0.021236 -0.185264 15.890000
-0.007079 -0.185282 15.890000
0.007079 -0.185282 15.890000
0.021236 -0.185264 15.890000
0.035393 -0.185226 15.890000
0.049550 -0.185165 15.890000
0.063707 -0.185071 15.890000
0.077864 -0.184924 15.890000
0.092019 -0.184658 15.890000
0.106154 -0.183864 15.890000
0.113909 -0.172020 15.890000
0.121217 -0.159894 15.890000
0.128422 -0.147708 15.890000
0.135582 -0.135494 15.890000
0.142714 -0.123264 15.890000
0.149825 -0.111023 15.890000
0.156919 -0.098771 15.890000
0.163998 -0.086510 15.890000
0.171061 -0.074241 15.890000
0.178107 -0.061962 15.890000
0.185132 -0.049670 15.890000
0.192130 -0.037363 15.890000
0.199081 -0.025030 15.890000
0.205928 -0.012639 15.890000
0.212308 0.000000 15.890000

