0.224866 0.000000 17.660000
0.218101 0.013382 17.660000
0.210845 0.026504 17.660000
0.203480 0.039565 17.660000
0.196067 0.052600 17.660000
0.188625 0.065617 17.660000
0.181162 0.078622 17.660000
0.173680 0.091617 17.660000
0.166183 0.104603 17.660000
0.158670 0.117579 17.660000
0.151139 0.130546 17.660000
0.143586 0.143500 17.660000
0.136005 0.156436 17.660000
0.128376 0.169345 17.660000
0.120639 0.182190 17.660000
0.112433 0.194740 17.660000
0.097461 0.195572 17.660000
0.082469 0.195849 17.660000
0.067475 0.196002 17.660000
0.052481 0.196099 17.660000
0.037487 0.196163 17.660000
0.022492 0.196202 17.660000
0.007497 0.196220 17.660000
-0.007497 0.196220 17.660000
-0.022492 0.196202 17.660000
-0.037487 0.196163 17.660000
-0.052481 0.196099 17.660000
-0.067475 0.196002 17.660000
-0.082469 0.195849 17.660000
-0.097461 0.195572 17.660000
-0.112433 0.194740 17.660000
-0.120639 0.182190 17.660000
-0.128376 0.169345 17.660000
-0.136005 0.156436 17.660000
-0.143586 0.143500 17.660000
-0.151139 0.130546 17.660000
-0.158670 0.117579 17.660000
-0.166183 0.104603 17.660000
-0.173680 0.091617 17.660000
-0.181162 0.078622 17.660000
-0.188625 0.065617 17.660000
-0.196067 0.052600 17.660000
-0.203480 0.039565 17.660000
-0.210845 0.026504 17.660000
-0.218101 0.013382 17.660000
-0.224866 0.000000 17.660000
-0.218101 -0.013382 17.660000
-0.210845 -0.026504 17.660000
-0.203480 -0.039565 17.660000
-0.196067 -0.052600 17.660000
-0.188625 -0.065617 17.660000
-0.181162 -0.078622 17.660000
-0.173680 -0.091617 17.660000
-0.166183 -0.104603 17.660000
-0.158670 -0.117579 17.660000
-0.151139 -0.130546 17.660000
-0.143586 -0.143500 17.660000
-0.136005 -0.156436 17.660000
-0.128376 -0.169345 17.660000
-0.120639 -0.182190 17.660000
-0.112433 -0.194740 17.660000
-0.097461 -0.195572 17.660000
-0.082469 -0.195849 17.660000
-0.067475 -0.196002 17.660000
-0.052481 -0.196099 17.660000
-0.037487 -0.196163 17.660000
-0.022492 -0.196202 17.660000
-0.007497 -0.196220 17.660000
0.007497 -0.196220 17.660000
0.022492 -0.196202 17.660000
0.037487 -0.196163 17.660000
0.052481 -0.196099 17.660000
0.067475 -0.196002 17.660000
0.082469 -0.195849 17.660000
0.097461 -0.195572 17.660000
0.112433 -0.194740 17.660000
0.120639 -0.182190 17.660000
0.128376 -0.169345 17.660000
0.136005 -0.156436 17.660000
0.143586 -0.143500 17.660000
0.151139 -0.130546 17.660000
0.158670 -0.117579 17.660000
0.166183 -0.104603 17.660000
0.173680 -0.091617 17.660000
0.181162 -0.078622 17.660000
0.188625 -0.065617 17.660000
0.196067 -0.052600 17.660000
0.203480 -0.039565 17.660000
0.210845 -0.026504 17.660000
0.218101 -0.013382 17.660000
0.224866 0.000000 17.660000

