0.404201 0.000000 49.130000
0.391857 0.023959 49.130000
0.378732 0.047498 49.130000
0.365437 0.070942 49.130000
0.352068 0.094344 49.130000
0.338656 0.117721 49.130000
0.325217 0.141083 49.130000
0.311757 0.164433 49.130000
0.298282 0.187773 49.130000
0.284790 0.211105 49.130000
0.271278 0.234424 49.130000
0.257738 0.257728 49.130000
0.244156 0.281007 49.130000
0.230500 0.304242 49.130000
0.216677 0.327379 49.130000
0.202100 0.350048 49.130000
0.175180 0.351338 49.130000
0.148232 0.351740 49.130000
0.121281 0.351949 49.130000
0.094330 0.352072 49.130000
0.067378 0.352146 49.130000
0.040427 0.352187 49.130000
0.013476 0.352206 49.130000
-0.013476 0.352206 49.130000
-0.040427 0.352187 49.130000
-0.067378 0.352146 49.130000
-0.094330 0.352072 49.130000
-0.121281 0.351949 49.130000
-0.148232 0.351740 49.130000
-0.175180 0.351338 49.130000
-0.202100 0.350048 49.130000
-0.216677 0.327379 49.130000
-0.230500 0.304242 49.130000
-0.244156 0.281007 49.130000
-0.257738 0.257728 49.130000
-0.271278 0.234424 49.130000
-0.284790 0.211105 49.130000
-0.298282 0.187773 49.130000
-0.311757 0.164433 49.130000
-0.325217 0.141083 49.130000
-0.338656 0.117721 49.130000
-0.352068 0.094344 49.130000
-0.365437 0.070942 49.130000
-0.378732 0.047498 49.130000
-0.391857 0.023959 49.130000
-0.404201 0.000000 49.130000
-0.391857 -0.023959 49.130000
-0.378732 -0.047498 49.130000
-0.365437 -0.070942 49.130000
-0.352068 -0.094344 49.130000
-0.338656 -0.117721 49.130000
-0.325217 -0.141083 49.130000
-0.311757 -0.164433 49.130000
-0.298282 -0.187773 49.130000
-0.284790 -0.211105 49.130000
-0.271278 -0.234424 49.130000
-0.257738 -0.257728 49.130000
-0.244156 -0.281007 49.130000
-0.230500 -0.304242 49.130000
-0.216677 -0.327379 49.130000
-0.202100 -0.350048 49.130000
-0.175180 -0.351338 49.130000
-0.148232 -0.351740 49.130000
-0.121281 -0.351949 49.130000
-0.094330 -0.352072 49.130000
-0.067378 -0.352146 49.130000
-0.040427 -0.352187 49.130000
-0.013476 -0.352206 49.130000
0.013476 -0.352206 49.130000
0.040427 -0.352187 49.130000
0.067378 -0.352146 49.130000
0.094330 -0.352072 49.130000
0.121281 -0.351949 49.130000
0.148232 -0.351740 49.130000
0.175180 -0.351338 49.130000
0.202100 -0.350048 49.130000
0.216677 -0.327379 49.130000
0.230500 -0.304242 49.130000
0.244156 -0.281007 49.130000
0.257738 -0.257728 49.130000
0.271278 -0.234424 49.130000
0.284790 -0.211105 49.130000
0.298282 -0.187773 49.130000
0.311757 -0.164433 49.130000
0.325217 -0.141083 49.130000
0.338656 -0.117721 49.130000
0.352068 -0.094344 49.130000
0.365437 -0.070942 49.130000
0.378732 -0.047498 49.130000
0.391857 -0.023959 49.130000
0.404201 0.000000 49.130000

