0.153375 -0.000000 8.490000
0.148794 0.009145 8.490000
0.143859 0.018103 8.490000
0.138845 0.027017 8.490000
0.133795 0.035912 8.490000
0.128723 0.044793 8.490000
0.123635 0.053666 8.490000
0.118534 0.062531 8.490000
0.113420 0.071388 8.490000
0.108294 0.080238 8.490000
0.103154 0.089081 8.490000
0.097998 0.097914 8.490000
0.092820 0.106734 8.490000
0.087607 0.115534 8.490000
0.082316 0.124287 8.490000
0.076687 0.132826 8.490000
0.066477 0.133432 8.490000
0.056252 0.133637 8.490000
0.046025 0.133752 8.490000
0.035797 0.133826 8.490000
0.025569 0.133874 8.490000
0.015342 0.133904 8.490000
0.005114 0.133919 8.490000
-0.005114 0.133919 8.490000
-0.015342 0.133904 8.490000
-0.025569 0.133874 8.490000
-0.035797 0.133826 8.490000
-0.046025 0.133752 8.490000
-0.056252 0.133637 8.490000
-0.066477 0.133432 8.490000
-0.076687 0.132826 8.490000
-0.082316 0.124287 8.490000
-0.087607 0.115534 8.490000
-0.092820 0.106734 8.490000
-0.097998 0.097914 8.490000
-0.103154 0.089081 8.490000
-0.108294 0.080238 8.490000
-0.113420 0.071388 8.490000
-0.118534 0.062531 8.490000
-0.123635 0.053666 8.490000
-0.128723 0.044793 8.490000
-0.133795 0.035912 8.490000
-0.138845 0.027017 8.490000
-0.143859 0.018103 8.490000
-0.148794 0.009145 8.490000
-0.153375 -0.000000 8.490000
-0.148794 -0.009145 8.490000
-0.143859 -0.018103 8.490000
-0.138845 -0.027017 8.490000
-0.133795 -0.035912 8.490000
-0.128723 -0.044793 8.490000
-0.123635 -0.053666 8.490000
-0.118534 -0.062531 8.490000
-0.113420 -0.071388 8.490000
-0.108294 -0.080238 8.490000
-0.103154 -0.089081 8.490000
-0.097998 -0.097914 8.490000
-0.092820 -0.106734 8.490000
-0.087607 -0.115534 8.490000
-0.082316 -0.124287 8.490000
-0.076687 -0.132826 8.490000
-0.066477 -0.133432 8.490000
-0.056252 -0.133637 8.490000
-0.046025 -0.133752 8.490000
-0.035797 -0.133826 8.490000
-0.025569 -0.133874 8.490000
-0.015342 -0.133904 8.490000
-0.005114 -0.133919 8.490000
0.005114 -0.133919 8.490000
0.015342 -0.133904 8.490000
0.025569 -0.133874 8.490000
0.035797 -0.133826 8.490000
0.046025 -0.133752 8.490000
0.056252 -0.133637 8.490000
0.066477 -0.133432 8.490000
0.076687 -0.132826 8.490000
0.082316 -0.124287 8.490000
0.087607 -0.115534 8.490000
0.092820 -0.106734 8.490000
0.097998 -0.097914 8.490000
0.103154 -0.089081 8.490000
0.108294 -0.080238 8.490000
0.113420 -0.071388 8.490000
0.118534 -0.062531 8.490000
0.123635 -0.053666 8.490000
0.128723 -0.044793 8.490000
0.133795 -0.035912 8.490000
0.138845 -0.027017 8.490000
0.143859 -0.018103 8.490000
0.148794 -0.009145 8.490000
0.153375 -0.000000 8.490000

