0.388984 0.000000 46.060000
0.377119 0.023064 46.060000
0.364493 0.045720 46.060000
0.351703 0.068284 46.060000
0.338841 0.090808 46.060000
0.325938 0.113307 46.060000
0.313006 0.135790 46.060000
0.300055 0.158262 46.060000
0.287086 0.180724 46.060000
0.274101 0.203176 46.060000
0.261095 0.225617 46.060000
0.248062 0.248041 46.060000
0.234988 0.270442 46.060000
0.221842 0.292800 46.060000
0.208533 0.315062 46.060000
0.194492 0.336870 46.060000
0.168586 0.338126 46.060000
0.142652 0.338521 46.060000
0.116716 0.338726 46.060000
0.090779 0.338849 46.060000
0.064842 0.338924 46.060000
0.038905 0.338966 46.060000
0.012968 0.338986 46.060000
-0.012968 0.338986 46.060000
-0.038905 0.338966 46.060000
-0.064842 0.338924 46.060000
-0.090779 0.338849 46.060000
-0.116716 0.338726 46.060000
-0.142652 0.338521 46.060000
-0.168586 0.338126 46.060000
-0.194492 0.336870 46.060000
-0.208533 0.315062 46.060000
-0.221842 0.292800 46.060000
-0.234988 0.270442 46.060000
-0.248062 0.248041 46.060000
-0.261095 0.225617 46.060000
-0.274101 0.203176 46.060000
-0.287086 0.180724 46.060000
-0.300055 0.158262 46.060000
-0.313006 0.135790 46.060000
-0.325938 0.113307 46.060000
-0.338841 0.090808 46.060000
-0.351703 0.068284 46.060000
-0.364493 0.045720 46.060000
-0.377119 0.023064 46.060000
-0.388984 0.000000 46.060000
-0.377119 -0.023064 46.060000
-0.364493 -0.045720 46.060000
-0.351703 -0.068284 46.060000
-0.338841 -0.090808 46.060000
-0.325938 -0.113307 46.060000
-0.313006 -0.135790 46.060000
-0.300055 -0.158262 46.060000
-0.287086 -0.180724 46.060000
-0.274101 -0.203176 46.060000
-0.261095 -0.225617 46.060000
-0.248062 -0.248041 46.060000
-0.234988 -0.270442 46.060000
-0.221842 -0.292800 46.060000
-0.208533 -0.315062 46.060000
-0.194492 -0.336870 46.060000
-0.168586 -0.338126 46.060000
-0.142652 -0.338521 46.060000
-0.116716 -0.338726 46.060000
-0.090779 -0.338849 46.060000
-0.064842 -0.338924 46.060000
-0.038905 -0.338966 46.060000
-0.012968 -0.338986 46.060000
0.012968 -0.338986 46.060000
0.038905 -0.338966 46.060000
0.064842 -0.338924 46.060000
0.090779 -0.338849 46.060000
0.116716 -0.338726 46.060000
0.142652 -0.338521 46.060000
0.168586 -0.338126 46.060000
0.194492 -0.336870 46.060000
0.208533 -0.315062 46.060000
0.221842 -0.292800 46.060000
0.234988 -0.270442 46.060000
0.248062 -0.248041 46.060000
0.261095 -0.225617 46.060000
0.274101 -0.203176 46.060000
0.287086 -0.180724 46.060000
0.300055 -0.158262 46.060000
0.313006 -0.135790 46.060000
0.325938 -0.113307 46.060000
0.338841 -0.090808 46.060000
0.351703 -0.068284 46.060000
0.364493 -0.045720 46.060000
0.377119 -0.023064 46.060000
0.388984 0.000000 46.060000

