0.347886 0.000000 38.110000
0.337307 0.020644 38.110000
0.326031 0.040916 38.110000
0.314603 0.061103 38.110000
0.303109 0.081251 38.110000
0.291576 0.101378 38.110000
0.280016 0.121489 38.110000
0.268435 0.141588 38.110000
0.256837 0.161677 38.110000
0.245220 0.181756 38.110000
0.233584 0.201823 38.110000
0.221920 0.221874 38.110000
0.210218 0.241903 38.110000
0.198450 0.261893 38.110000
0.186532 0.281794 38.110000
0.173943 0.301278 38.110000
0.150775 0.302438 38.110000
0.127581 0.302809 38.110000
0.104385 0.303006 38.110000
0.081189 0.303126 38.110000
0.057992 0.303201 38.110000
0.034795 0.303245 38.110000
0.011598 0.303266 38.110000
-0.011598 0.303266 38.110000
-0.034795 0.303245 38.110000
-0.057992 0.303201 38.110000
-0.081189 0.303126 38.110000
-0.104385 0.303006 38.110000
-0.127581 0.302809 38.110000
-0.150775 0.302438 38.110000
-0.173943 0.301278 38.110000
-0.186532 0.281794 38.110000
-0.198450 0.261893 38.110000
-0.210218 0.241903 38.110000
-0.221920 0.221874 38.110000
-0.233584 0.201823 38.110000
-0.245220 0.181756 38.110000
-0.256837 0.161677 38.110000
-0.268435 0.141588 38.110000
-0.280016 0.121489 38.110000
-0.291576 0.101378 38.110000
-0.303109 0.081251 38.110000
-0.314603 0.061103 38.110000
-0.326031 0.040916 38.110000
-0.337307 0.020644 38.110000
-0.347886 0.000000 38.110000
-0.337307 -0.020644 38.110000
-0.326031 -0.040916 38.110000
-0.314603 -0.061103 38.110000
-0.303109 -0.081251 38.110000
-0.291576 -0.101378 38.110000
-0.280016 -0.121489 38.110000
-0.268435 -0.141588 38.110000
-0.256837 -0.161677 38.110000
-0.245220 -0.181756 38.110000
-0.233584 -0.201823 38.110000
-0.221920 -0.221874 38.110000
-0.210218 -0.241903 38.110000
-0.198450 -0.261893 38.110000
-0.186532 -0.281794 38.110000
-0.173943 -0.301278 38.110000
-0.150775 -0.302438 38.110000
-0.127581 -0.302809 38.110000
-0.104385 -0.303006 38.110000
-0.081189 -0.303126 38.110000
-0.057992 -0.303201 38.110000
-0.034795 -0.303245 38.110000
-0.011598 -0.303266 38.110000
0.011598 -0.303266 38.110000
0.034795 -0.303245 38.110000
0.057992 -0.303201 38.110000
0.081189 -0.303126 38.110000
0.104385 -0.303006 38.110000
0.127581 -0.302809 38.110000
0.150775 -0.302438 38.110000
0.173943 -0.301278 38.110000
0.186532 -0.281794 38.110000
0.198450 -0.261893 38.110000
0.210218 -0.241903 38.110000
0.221920 -0.221874 38.110000
0.233584 -0.201823 38.110000
0.245220 -0.181756 38.110000
0.256837 -0.161677 38.110000
0.268435 -0.141588 38.110000
0.280016 -0.121489 38.110000
0.291576 -0.101378 38.110000
0.303109 -0.081251 38.110000
0.314603 -0.061103 38.110000
0.326031 -0.040916 38.110000
0.337307 -0.020644 38.110000
0.347886 0.000000 38.110000

