0.364904 0.000000 41.340000
0.353793 0.021646 41.340000
0.341959 0.042906 41.340000
0.329967 0.064077 41.340000
0.317907 0.085209 41.340000
0.305806 0.106319 41.340000
0.293679 0.127412 41.340000
0.281530 0.148494 41.340000
0.269365 0.169565 41.340000
0.257181 0.190627 41.340000
0.244978 0.211677 41.340000
0.232747 0.232711 41.340000
0.220476 0.253721 41.340000
0.208137 0.274692 41.340000
0.195643 0.295571 41.340000
0.182452 0.316016 41.340000
0.158150 0.317217 41.340000
0.133822 0.317598 41.340000
0.109491 0.317799 41.340000
0.085160 0.317920 41.340000
0.060829 0.317995 41.340000
0.036497 0.318039 41.340000
0.012166 0.318059 41.340000
-0.012166 0.318059 41.340000
-0.036497 0.318039 41.340000
-0.060829 0.317995 41.340000
-0.085160 0.317920 41.340000
-0.109491 0.317799 41.340000
-0.133822 0.317598 41.340000
-0.158150 0.317217 41.340000
-0.182452 0.316016 41.340000
-0.195643 0.295571 41.340000
-0.208137 0.274692 41.340000
-0.220476 0.253721 41.340000
-0.232747 0.232711 41.340000
-0.244978 0.211677 41.340000
-0.257181 0.190627 41.340000
-0.269365 0.169565 41.340000
-0.281530 0.148494 41.340000
-0.293679 0.127412 41.340000
-0.305806 0.106319 41.340000
-0.317907 0.085209 41.340000
-0.329967 0.064077 41.340000
-0.341959 0.042906 41.340000
-0.353793 0.021646 41.340000
-0.364904 0.000000 41.340000
-0.353793 -0.021646 41.340000
-0.341959 -0.042906 41.340000
-0.329967 -0.064077 41.340000
-0.317907 -0.085209 41.340000
-0.305806 -0.106319 41.340000
-0.293679 -0.127412 41.340000
-0.281530 -0.148494 41.340000
-0.269365 -0.169565 41.340000
-0.257181 -0.190627 41.340000
-0.244978 -0.211677 41.340000
-0.232747 -0.232711 41.340000
-0.220476 -0.253721 41.340000
-0.208137 -0.274692 41.340000
-0.195643 -0.295571 41.340000
-0.182452 -0.316016 41.340000
-0.158150 -0.317217 41.340000
-0.133822 -0.317598 41.340000
-0.109491 -0.317799 41.340000
-0.085160 -0.317920 41.340000
-0.060829 -0.317995 41.340000
-0.036497 -0.318039 41.340000
-0.012166 -0.318059 41.340000
0.012166 -0.318059 41.340000
0.036497 -0.318039 41.340000
0.060829 -0.317995 41.340000
0.085160 -0.317920 41.340000
0.109491 -0.317799 41.340000
0.133822 -0.317598 41.340000
0.158150 -0.317217 41.340000
0.182452 -0.316016 41.340000
0.195643 -0.295571 41.340000
0.208137 -0.274692 41.340000
0.220476 -0.253721 41.340000
0.232747 -0.232711 41.340000
0.244978 -0.211677 41.340000
0.257181 -0.190627 41.340000
0.269365 -0.169565 41.340000
0.281530 -0.148494 41.340000
0.293679 -0.127412 41.340000
0.305806 -0.106319 41.340000
0.317907 -0.085209 41.340000
0.329967 -0.064077 41.340000
0.341959 -0.042906 41.340000
0.353793 -0.021646 41.340000
0.364904 0.000000 41.340000

