0.092295 -0.000000 2.590000
0.089557 0.005512 2.590000
0.086595 0.010908 2.590000
0.083582 0.016275 2.590000
0.080546 0.021629 2.590000
0.077496 0.026975 2.590000
0.074436 0.032315 2.590000
0.071367 0.037650 2.590000
0.068289 0.042980 2.590000
0.065204 0.048306 2.590000
0.062109 0.053626 2.590000
0.059004 0.058941 2.590000
0.055885 0.064247 2.590000
0.052744 0.069540 2.590000
0.049552 0.074803 2.590000
0.046148 0.079930 2.590000
0.040005 0.080315 2.590000
0.033851 0.080447 2.590000
0.027697 0.080522 2.590000
0.021542 0.080570 2.590000
0.015387 0.080601 2.590000
0.009232 0.080621 2.590000
0.003077 0.080630 2.590000
-0.003077 0.080630 2.590000
-0.009232 0.080621 2.590000
-0.015387 0.080601 2.590000
-0.021542 0.080570 2.590000
-0.027697 0.080522 2.590000
-0.033851 0.080447 2.590000
-0.040005 0.080315 2.590000
-0.046148 0.079930 2.590000
-0.049552 0.074803 2.590000
-0.052744 0.069540 2.590000
-0.055885 0.064247 2.590000
-0.059004 0.058941 2.590000
-0.062109 0.053626 2.590000
-0.065204 0.048306 2.590000
-0.068289 0.042980 2.590000
-0.071367 0.037650 2.590000
-0.074436 0.032315 2.590000
-0.077496 0.026975 2.590000
-0.080546 0.021629 2.590000
-0.083582 0.016275 2.590000
-0.086595 0.010908 2.590000
-0.089557 0.005512 2.590000
-0.092295 -0.000000 2.590000
-0.089557 -0.005512 2.590000
-0.086595 -0.010908 2.590000
-0.083582 -0.016275 2.590000
-0.080546 -0.021629 2.590000
-0.077496 -0.026975 2.590000
-0.074436 -0.032315 2.590000
-0.071367 -0.037650 2.590000
-0.068289 -0.042980 2.590000
-0.065204 -0.048306 2.590000
-0.062109 -0.053626 2.590000
-0.059004 -0.058941 2.590000
-0.055885 -0.064247 2.590000
-0.052744 -0.069540 2.590000
-0.049552 -0.074803 2.590000
-0.046148 -0.079930 2.590000
-0.040005 -0.080315 2.590000
-0.033851 -0.080447 2.590000
-0.027697 -0.080522 2.590000
-0.021542 -0.080570 2.590000
-0.015387 -0.080601 2.590000
-0.009232 -0.080621 2.590000
-0.003077 -0.080630 2.590000
0.003077 -0.080630 2.590000
0.009232 -0.080621 2.590000
0.015387 -0.080601 2.590000
0.021542 -0.080570 2.590000
0.027697 -0.080522 2.590000
0.033851 -0.080447 2.590000
0.040005 -0.080315 2.590000
0.046148 -0.079930 2.590000
0.049552 -0.074803 2.590000
0.052744 -0.069540 2.590000
0.055885 -0.064247 2.590000
0.059004 -0.058941 2.590000
0.062109 -0.053626 2.590000
0.065204 -0.048306 2.590000
0.068289 -0.042980 2.590000
0.071367 -0.037650 2.590000
0.074436 -0.032315 2.590000
0.077496 -0.026975 2.590000
0.080546 -0.021629 2.590000
0.083582 -0.016275 2.590000
0.086595 -0.010908 2.590000
0.089557 -0.005512 2.590000
0.092295 -0.000000 2.590000

