0.361621 0.000000 40.710000
0.350613 0.021453 40.710000
0.338886 0.042522 40.710000
0.327004 0.063503 40.710000
0.315053 0.084446 40.710000
0.303061 0.105366 40.710000
0.291043 0.126270 40.710000
0.279004 0.147162 40.710000
0.266948 0.168044 40.710000
0.254874 0.188916 40.710000
0.242780 0.209776 40.710000
0.230659 0.230621 40.710000
0.218497 0.251442 40.710000
0.206268 0.272223 40.710000
0.193885 0.292913 40.710000
0.180811 0.313173 40.710000
0.156728 0.314366 40.710000
0.132618 0.314745 40.710000
0.108506 0.314945 40.710000
0.084394 0.315066 40.710000
0.060281 0.315142 40.710000
0.036169 0.315186 40.710000
0.012056 0.315206 40.710000
-0.012056 0.315206 40.710000
-0.036169 0.315186 40.710000
-0.060281 0.315142 40.710000
-0.084394 0.315066 40.710000
-0.108506 0.314945 40.710000
-0.132618 0.314745 40.710000
-0.156728 0.314366 40.710000
-0.180811 0.313173 40.710000
-0.193885 0.292913 40.710000
-0.206268 0.272223 40.710000
-0.218497 0.251442 40.710000
-0.230659 0.230621 40.710000
-0.242780 0.209776 40.710000
-0.254874 0.188916 40.710000
-0.266948 0.168044 40.710000
-0.279004 0.147162 40.710000
-0.291043 0.126270 40.710000
-0.303061 0.105366 40.710000
-0.315053 0.084446 40.710000
-0.327004 0.063503 40.710000
-0.338886 0.042522 40.710000
-0.350613 0.021453 40.710000
-0.361621 0.000000 40.710000
-0.350613 -0.021453 40.710000
-0.338886 -0.042522 40.710000
-0.327004 -0.063503 40.710000
-0.315053 -0.084446 40.710000
-0.303061 -0.105366 40.710000
-0.291043 -0.126270 40.710000
-0.279004 -0.147162 40.710000
-0.266948 -0.168044 40.710000
-0.254874 -0.188916 40.710000
-0.242780 -0.209776 40.710000
-0.230659 -0.230621 40.710000
-0.218497 -0.251442 40.710000
-0.206268 -0.272223 40.710000
-0.193885 -0.292913 40.710000
-0.180811 -0.313173 40.710000
-0.156728 -0.314366 40.710000
-0.132618 -0.314745 40.710000
-0.108506 -0.314945 40.710000
-0.084394 -0.315066 40.710000
-0.060281 -0.315142 40.710000
-0.036169 -0.315186 40.710000
-0.012056 -0.315206 40.710000
0.012056 -0.315206 40.710000
0.036169 -0.315186 40.710000
0.060281 -0.315142 40.710000
0.084394 -0.315066 40.710000
0.108506 -0.314945 40.710000
0.132618 -0.314745 40.710000
0.156728 -0.314366 40.710000
0.180811 -0.313173 40.710000
0.193885 -0.292913 40.710000
0.206268 -0.272223 40.710000
0.218497 -0.251442 40.710000
0.230659 -0.230621 40.710000
0.242780 -0.209776 40.710000
0.254874 -0.188916 40.710000
0.266948 -0.168044 40.710000
0.279004 -0.147162 40.710000
0.291043 -0.126270 40.710000
0.303061 -0.105366 40.710000
0.315053 -0.084446 40.710000
0.327004 -0.063503 40.710000
0.338886 -0.042522 40.710000
0.350613 -0.021453 40.710000
0.361621 0.000000 40.710000

