0.309027 0.000000 31.080000
0.299660 0.018354 31.080000
0.289656 0.036369 31.080000
0.279515 0.054306 31.080000
0.269312 0.072209 31.080000
0.259073 0.090091 31.080000
0.248808 0.107958 31.080000
0.238523 0.125814 31.080000
0.228220 0.143660 31.080000
0.217899 0.161495 31.080000
0.207558 0.179318 31.080000
0.197191 0.197126 31.080000
0.186788 0.214914 31.080000
0.176325 0.232665 31.080000
0.165724 0.250336 31.080000
0.154514 0.267626 31.080000
0.133935 0.268690 31.080000
0.113332 0.269034 31.080000
0.092727 0.269220 31.080000
0.072121 0.269335 31.080000
0.051515 0.269409 31.080000
0.030909 0.269453 31.080000
0.010303 0.269474 31.080000
-0.010303 0.269474 31.080000
-0.030909 0.269453 31.080000
-0.051515 0.269409 31.080000
-0.072121 0.269335 31.080000
-0.092727 0.269220 31.080000
-0.113332 0.269034 31.080000
-0.133935 0.268690 31.080000
-0.154514 0.267626 31.080000
-0.165724 0.250336 31.080000
-0.176325 0.232665 31.080000
-0.186788 0.214914 31.080000
-0.197191 0.197126 31.080000
-0.207558 0.179318 31.080000
-0.217899 0.161495 31.080000
-0.228220 0.143660 31.080000
-0.238523 0.125814 31.080000
-0.248808 0.107958 31.080000
-0.259073 0.090091 31.080000
-0.269312 0.072209 31.080000
-0.279515 0.054306 31.080000
-0.289656 0.036369 31.080000
-0.299660 0.018354 31.080000
-0.309027 0.000000 31.080000
-0.299660 -0.018354 31.080000
-0.289656 -0.036369 31.080000
-0.279515 -0.054306 31.080000
-0.269312 -0.072209 31.080000
-0.259073 -0.090091 31.080000
-0.248808 -0.107958 31.080000
-0.238523 -0.125814 31.080000
-0.228220 -0.143660 31.080000
-0.217899 -0.161495 31.080000
-0.207558 -0.179318 31.080000
-0.197191 -0.197126 31.080000
-0.186788 -0.214914 31.080000
-0.176325 -0.232665 31.080000
-0.165724 -0.250336 31.080000
-0.154514 -0.267626 31.080000
-0.133935 -0.268690 31.080000
-0.113332 -0.269034 31.080000
-0.092727 -0.269220 31.080000
-0.072121 -0.269335 31.080000
-0.051515 -0.269409 31.080000
-0.030909 -0.269453 31.080000
-0.010303 -0.269474 31.080000
0.010303 -0.269474 31.080000
0.030909 -0.269453 31.080000
0.051515 -0.269409 31.080000
0.072121 -0.269335 31.080000
0.092727 -0.269220 31.080000
0.113332 -0.269034 31.080000
0.133935 -0.268690 31.080000
0.154514 -0.267626 31.080000
0.165724 -0.250336 31.080000
0.176325 -0.232665 31.080000
0.186788 -0.214914 31.080000
0.197191 -0.197126 31.080000
0.207558 -0.179318 31.080000
0.217899 -0.161495 31.080000
0.228220 -0.143660 31.080000
0.238523 -0.125814 31.080000
0.248808 -0.107958 31.080000
0.259073 -0.090091 31.080000
0.269312 -0.072209 31.080000
0.279515 -0.054306 31.080000
0.289656 -0.036369 31.080000
0.299660 -0.018354 31.080000
0.309027 0.000000 31.080000

