0.182388 0.000000 11.940000
0.176924 0.010866 11.940000
0.171049 0.021515 11.940000
0.165082 0.032113 11.940000
0.159074 0.042688 11.940000
0.153041 0.053248 11.940000
0.146989 0.063798 11.940000
0.140922 0.074339 11.940000
0.134841 0.084872 11.940000
0.128745 0.095397 11.940000
0.122635 0.105913 11.940000
0.116506 0.116418 11.940000
0.110352 0.126908 11.940000
0.104157 0.137375 11.940000
0.097872 0.147788 11.940000
0.091194 0.157953 11.940000
0.079052 0.158654 11.940000
0.066892 0.158890 11.940000
0.054730 0.159021 11.940000
0.042568 0.159106 11.940000
0.030406 0.159161 11.940000
0.018244 0.159195 11.940000
0.006081 0.159212 11.940000
-0.006081 0.159212 11.940000
-0.018244 0.159195 11.940000
-0.030406 0.159161 11.940000
-0.042568 0.159106 11.940000
-0.054730 0.159021 11.940000
-0.066892 0.158890 11.940000
-0.079052 0.158654 11.940000
-0.091194 0.157953 11.940000
-0.097872 0.147788 11.940000
-0.104157 0.137375 11.940000
-0.110352 0.126908 11.940000
-0.116506 0.116418 11.940000
-0.122635 0.105913 11.940000
-0.128745 0.095397 11.940000
-0.134841 0.084872 11.940000
-0.140922 0.074339 11.940000
-0.146989 0.063798 11.940000
-0.153041 0.053248 11.940000
-0.159074 0.042688 11.940000
-0.165082 0.032113 11.940000
-0.171049 0.021515 11.940000
-0.176924 0.010866 11.940000
-0.182388 -0.000000 11.940000
-0.176924 -0.010866 11.940000
-0.171049 -0.021515 11.940000
-0.165082 -0.032113 11.940000
-0.159074 -0.042688 11.940000
-0.153041 -0.053248 11.940000
-0.146989 -0.063798 11.940000
-0.140922 -0.074339 11.940000
-0.134841 -0.084872 11.940000
-0.128745 -0.095397 11.940000
-0.122635 -0.105913 11.940000
-0.116506 -0.116418 11.940000
-0.110352 -0.126908 11.940000
-0.104157 -0.137375 11.940000
-0.097872 -0.147788 11.940000
-0.091194 -0.157953 11.940000
-0.079052 -0.158654 11.940000
-0.066892 -0.158890 11.940000
-0.054730 -0.159021 11.940000
-0.042568 -0.159106 11.940000
-0.030406 -0.159161 11.940000
-0.018244 -0.159195 11.940000
-0.006081 -0.159212 11.940000
0.006081 -0.159212 11.940000
0.018244 -0.159195 11.940000
0.030406 -0.159161 11.940000
0.042568 -0.159106 11.940000
0.054730 -0.159021 11.940000
0.066892 -0.158890 11.940000
0.079052 -0.158654 11.940000
0.091194 -0.157953 11.940000
0.097872 -0.147788 11.940000
0.104157 -0.137375 11.940000
0.110352 -0.126908 11.940000
0.116506 -0.116418 11.940000
0.122635 -0.105913 11.940000
0.128745 -0.095397 11.940000
0.134841 -0.084872 11.940000
0.140922 -0.074339 11.940000
0.146989 -0.063798 11.940000
0.153041 -0.053248 11.940000
0.159074 -0.042688 11.940000
0.165082 -0.032113 11.940000
0.171049 -0.021515 11.940000
0.176924 -0.010866 11.940000
0.182388 0.000000 11.940000

