0.168415 0.000000 10.230000
0.163377 0.010037 10.230000
0.157955 0.019872 10.230000
0.152447 0.029660 10.230000
0.146901 0.039425 10.230000
0.141331 0.049177 10.230000
0.135743 0.058919 10.230000
0.130141 0.068653 10.230000
0.124526 0.078379 10.230000
0.118897 0.088097 10.230000
0.113254 0.097807 10.230000
0.107593 0.107507 10.230000
0.101909 0.117193 10.230000
0.096187 0.126857 10.230000
0.090381 0.136470 10.230000
0.084208 0.145852 10.230000
0.072996 0.146508 10.230000
0.061768 0.146729 10.230000
0.050538 0.146853 10.230000
0.039307 0.146932 10.230000
0.028077 0.146985 10.230000
0.016846 0.147017 10.230000
0.005615 0.147032 10.230000
-0.005615 0.147032 10.230000
-0.016846 0.147017 10.230000
-0.028077 0.146985 10.230000
-0.039307 0.146932 10.230000
-0.050538 0.146853 10.230000
-0.061768 0.146729 10.230000
-0.072996 0.146508 10.230000
-0.084208 0.145852 10.230000
-0.090381 0.136470 10.230000
-0.096187 0.126857 10.230000
-0.101909 0.117193 10.230000
-0.107593 0.107507 10.230000
-0.113254 0.097807 10.230000
-0.118897 0.088097 10.230000
-0.124526 0.078379 10.230000
-0.130141 0.068653 10.230000
-0.135743 0.058919 10.230000
-0.141331 0.049177 10.230000
-0.146901 0.039425 10.230000
-0.152447 0.029660 10.230000
-0.157955 0.019872 10.230000
-0.163377 0.010037 10.230000
-0.168415 -0.000000 10.230000
-0.163377 -0.010037 10.230000
-0.157955 -0.019872 10.230000
-0.152447 -0.029660 10.230000
-0.146901 -0.039425 10.230000
-0.141331 -0.049177 10.230000
-0.135743 -0.058919 10.230000
-0.130141 -0.068653 10.230000
-0.124526 -0.078379 10.230000
-0.118897 -0.088097 10.230000
-0.113254 -0.097807 10.230000
-0.107593 -0.107507 10.230000
-0.101909 -0.117193 10.230000
-0.096187 -0.126857 10.230000
-0.090381 -0.136470 10.230000
-0.084208 -0.145852 10.230000
-0.072996 -0.146508 10.230000
-0.061768 -0.146729 10.230000
-0.050538 -0.146853 10.230000
-0.039307 -0.146932 10.230000
-0.028077 -0.146985 10.230000
-0.016846 -0.147017 10.230000
-0.005615 -0.147032 10.230000
0.005615 -0.147032 10.230000
0.016846 -0.147017 10.230000
0.028077 -0.146985 10.230000
0.039307 -0.146932 10.230000
0.050538 -0.146853 10.230000
0.061768 -0.146729 10.230000
0.072996 -0.146508 10.230000
0.084208 -0.145852 10.230000
0.090381 -0.136470 10.230000
0.096187 -0.126857 10.230000
0.101909 -0.117193 10.230000
0.107593 -0.107507 10.230000
0.113254 -0.097807 10.230000
0.118897 -0.088097 10.230000
0.124526 -0.078379 10.230000
0.130141 -0.068653 10.230000
0.135743 -0.058919 10.230000
0.141331 -0.049177 10.230000
0.146901 -0.039425 10.230000
0.152447 -0.029660 10.230000
0.157955 -0.019872 10.230000
0.163377 -0.010037 10.230000
0.168415 0.000000 10.230000

