0.239550 0.000000 19.810000
0.232333 0.014250 19.810000
0.224599 0.028227 19.810000
0.216750 0.042140 19.810000
0.208851 0.056024 19.810000
0.200922 0.069890 19.810000
0.192970 0.083744 19.810000
0.185000 0.097587 19.810000
0.177013 0.111421 19.810000
0.169009 0.125245 19.810000
0.160988 0.139058 19.810000
0.152944 0.152859 19.810000
0.144869 0.166642 19.810000
0.136745 0.180395 19.810000
0.128508 0.194081 19.810000
0.119775 0.207456 19.810000
0.103825 0.208332 19.810000
0.087854 0.208622 19.810000
0.071881 0.208781 19.810000
0.055908 0.208883 19.810000
0.039934 0.208948 19.810000
0.023961 0.208989 19.810000
0.007987 0.209008 19.810000
-0.007987 0.209008 19.810000
-0.023961 0.208989 19.810000
-0.039934 0.208948 19.810000
-0.055908 0.208883 19.810000
-0.071881 0.208781 19.810000
-0.087854 0.208622 19.810000
-0.103825 0.208332 19.810000
-0.119775 0.207456 19.810000
-0.128508 0.194081 19.810000
-0.136745 0.180395 19.810000
-0.144869 0.166642 19.810000
-0.152944 0.152859 19.810000
-0.160988 0.139058 19.810000
-0.169009 0.125245 19.810000
-0.177013 0.111421 19.810000
-0.185000 0.097587 19.810000
-0.192970 0.083744 19.810000
-0.200922 0.069890 19.810000
-0.208851 0.056024 19.810000
-0.216750 0.042140 19.810000
-0.224599 0.028227 19.810000
-0.232333 0.014250 19.810000
-0.239550 0.000000 19.810000
-0.232333 -0.014250 19.810000
-0.224599 -0.028227 19.810000
-0.216750 -0.042140 19.810000
-0.208851 -0.056024 19.810000
-0.200922 -0.069890 19.810000
-0.192970 -0.083744 19.810000
-0.185000 -0.097587 19.810000
-0.177013 -0.111421 19.810000
-0.169009 -0.125245 19.810000
-0.160988 -0.139058 19.810000
-0.152944 -0.152859 19.810000
-0.144869 -0.166642 19.810000
-0.136745 -0.180395 19.810000
-0.128508 -0.194081 19.810000
-0.119775 -0.207456 19.810000
-0.103825 -0.208332 19.810000
-0.087854 -0.208622 19.810000
-0.071881 -0.208781 19.810000
-0.055908 -0.208883 19.810000
-0.039934 -0.208948 19.810000
-0.023961 -0.208989 19.810000
-0.007987 -0.209008 19.810000
0.007987 -0.209008 19.810000
0.023961 -0.208989 19.810000
0.039934 -0.208948 19.810000
0.055908 -0.208883 19.810000
0.071881 -0.208781 19.810000
0.087854 -0.208622 19.810000
0.103825 -0.208332 19.810000
0.119775 -0.207456 19.810000
0.128508 -0.194081 19.810000
0.136745 -0.180395 19.810000
0.144869 -0.166642 19.810000
0.152944 -0.152859 19.810000
0.160988 -0.139058 19.810000
0.169009 -0.125245 19.810000
0.177013 -0.111421 19.810000
0.185000 -0.097587 19.810000
0.192970 -0.083744 19.810000
0.200922 -0.069890 19.810000
0.208851 -0.056024 19.810000
0.216750 -0.042140 19.810000
0.224599 -0.028227 19.810000
0.232333 -0.014250 19.810000
0.239550 0.000000 19.810000

