0.332950 0.000000 35.350000
0.322837 0.019764 35.350000
0.312051 0.039169 35.350000
0.301118 0.058491 35.350000
0.290120 0.077777 35.350000
0.279085 0.097041 35.350000
0.268022 0.116289 35.350000
0.256940 0.135526 35.350000
0.245839 0.154753 35.350000
0.234721 0.173969 35.350000
0.223582 0.193174 35.350000
0.212417 0.212363 35.350000
0.201214 0.231530 35.350000
0.189947 0.250660 35.350000
0.178535 0.269703 35.350000
0.166475 0.288343 35.350000
0.144303 0.289467 35.350000
0.122104 0.289828 35.350000
0.099904 0.290021 35.350000
0.077704 0.290140 35.350000
0.055503 0.290215 35.350000
0.033302 0.290259 35.350000
0.011101 0.290280 35.350000
-0.011101 0.290280 35.350000
-0.033302 0.290259 35.350000
-0.055503 0.290215 35.350000
-0.077704 0.290140 35.350000
-0.099904 0.290021 35.350000
-0.122104 0.289828 35.350000
-0.144303 0.289467 35.350000
-0.166475 0.288343 35.350000
-0.178535 0.269703 35.350000
-0.189947 0.250660 35.350000
-0.201214 0.231530 35.350000
-0.212417 0.212363 35.350000
-0.223582 0.193174 35.350000
-0.234721 0.173969 35.350000
-0.245839 0.154753 35.350000
-0.256940 0.135526 35.350000
-0.268022 0.116289 35.350000
-0.279085 0.097041 35.350000
-0.290120 0.077777 35.350000
-0.301118 0.058491 35.350000
-0.312051 0.039169 35.350000
-0.322837 0.019764 35.350000
-0.332950 0.000000 35.350000
-0.322837 -0.019764 35.350000
-0.312051 -0.039169 35.350000
-0.301118 -0.058491 35.350000
-0.290120 -0.077777 35.350000
-0.279085 -0.097041 35.350000
-0.268022 -0.116289 35.350000
-0.256940 -0.135526 35.350000
-0.245839 -0.154753 35.350000
-0.234721 -0.173969 35.350000
-0.223582 -0.193174 35.350000
-0.212417 -0.212363 35.350000
-0.201214 -0.231530 35.350000
-0.189947 -0.250660 35.350000
-0.178535 -0.269703 35.350000
-0.166475 -0.288343 35.350000
-0.144303 -0.289467 35.350000
-0.122104 -0.289828 35.350000
-0.099904 -0.290021 35.350000
-0.077704 -0.290140 35.350000
-0.055503 -0.290215 35.350000
-0.033302 -0.290259 35.350000
-0.011101 -0.290280 35.350000
0.011101 -0.290280 35.350000
0.033302 -0.290259 35.350000
0.055503 -0.290215 35.350000
0.077704 -0.290140 35.350000
0.099904 -0.290021 35.350000
0.122104 -0.289828 35.350000
0.144303 -0.289467 35.350000
0.166475 -0.288343 35.350000
0.178535 -0.269703 35.350000
0.189947 -0.250660 35.350000
0.201214 -0.231530 35.350000
0.212417 -0.212363 35.350000
0.223582 -0.193174 35.350000
0.234721 -0.173969 35.350000
0.245839 -0.154753 35.350000
0.256940 -0.135526 35.350000
0.268022 -0.116289 35.350000
0.279085 -0.097041 35.350000
0.290120 -0.077777 35.350000
0.301118 -0.058491 35.350000
0.312051 -0.039169 35.350000
0.322837 -0.019764 35.350000
0.332950 0.000000 35.350000

