0.269917 0.000000 24.520000
0.261762 0.016045 24.520000
0.253038 0.031788 24.520000
0.244188 0.047460 24.520000
0.235283 0.063101 24.520000
0.226344 0.078723 24.520000
0.217382 0.094331 24.520000
0.208400 0.109928 24.520000
0.199401 0.125515 24.520000
0.190384 0.141093 24.520000
0.181348 0.156658 24.520000
0.172288 0.172210 24.520000
0.163196 0.187743 24.520000
0.154048 0.203243 24.520000
0.144777 0.218670 24.520000
0.134958 0.233755 24.520000
0.116986 0.234716 24.520000
0.098990 0.235031 24.520000
0.080992 0.235203 24.520000
0.062994 0.235311 24.520000
0.044996 0.235381 24.520000
0.026998 0.235424 24.520000
0.008999 0.235444 24.520000
-0.008999 0.235444 24.520000
-0.026998 0.235424 24.520000
-0.044996 0.235381 24.520000
-0.062994 0.235311 24.520000
-0.080992 0.235203 24.520000
-0.098990 0.235031 24.520000
-0.116986 0.234716 24.520000
-0.134958 0.233755 24.520000
-0.144777 0.218670 24.520000
-0.154048 0.203243 24.520000
-0.163196 0.187743 24.520000
-0.172288 0.172210 24.520000
-0.181348 0.156658 24.520000
-0.190384 0.141093 24.520000
-0.199401 0.125515 24.520000
-0.208400 0.109928 24.520000
-0.217382 0.094331 24.520000
-0.226344 0.078723 24.520000
-0.235283 0.063101 24.520000
-0.244188 0.047460 24.520000
-0.253038 0.031788 24.520000
-0.261762 0.016045 24.520000
-0.269917 0.000000 24.520000
-0.261762 -0.016045 24.520000
-0.253038 -0.031788 24.520000
-0.244188 -0.047460 24.520000
-0.235283 -0.063101 24.520000
-0.226344 -0.078723 24.520000
-0.217382 -0.094331 24.520000
-0.208400 -0.109928 24.520000
-0.199401 -0.125515 24.520000
-0.190384 -0.141093 24.520000
-0.181348 -0.156658 24.520000
-0.172288 -0.172210 24.520000
-0.163196 -0.187743 24.520000
-0.154048 -0.203243 24.520000
-0.144777 -0.218670 24.520000
-0.134958 -0.233755 24.520000
-0.116986 -0.234716 24.520000
-0.098990 -0.235031 24.520000
-0.080992 -0.235203 24.520000
-0.062994 -0.235311 24.520000
-0.044996 -0.235381 24.520000
-0.026998 -0.235424 24.520000
-0.008999 -0.235444 24.520000
0.008999 -0.235444 24.520000
0.026998 -0.235424 24.520000
0.044996 -0.235381 24.520000
0.062994 -0.235311 24.520000
0.080992 -0.235203 24.520000
0.098990 -0.235031 24.520000
0.116986 -0.234716 24.520000
0.134958 -0.233755 24.520000
0.144777 -0.218670 24.520000
0.154048 -0.203243 24.520000
0.163196 -0.187743 24.520000
0.172288 -0.172210 24.520000
0.181348 -0.156658 24.520000
0.190384 -0.141093 24.520000
0.199401 -0.125515 24.520000
0.208400 -0.109928 24.520000
0.217382 -0.094331 24.520000
0.226344 -0.078723 24.520000
0.235283 -0.063101 24.520000
0.244188 -0.047460 24.520000
0.253038 -0.031788 24.520000
0.261762 -0.016045 24.520000
0.269917 0.000000 24.520000

