0.405671 0.000000 49.430000
0.393281 0.024045 49.430000
0.380107 0.047670 49.430000
0.366763 0.071199 49.430000
0.353345 0.094685 49.430000
0.339885 0.118148 49.430000
0.326396 0.141594 49.430000
0.312887 0.165029 49.430000
0.299363 0.188454 49.430000
0.285822 0.211870 49.430000
0.272261 0.235275 49.430000
0.258673 0.258663 49.430000
0.245041 0.282027 49.430000
0.231337 0.305348 49.430000
0.217464 0.328569 49.430000
0.202835 0.351321 49.430000
0.175817 0.352614 49.430000
0.148770 0.353017 49.430000
0.121722 0.353226 49.430000
0.094673 0.353349 49.430000
0.067623 0.353422 49.430000
0.040574 0.353464 49.430000
0.013525 0.353483 49.430000
-0.013525 0.353483 49.430000
-0.040574 0.353464 49.430000
-0.067623 0.353422 49.430000
-0.094673 0.353349 49.430000
-0.121722 0.353226 49.430000
-0.148770 0.353017 49.430000
-0.175817 0.352614 49.430000
-0.202835 0.351321 49.430000
-0.217464 0.328569 49.430000
-0.231337 0.305348 49.430000
-0.245041 0.282027 49.430000
-0.258673 0.258663 49.430000
-0.272261 0.235275 49.430000
-0.285822 0.211870 49.430000
-0.299363 0.188454 49.430000
-0.312887 0.165029 49.430000
-0.326396 0.141594 49.430000
-0.339885 0.118148 49.430000
-0.353345 0.094685 49.430000
-0.366763 0.071199 49.430000
-0.380107 0.047670 49.430000
-0.393281 0.024045 49.430000
-0.405671 0.000000 49.430000
-0.393281 -0.024045 49.430000
-0.380107 -0.047670 49.430000
-0.366763 -0.071199 49.430000
-0.353345 -0.094685 49.430000
-0.339885 -0.118148 49.430000
-0.326396 -0.141594 49.430000
-0.312887 -0.165029 49.430000
-0.299363 -0.188454 49.430000
-0.285822 -0.211870 49.430000
-0.272261 -0.235275 49.430000
-0.258673 -0.258663 49.430000
-0.245041 -0.282027 49.430000
-0.231337 -0.305348 49.430000
-0.217464 -0.328569 49.430000
-0.202835 -0.351321 49.430000
-0.175817 -0.352614 49.430000
-0.148770 -0.353017 49.430000
-0.121722 -0.353226 49.430000
-0.094673 -0.353349 49.430000
-0.067623 -0.353422 49.430000
-0.040574 -0.353464 49.430000
-0.013525 -0.353483 49.430000
0.013525 -0.353483 49.430000
0.040574 -0.353464 49.430000
0.067623 -0.353422 49.430000
0.094673 -0.353349 49.430000
0.121722 -0.353226 49.430000
0.148770 -0.353017 49.430000
0.175817 -0.352614 49.430000
0.202835 -0.351321 49.430000
0.217464 -0.328569 49.430000
0.231337 -0.305348 49.430000
0.245041 -0.282027 49.430000
0.258673 -0.258663 49.430000
0.272261 -0.235275 49.430000
0.285822 -0.211870 49.430000
0.299363 -0.188454 49.430000
0.312887 -0.165029 49.430000
0.326396 -0.141594 49.430000
0.339885 -0.118148 49.430000
0.353345 -0.094685 49.430000
0.366763 -0.071199 49.430000
0.380107 -0.047670 49.430000
0.393281 -0.024045 49.430000
0.405671 0.000000 49.430000

