0.399823 0.000000 48.240000
0.387617 0.023701 48.240000
0.374636 0.046987 48.240000
0.361486 0.070178 48.240000
0.348263 0.093327 48.240000
0.334997 0.116451 48.240000
0.321704 0.139560 48.240000
0.308391 0.162658 48.240000
0.295061 0.185745 48.240000
0.281715 0.208824 48.240000
0.268349 0.231891 48.240000
0.254955 0.254941 48.240000
0.241519 0.277967 48.240000
0.228009 0.300951 48.240000
0.214334 0.323836 48.240000
0.199912 0.346257 48.240000
0.173283 0.347537 48.240000
0.146626 0.347937 48.240000
0.119968 0.348145 48.240000
0.093308 0.348268 48.240000
0.066649 0.348342 48.240000
0.039989 0.348384 48.240000
0.013330 0.348403 48.240000
-0.013330 0.348403 48.240000
-0.039989 0.348384 48.240000
-0.066649 0.348342 48.240000
-0.093308 0.348268 48.240000
-0.119968 0.348145 48.240000
-0.146626 0.347937 48.240000
-0.173283 0.347537 48.240000
-0.199912 0.346257 48.240000
-0.214334 0.323836 48.240000
-0.228009 0.300951 48.240000
-0.241519 0.277967 48.240000
-0.254955 0.254941 48.240000
-0.268349 0.231891 48.240000
-0.281715 0.208824 48.240000
-0.295061 0.185745 48.240000
-0.308391 0.162658 48.240000
-0.321704 0.139560 48.240000
-0.334997 0.116451 48.240000
-0.348263 0.093327 48.240000
-0.361486 0.070178 48.240000
-0.374636 0.046987 48.240000
-0.387617 0.023701 48.240000
-0.399823 0.000000 48.240000
-0.387617 -0.023701 48.240000
-0.374636 -0.046987 48.240000
-0.361486 -0.070178 48.240000
-0.348263 -0.093327 48.240000
-0.334997 -0.116451 48.240000
-0.321704 -0.139560 48.240000
-0.308391 -0.162658 48.240000
-0.295061 -0.185745 48.240000
-0.281715 -0.208824 48.240000
-0.268349 -0.231891 48.240000
-0.254955 -0.254941 48.240000
-0.241519 -0.277967 48.240000
-0.228009 -0.300951 48.240000
-0.214334 -0.323836 48.240000
-0.199912 -0.346257 48.240000
-0.173283 -0.347537 48.240000
-0.146626 -0.347937 48.240000
-0.119968 -0.348145 48.240000
-0.093308 -0.348268 48.240000
-0.066649 -0.348342 48.240000
-0.039989 -0.348384 48.240000
-0.013330 -0.348403 48.240000
0.013330 -0.348403 48.240000
0.039989 -0.348384 48.240000
0.066649 -0.348342 48.240000
0.093308 -0.348268 48.240000
0.119968 -0.348145 48.240000
0.146626 -0.347937 48.240000
0.173283 -0.347537 48.240000
0.199912 -0.346257 48.240000
0.214334 -0.323836 48.240000
0.228009 -0.300951 48.240000
0.241519 -0.277967 48.240000
0.254955 -0.254941 48.240000
0.268349 -0.231891 48.240000
0.281715 -0.208824 48.240000
0.295061 -0.185745 48.240000
0.308391 -0.162658 48.240000
0.321704 -0.139560 48.240000
0.334997 -0.116451 48.240000
0.348263 -0.093327 48.240000
0.361486 -0.070178 48.240000
0.374636 -0.046987 48.240000
0.387617 -0.023701 48.240000
0.399823 0.000000 48.240000

