0.381730 0.000000 44.620000
0.370092 0.022637 44.620000
0.357705 0.044873 44.620000
0.345156 0.067017 44.620000
0.332535 0.089121 44.620000
0.319874 0.111202 44.620000
0.307184 0.133267 44.620000
0.294475 0.155320 44.620000
0.281748 0.177363 44.620000
0.269004 0.199396 44.620000
0.256240 0.221418 44.620000
0.243449 0.243423 44.620000
0.230616 0.265405 44.620000
0.217713 0.287345 44.620000
0.204650 0.309191 44.620000
0.190865 0.330588 44.620000
0.165442 0.331827 44.620000
0.139992 0.332218 44.620000
0.114539 0.332422 44.620000
0.089086 0.332545 44.620000
0.063633 0.332620 44.620000
0.038180 0.332663 44.620000
0.012727 0.332682 44.620000
-0.012727 0.332682 44.620000
-0.038180 0.332663 44.620000
-0.063633 0.332620 44.620000
-0.089086 0.332545 44.620000
-0.114539 0.332422 44.620000
-0.139992 0.332218 44.620000
-0.165442 0.331827 44.620000
-0.190865 0.330588 44.620000
-0.204650 0.309191 44.620000
-0.217713 0.287345 44.620000
-0.230616 0.265405 44.620000
-0.243449 0.243423 44.620000
-0.256240 0.221418 44.620000
-0.269004 0.199396 44.620000
-0.281748 0.177363 44.620000
-0.294475 0.155320 44.620000
-0.307184 0.133267 44.620000
-0.319874 0.111202 44.620000
-0.332535 0.089121 44.620000
-0.345156 0.067017 44.620000
-0.357705 0.044873 44.620000
-0.370092 0.022637 44.620000
-0.381730 0.000000 44.620000
-0.370092 -0.022637 44.620000
-0.357705 -0.044873 44.620000
-0.345156 -0.067017 44.620000
-0.332535 -0.089121 44.620000
-0.319874 -0.111202 44.620000
-0.307184 -0.133267 44.620000
-0.294475 -0.155320 44.620000
-0.281748 -0.177363 44.620000
-0.269004 -0.199396 44.620000
-0.256240 -0.221418 44.620000
-0.243449 -0.243423 44.620000
-0.230616 -0.265405 44.620000
-0.217713 -0.287345 44.620000
-0.204650 -0.309191 44.620000
-0.190865 -0.330588 44.620000
-0.165442 -0.331827 44.620000
-0.139992 -0.332218 44.620000
-0.114539 -0.332422 44.620000
-0.089086 -0.332545 44.620000
-0.063633 -0.332620 44.620000
-0.038180 -0.332663 44.620000
-0.012727 -0.332682 44.620000
0.012727 -0.332682 44.620000
0.038180 -0.332663 44.620000
0.063633 -0.332620 44.620000
0.089086 -0.332545 44.620000
0.114539 -0.332422 44.620000
0.139992 -0.332218 44.620000
0.165442 -0.331827 44.620000
0.190865 -0.330588 44.620000
0.204650 -0.309191 44.620000
0.217713 -0.287345 44.620000
0.230616 -0.265405 44.620000
0.243449 -0.243423 44.620000
0.256240 -0.221418 44.620000
0.269004 -0.199396 44.620000
0.281748 -0.177363 44.620000
0.294475 -0.155320 44.620000
0.307184 -0.133267 44.620000
0.319874 -0.111202 44.620000
0.332535 -0.089121 44.620000
0.345156 -0.067017 44.620000
0.357705 -0.044873 44.620000
0.370092 -0.022637 44.620000
0.381730 0.000000 44.620000

