0.403563 0.000000 49.000000
0.391240 0.023921 49.000000
0.378135 0.047423 49.000000
0.364861 0.070831 49.000000
0.351514 0.094196 49.000000
0.338123 0.117536 49.000000
0.324705 0.140861 49.000000
0.311267 0.164174 49.000000
0.297812 0.187478 49.000000
0.284342 0.210772 49.000000
0.270851 0.234055 49.000000
0.257333 0.257322 49.000000
0.243772 0.280564 49.000000
0.230137 0.303763 49.000000
0.216336 0.326863 49.000000
0.201782 0.349496 49.000000
0.174904 0.350784 49.000000
0.147998 0.351186 49.000000
0.121090 0.351395 49.000000
0.094181 0.351517 49.000000
0.067272 0.351591 49.000000
0.040363 0.351633 49.000000
0.013454 0.351652 49.000000
-0.013454 0.351652 49.000000
-0.040363 0.351633 49.000000
-0.067272 0.351591 49.000000
-0.094181 0.351517 49.000000
-0.121090 0.351395 49.000000
-0.147998 0.351186 49.000000
-0.174904 0.350784 49.000000
-0.201782 0.349496 49.000000
-0.216336 0.326863 49.000000
-0.230137 0.303763 49.000000
-0.243772 0.280564 49.000000
-0.257333 0.257322 49.000000
-0.270851 0.234055 49.000000
-0.284342 0.210772 49.000000
-0.297812 0.187478 49.000000
-0.311267 0.164174 49.000000
-0.324705 0.140861 49.000000
-0.338123 0.117536 49.000000
-0.351514 0.094196 49.000000
-0.364861 0.070831 49.000000
-0.378135 0.047423 49.000000
-0.391240 0.023921 49.000000
-0.403563 0.000000 49.000000
-0.391240 -0.023921 49.000000
-0.378135 -0.047423 49.000000
-0.364861 -0.070831 49.000000
-0.351514 -0.094196 49.000000
-0.338123 -0.117536 49.000000
-0.324705 -0.140861 49.000000
-0.311267 -0.164174 49.000000
-0.297812 -0.187478 49.000000
-0.284342 -0.210772 49.000000
-0.270851 -0.234055 49.000000
-0.257333 -0.257322 49.000000
-0.243772 -0.280564 49.000000
-0.230137 -0.303763 49.000000
-0.216336 -0.326863 49.000000
-0.201782 -0.349496 49.000000
-0.174904 -0.350784 49.000000
-0.147998 -0.351186 49.000000
-0.121090 -0.351395 49.000000
-0.094181 -0.351517 49.000000
-0.067272 -0.351591 49.000000
-0.040363 -0.351633 49.000000
-0.013454 -0.351652 49.000000
0.013454 -0.351652 49.000000
0.040363 -0.351633 49.000000
0.067272 -0.351591 49.000000
0.094181 -0.351517 49.000000
0.121090 -0.351395 49.000000
0.147998 -0.351186 49.000000
0.174904 -0.350784 49.000000
0.201782 -0.349496 49.000000
0.216336 -0.326863 49.000000
0.230137 -0.303763 49.000000
0.243772 -0.280564 49.000000
0.257333 -0.257322 49.000000
0.270851 -0.234055 49.000000
0.284342 -0.210772 49.000000
0.297812 -0.187478 49.000000
0.311267 -0.164174 49.000000
0.324705 -0.140861 49.000000
0.338123 -0.117536 49.000000
0.351514 -0.094196 49.000000
0.364861 -0.070831 49.000000
0.378135 -0.047423 49.000000
0.391240 -0.023921 49.000000
0.403563 0.000000 49.000000

