0.239081 0.000000 19.740000
0.231878 0.014223 19.740000
0.224159 0.028172 19.740000
0.216326 0.042057 19.740000
0.208443 0.055914 19.740000
0.200529 0.069754 19.740000
0.192593 0.083580 19.740000
0.184638 0.097396 19.740000
0.176667 0.111203 19.740000
0.168679 0.125000 19.740000
0.160673 0.138786 19.740000
0.152645 0.152560 19.740000
0.144586 0.166316 19.740000
0.136477 0.180042 19.740000
0.128256 0.193701 19.740000
0.119540 0.207050 19.740000
0.103622 0.207924 19.740000
0.087682 0.208214 19.740000
0.071740 0.208373 19.740000
0.055798 0.208474 19.740000
0.039856 0.208540 19.740000
0.023914 0.208580 19.740000
0.007971 0.208599 19.740000
-0.007971 0.208599 19.740000
-0.023914 0.208580 19.740000
-0.039856 0.208540 19.740000
-0.055798 0.208474 19.740000
-0.071740 0.208373 19.740000
-0.087682 0.208214 19.740000
-0.103622 0.207924 19.740000
-0.119540 0.207050 19.740000
-0.128256 0.193701 19.740000
-0.136477 0.180042 19.740000
-0.144586 0.166316 19.740000
-0.152645 0.152560 19.740000
-0.160673 0.138786 19.740000
-0.168679 0.125000 19.740000
-0.176667 0.111203 19.740000
-0.184638 0.097396 19.740000
-0.192593 0.083580 19.740000
-0.200529 0.069754 19.740000
-0.208443 0.055914 19.740000
-0.216326 0.042057 19.740000
-0.224159 0.028172 19.740000
-0.231878 0.014223 19.740000
-0.239081 0.000000 19.740000
-0.231878 -0.014223 19.740000
-0.224159 -0.028172 19.740000
-0.216326 -0.042057 19.740000
-0.208443 -0.055914 19.740000
-0.200529 -0.069754 19.740000
-0.192593 -0.083580 19.740000
-0.184638 -0.097396 19.740000
-0.176667 -0.111203 19.740000
-0.168679 -0.125000 19.740000
-0.160673 -0.138786 19.740000
-0.152645 -0.152560 19.740000
-0.144586 -0.166316 19.740000
-0.136477 -0.180042 19.740000
-0.128256 -0.193701 19.740000
-0.119540 -0.207050 19.740000
-0.103622 -0.207924 19.740000
-0.087682 -0.208214 19.740000
-0.071740 -0.208373 19.740000
-0.055798 -0.208474 19.740000
-0.039856 -0.208540 19.740000
-0.023914 -0.208580 19.740000
-0.007971 -0.208599 19.740000
0.007971 -0.208599 19.740000
0.023914 -0.208580 19.740000
0.039856 -0.208540 19.740000
0.055798 -0.208474 19.740000
0.071740 -0.208373 19.740000
0.087682 -0.208214 19.740000
0.103622 -0.207924 19.740000
0.119540 -0.207050 19.740000
0.128256 -0.193701 19.740000
0.136477 -0.180042 19.740000
0.144586 -0.166316 19.740000
0.152645 -0.152560 19.740000
0.160673 -0.138786 19.740000
0.168679 -0.125000 19.740000
0.176667 -0.111203 19.740000
0.184638 -0.097396 19.740000
0.192593 -0.083580 19.740000
0.200529 -0.069754 19.740000
0.208443 -0.055914 19.740000
0.216326 -0.042057 19.740000
0.224159 -0.028172 19.740000
0.231878 -0.014223 19.740000
0.239081 0.000000 19.740000

