0.249469 0.000000 21.310000
0.241946 0.014837 21.310000
0.233888 0.029390 21.310000
0.225713 0.043878 21.310000
0.217486 0.058336 21.310000
0.209226 0.072776 21.310000
0.200944 0.087203 21.310000
0.192644 0.101619 21.310000
0.184326 0.116025 21.310000
0.175992 0.130422 21.310000
0.167639 0.144808 21.310000
0.159263 0.159180 21.310000
0.150856 0.173534 21.310000
0.142397 0.187858 21.310000
0.133822 0.202113 21.310000
0.124734 0.216046 21.310000
0.108124 0.216950 21.310000
0.091491 0.217248 21.310000
0.074857 0.217412 21.310000
0.058222 0.217516 21.310000
0.041588 0.217583 21.310000
0.024953 0.217624 21.310000
0.008318 0.217644 21.310000
-0.008318 0.217644 21.310000
-0.024953 0.217624 21.310000
-0.041588 0.217583 21.310000
-0.058222 0.217516 21.310000
-0.074857 0.217412 21.310000
-0.091491 0.217248 21.310000
-0.108124 0.216950 21.310000
-0.124734 0.216046 21.310000
-0.133822 0.202113 21.310000
-0.142397 0.187858 21.310000
-0.150856 0.173534 21.310000
-0.159263 0.159180 21.310000
-0.167639 0.144808 21.310000
-0.175992 0.130422 21.310000
-0.184326 0.116025 21.310000
-0.192644 0.101619 21.310000
-0.200944 0.087203 21.310000
-0.209226 0.072776 21.310000
-0.217486 0.058336 21.310000
-0.225713 0.043878 21.310000
-0.233888 0.029390 21.310000
-0.241946 0.014837 21.310000
-0.249469 0.000000 21.310000
-0.241946 -0.014837 21.310000
-0.233888 -0.029390 21.310000
-0.225713 -0.043878 21.310000
-0.217486 -0.058336 21.310000
-0.209226 -0.072776 21.310000
-0.200944 -0.087203 21.310000
-0.192644 -0.101619 21.310000
-0.184326 -0.116025 21.310000
-0.175992 -0.130422 21.310000
-0.167639 -0.144808 21.310000
-0.159263 -0.159180 21.310000
-0.150856 -0.173534 21.310000
-0.142397 -0.187858 21.310000
-0.133822 -0.202113 21.310000
-0.124734 -0.216046 21.310000
-0.108124 -0.216950 21.310000
-0.091491 -0.217248 21.310000
-0.074857 -0.217412 21.310000
-0.058222 -0.217516 21.310000
-0.041588 -0.217583 21.310000
-0.024953 -0.217624 21.310000
-0.008318 -0.217644 21.310000
0.008318 -0.217644 21.310000
0.024953 -0.217624 21.310000
0.041588 -0.217583 21.310000
0.058222 -0.217516 21.310000
0.074857 -0.217412 21.310000
0.091491 -0.217248 21.310000
0.108124 -0.216950 21.310000
0.124734 -0.216046 21.310000
0.133822 -0.202113 21.310000
0.142397 -0.187858 21.310000
0.150856 -0.173534 21.310000
0.159263 -0.159180 21.310000
0.167639 -0.144808 21.310000
0.175992 -0.130422 21.310000
0.184326 -0.116025 21.310000
0.192644 -0.101619 21.310000
0.200944 -0.087203 21.310000
0.209226 -0.072776 21.310000
0.217486 -0.058336 21.310000
0.225713 -0.043878 21.310000
0.233888 -0.029390 21.310000
0.241946 -0.014837 21.310000
0.249469 0.000000 21.310000

