0.328989 0.000000 34.630000
0.319000 0.019531 34.630000
0.308343 0.038705 34.630000
0.297541 0.057798 34.630000
0.286675 0.076855 34.630000
0.275771 0.095890 34.630000
0.264841 0.114910 34.630000
0.253891 0.133919 34.630000
0.242922 0.152917 34.630000
0.231936 0.171904 34.630000
0.220929 0.190880 34.630000
0.209896 0.209840 34.630000
0.198825 0.228779 34.630000
0.187691 0.247680 34.630000
0.176414 0.266497 34.630000
0.164495 0.284913 34.630000
0.142586 0.286027 34.630000
0.120652 0.286386 34.630000
0.098716 0.286577 34.630000
0.076779 0.286696 34.630000
0.054842 0.286770 34.630000
0.032905 0.286814 34.630000
0.010968 0.286835 34.630000
-0.010968 0.286835 34.630000
-0.032905 0.286814 34.630000
-0.054842 0.286770 34.630000
-0.076779 0.286696 34.630000
-0.098716 0.286577 34.630000
-0.120652 0.286386 34.630000
-0.142586 0.286027 34.630000
-0.164495 0.284913 34.630000
-0.176414 0.266497 34.630000
-0.187691 0.247680 34.630000
-0.198825 0.228779 34.630000
-0.209896 0.209840 34.630000
-0.220929 0.190880 34.630000
-0.231936 0.171904 34.630000
-0.242922 0.152917 34.630000
-0.253891 0.133919 34.630000
-0.264841 0.114910 34.630000
-0.275771 0.095890 34.630000
-0.286675 0.076855 34.630000
-0.297541 0.057798 34.630000
-0.308343 0.038705 34.630000
-0.319000 0.019531 34.630000
-0.328989 0.000000 34.630000
-0.319000 -0.019531 34.630000
-0.308343 -0.038705 34.630000
-0.297541 -0.057798 34.630000
-0.286675 -0.076855 34.630000
-0.275771 -0.095890 34.630000
-0.264841 -0.114910 34.630000
-0.253891 -0.133919 34.630000
-0.242922 -0.152917 34.630000
-0.231936 -0.171904 34.630000
-0.220929 -0.190880 34.630000
-0.209896 -0.209840 34.630000
-0.198825 -0.228779 34.630000
-0.187691 -0.247680 34.630000
-0.176414 -0.266497 34.630000
-0.164495 -0.284913 34.630000
-0.142586 -0.286027 34.630000
-0.120652 -0.286386 34.630000
-0.098716 -0.286577 34.630000
-0.076779 -0.286696 34.630000
-0.054842 -0.286770 34.630000
-0.032905 -0.286814 34.630000
-0.010968 -0.286835 34.630000
0.010968 -0.286835 34.630000
0.032905 -0.286814 34.630000
0.054842 -0.286770 34.630000
0.076779 -0.286696 34.630000
0.098716 -0.286577 34.630000
0.120652 -0.286386 34.630000
0.142586 -0.286027 34.630000
0.164495 -0.284913 34.630000
0.176414 -0.266497 34.630000
0.187691 -0.247680 34.630000
0.198825 -0.228779 34.630000
0.209896 -0.209840 34.630000
0.220929 -0.190880 34.630000
0.231936 -0.171904 34.630000
0.242922 -0.152917 34.630000
0.253891 -0.133919 34.630000
0.264841 -0.114910 34.630000
0.275771 -0.095890 34.630000
0.286675 -0.076855 34.630000
0.297541 -0.057798 34.630000
0.308343 -0.038705 34.630000
0.319000 -0.019531 34.630000
0.328989 0.000000 34.630000

