0.311657 0.000000 31.540000
0.302207 0.018509 31.540000
0.292118 0.036677 31.540000
0.281889 0.054766 31.540000
0.271599 0.072821 31.540000
0.261272 0.090855 31.540000
0.250920 0.108874 31.540000
0.240547 0.126882 31.540000
0.230156 0.144879 31.540000
0.219748 0.162866 31.540000
0.209319 0.180841 31.540000
0.198864 0.198801 31.540000
0.188374 0.216740 31.540000
0.177822 0.234643 31.540000
0.167132 0.252465 31.540000
0.155828 0.269903 31.540000
0.135075 0.270973 31.540000
0.114296 0.271320 31.540000
0.093516 0.271506 31.540000
0.072735 0.271622 31.540000
0.051953 0.271696 31.540000
0.031172 0.271740 31.540000
0.010391 0.271761 31.540000
-0.010391 0.271761 31.540000
-0.031172 0.271740 31.540000
-0.051953 0.271696 31.540000
-0.072735 0.271622 31.540000
-0.093516 0.271506 31.540000
-0.114296 0.271320 31.540000
-0.135075 0.270973 31.540000
-0.155828 0.269903 31.540000
-0.167132 0.252465 31.540000
-0.177822 0.234643 31.540000
-0.188374 0.216740 31.540000
-0.198864 0.198801 31.540000
-0.209319 0.180841 31.540000
-0.219748 0.162866 31.540000
-0.230156 0.144879 31.540000
-0.240547 0.126882 31.540000
-0.250920 0.108874 31.540000
-0.261272 0.090855 31.540000
-0.271599 0.072821 31.540000
-0.281889 0.054766 31.540000
-0.292118 0.036677 31.540000
-0.302207 0.018509 31.540000
-0.311657 0.000000 31.540000
-0.302207 -0.018509 31.540000
-0.292118 -0.036677 31.540000
-0.281889 -0.054766 31.540000
-0.271599 -0.072821 31.540000
-0.261272 -0.090855 31.540000
-0.250920 -0.108874 31.540000
-0.240547 -0.126882 31.540000
-0.230156 -0.144879 31.540000
-0.219748 -0.162866 31.540000
-0.209319 -0.180841 31.540000
-0.198864 -0.198801 31.540000
-0.188374 -0.216740 31.540000
-0.177822 -0.234643 31.540000
-0.167132 -0.252465 31.540000
-0.155828 -0.269903 31.540000
-0.135075 -0.270973 31.540000
-0.114296 -0.271320 31.540000
-0.093516 -0.271506 31.540000
-0.072735 -0.271622 31.540000
-0.051953 -0.271696 31.540000
-0.031172 -0.271740 31.540000
-0.010391 -0.271761 31.540000
0.010391 -0.271761 31.540000
0.031172 -0.271740 31.540000
0.051953 -0.271696 31.540000
0.072735 -0.271622 31.540000
0.093516 -0.271506 31.540000
0.114296 -0.271320 31.540000
0.135075 -0.270973 31.540000
0.155828 -0.269903 31.540000
0.167132 -0.252465 31.540000
0.177822 -0.234643 31.540000
0.188374 -0.216740 31.540000
0.198864 -0.198801 31.540000
0.209319 -0.180841 31.540000
0.219748 -0.162866 31.540000
0.230156 -0.144879 31.540000
0.240547 -0.126882 31.540000
0.250920 -0.108874 31.540000
0.261272 -0.090855 31.540000
0.271599 -0.072821 31.540000
0.281889 -0.054766 31.540000
0.292118 -0.036677 31.540000
0.302207 -0.018509 31.540000
0.311657 0.000000 31.540000

