0.189236 0.000000 12.810000
0.183563 0.011272 12.810000
0.177466 0.022320 12.810000
0.171273 0.033315 12.810000
0.165039 0.044287 12.810000
0.158779 0.055243 12.810000
0.152500 0.066189 12.810000
0.146205 0.077126 12.810000
0.139895 0.088054 12.810000
0.133571 0.098974 12.810000
0.127232 0.109885 12.810000
0.120873 0.120785 12.810000
0.114488 0.131670 12.810000
0.108062 0.142530 12.810000
0.101543 0.153335 12.810000
0.094618 0.163884 12.810000
0.082020 0.164607 12.810000
0.069403 0.164850 12.810000
0.056785 0.164985 12.810000
0.044166 0.165071 12.810000
0.031547 0.165128 12.810000
0.018928 0.165163 12.810000
0.006309 0.165180 12.810000
-0.006309 0.165180 12.810000
-0.018928 0.165163 12.810000
-0.031547 0.165128 12.810000
-0.044166 0.165071 12.810000
-0.056785 0.164985 12.810000
-0.069403 0.164850 12.810000
-0.082020 0.164607 12.810000
-0.094618 0.163884 12.810000
-0.101543 0.153335 12.810000
-0.108062 0.142530 12.810000
-0.114488 0.131670 12.810000
-0.120873 0.120785 12.810000
-0.127232 0.109885 12.810000
-0.133571 0.098974 12.810000
-0.139895 0.088054 12.810000
-0.146205 0.077126 12.810000
-0.152500 0.066189 12.810000
-0.158779 0.055243 12.810000
-0.165039 0.044287 12.810000
-0.171273 0.033315 12.810000
-0.177466 0.022320 12.810000
-0.183563 0.011272 12.810000
-0.189236 0.000000 12.810000
-0.183563 -0.011272 12.810000
-0.177466 -0.022320 12.810000
-0.171273 -0.033315 12.810000
-0.165039 -0.044287 12.810000
-0.158779 -0.055243 12.810000
-0.152500 -0.066189 12.810000
-0.146205 -0.077126 12.810000
-0.139895 -0.088054 12.810000
-0.133571 -0.098974 12.810000
-0.127232 -0.109885 12.810000
-0.120873 -0.120785 12.810000
-0.114488 -0.131670 12.810000
-0.108062 -0.142530 12.810000
-0.101543 -0.153335 12.810000
-0.094618 -0.163884 12.810000
-0.082020 -0.164607 12.810000
-0.069403 -0.164850 12.810000
-0.056785 -0.164985 12.810000
-0.044166 -0.165071 12.810000
-0.031547 -0.165128 12.810000
-0.018928 -0.165163 12.810000
-0.006309 -0.165180 12.810000
0.006309 -0.165180 12.810000
0.018928 -0.165163 12.810000
0.031547 -0.165128 12.810000
0.044166 -0.165071 12.810000
0.056785 -0.164985 12.810000
0.069403 -0.164850 12.810000
0.082020 -0.164607 12.810000
0.094618 -0.163884 12.810000
0.101543 -0.153335 12.810000
0.108062 -0.142530 12.810000
0.114488 -0.131670 12.810000
0.120873 -0.120785 12.810000
0.127232 -0.109885 12.810000
0.133571 -0.098974 12.810000
0.139895 -0.088054 12.810000
0.146205 -0.077126 12.810000
0.152500 -0.066189 12.810000
0.158779 -0.055243 12.810000
0.165039 -0.044287 12.810000
0.171273 -0.033315 12.810000
0.177466 -0.022320 12.810000
0.183563 -0.011272 12.810000
0.189236 0.000000 12.810000

