0.154176 -0.000000 8.580000
0.149571 0.009192 8.580000
0.144610 0.018197 8.580000
0.139569 0.027158 8.580000
0.134493 0.036099 8.580000
0.129395 0.045027 8.580000
0.124281 0.053946 8.580000
0.119152 0.062857 8.580000
0.114012 0.071761 8.580000
0.108859 0.080657 8.580000
0.103692 0.089546 8.580000
0.098509 0.098425 8.580000
0.093304 0.107292 8.580000
0.088064 0.116137 8.580000
0.082746 0.124936 8.580000
0.077088 0.133520 8.580000
0.066825 0.134128 8.580000
0.056546 0.134335 8.580000
0.046265 0.134450 8.580000
0.035984 0.134524 8.580000
0.025703 0.134573 8.580000
0.015422 0.134603 8.580000
0.005141 0.134618 8.580000
-0.005141 0.134618 8.580000
-0.015422 0.134603 8.580000
-0.025703 0.134573 8.580000
-0.035984 0.134524 8.580000
-0.046265 0.134450 8.580000
-0.056546 0.134335 8.580000
-0.066825 0.134128 8.580000
-0.077088 0.133520 8.580000
-0.082746 0.124936 8.580000
-0.088064 0.116137 8.580000
-0.093304 0.107292 8.580000
-0.098509 0.098425 8.580000
-0.103692 0.089546 8.580000
-0.108859 0.080657 8.580000
-0.114012 0.071761 8.580000
-0.119152 0.062857 8.580000
-0.124281 0.053946 8.580000
-0.129395 0.045027 8.580000
-0.134493 0.036099 8.580000
-0.139569 0.027158 8.580000
-0.144610 0.018197 8.580000
-0.149571 0.009192 8.580000
-0.154176 -0.000000 8.580000
-0.149571 -0.009192 8.580000
-0.144610 -0.018197 8.580000
-0.139569 -0.027158 8.580000
-0.134493 -0.036099 8.580000
-0.129395 -0.045027 8.580000
-0.124281 -0.053946 8.580000
-0.119152 -0.062857 8.580000
-0.114012 -0.071761 8.580000
-0.108859 -0.080657 8.580000
-0.103692 -0.089546 8.580000
-0.098509 -0.098425 8.580000
-0.093304 -0.107292 8.580000
-0.088064 -0.116137 8.580000
-0.082746 -0.124936 8.580000
-0.077088 -0.133520 8.580000
-0.066825 -0.134128 8.580000
-0.056546 -0.134335 8.580000
-0.046265 -0.134450 8.580000
-0.035984 -0.134524 8.580000
-0.025703 -0.134573 8.580000
-0.015422 -0.134603 8.580000
-0.005141 -0.134618 8.580000
0.005141 -0.134618 8.580000
0.015422 -0.134603 8.580000
0.025703 -0.134573 8.580000
0.035984 -0.134524 8.580000
0.046265 -0.134450 8.580000
0.056546 -0.134335 8.580000
0.066825 -0.134128 8.580000
0.077088 -0.133520 8.580000
0.082746 -0.124936 8.580000
0.088064 -0.116137 8.580000
0.093304 -0.107292 8.580000
0.098509 -0.098425 8.580000
0.103692 -0.089546 8.580000
0.108859 -0.080657 8.580000
0.114012 -0.071761 8.580000
0.119152 -0.062857 8.580000
0.124281 -0.053946 8.580000
0.129395 -0.045027 8.580000
0.134493 -0.036099 8.580000
0.139569 -0.027158 8.580000
0.144610 -0.018197 8.580000
0.149571 -0.009192 8.580000
0.154176 -0.000000 8.580000

