0.200235 0.000000 14.250000
0.194225 0.011924 14.250000
0.187770 0.023612 14.250000
0.181216 0.035245 14.250000
0.174618 0.046853 14.250000
0.167994 0.058446 14.250000
0.161349 0.070028 14.250000
0.154688 0.081600 14.250000
0.148012 0.093164 14.250000
0.141320 0.104718 14.250000
0.134613 0.116264 14.250000
0.127886 0.127797 14.250000
0.121131 0.139315 14.250000
0.114334 0.150808 14.250000
0.107439 0.162242 14.250000
0.100117 0.173408 14.250000
0.086786 0.174166 14.250000
0.073437 0.174420 14.250000
0.060085 0.174561 14.250000
0.046733 0.174651 14.250000
0.033381 0.174710 14.250000
0.020028 0.174746 14.250000
0.006676 0.174764 14.250000
-0.006676 0.174764 14.250000
-0.020028 0.174746 14.250000
-0.033381 0.174710 14.250000
-0.046733 0.174651 14.250000
-0.060085 0.174561 14.250000
-0.073437 0.174420 14.250000
-0.086786 0.174166 14.250000
-0.100117 0.173408 14.250000
-0.107439 0.162242 14.250000
-0.114334 0.150808 14.250000
-0.121131 0.139315 14.250000
-0.127886 0.127797 14.250000
-0.134613 0.116264 14.250000
-0.141320 0.104718 14.250000
-0.148012 0.093164 14.250000
-0.154688 0.081600 14.250000
-0.161349 0.070028 14.250000
-0.167994 0.058446 14.250000
-0.174618 0.046853 14.250000
-0.181216 0.035245 14.250000
-0.187770 0.023612 14.250000
-0.194225 0.011924 14.250000
-0.200235 0.000000 14.250000
-0.194225 -0.011924 14.250000
-0.187770 -0.023612 14.250000
-0.181216 -0.035245 14.250000
-0.174618 -0.046853 14.250000
-0.167994 -0.058446 14.250000
-0.161349 -0.070028 14.250000
-0.154688 -0.081600 14.250000
-0.148012 -0.093164 14.250000
-0.141320 -0.104718 14.250000
-0.134613 -0.116264 14.250000
-0.127886 -0.127797 14.250000
-0.121131 -0.139315 14.250000
-0.114334 -0.150808 14.250000
-0.107439 -0.162242 14.250000
-0.100117 -0.173408 14.250000
-0.086786 -0.174166 14.250000
-0.073437 -0.174420 14.250000
-0.060085 -0.174561 14.250000
-0.046733 -0.174651 14.250000
-0.033381 -0.174710 14.250000
-0.020028 -0.174746 14.250000
-0.006676 -0.174764 14.250000
0.006676 -0.174764 14.250000
0.020028 -0.174746 14.250000
0.033381 -0.174710 14.250000
0.046733 -0.174651 14.250000
0.060085 -0.174561 14.250000
0.073437 -0.174420 14.250000
0.086786 -0.174166 14.250000
0.100117 -0.173408 14.250000
0.107439 -0.162242 14.250000
0.114334 -0.150808 14.250000
0.121131 -0.139315 14.250000
0.127886 -0.127797 14.250000
0.134613 -0.116264 14.250000
0.141320 -0.104718 14.250000
0.148012 -0.093164 14.250000
0.154688 -0.081600 14.250000
0.161349 -0.070028 14.250000
0.167994 -0.058446 14.250000
0.174618 -0.046853 14.250000
0.181216 -0.035245 14.250000
0.187770 -0.023612 14.250000
0.194225 -0.011924 14.250000
0.200235 0.000000 14.250000

