0.256910 0.000000 22.460000
0.249157 0.015277 22.460000
0.240857 0.030263 22.460000
0.232436 0.045182 22.460000
0.223962 0.060070 22.460000
0.215456 0.074940 22.460000
0.206926 0.089797 22.460000
0.198378 0.104643 22.460000
0.189812 0.119479 22.460000
0.181230 0.134305 22.460000
0.172628 0.149120 22.460000
0.164003 0.163922 22.460000
0.155347 0.178705 22.460000
0.146637 0.193457 22.460000
0.137809 0.208138 22.460000
0.128455 0.222490 22.460000
0.111349 0.223415 22.460000
0.094220 0.223720 22.460000
0.077090 0.223887 22.460000
0.059959 0.223992 22.460000
0.042828 0.224061 22.460000
0.025697 0.224102 22.460000
0.008566 0.224122 22.460000
-0.008566 0.224122 22.460000
-0.025697 0.224102 22.460000
-0.042828 0.224061 22.460000
-0.059959 0.223992 22.460000
-0.077090 0.223887 22.460000
-0.094220 0.223720 22.460000
-0.111349 0.223415 22.460000
-0.128455 0.222490 22.460000
-0.137809 0.208138 22.460000
-0.146637 0.193457 22.460000
-0.155347 0.178705 22.460000
-0.164003 0.163922 22.460000
-0.172628 0.149120 22.460000
-0.181230 0.134305 22.460000
-0.189812 0.119479 22.460000
-0.198378 0.104643 22.460000
-0.206926 0.089797 22.460000
-0.215456 0.074940 22.460000
-0.223962 0.060070 22.460000
-0.232436 0.045182 22.460000
-0.240857 0.030263 22.460000
-0.249157 0.015277 22.460000
-0.256910 0.000000 22.460000
-0.249157 -0.015277 22.460000
-0.240857 -0.030263 22.460000
-0.232436 -0.045182 22.460000
-0.223962 -0.060070 22.460000
-0.215456 -0.074940 22.460000
-0.206926 -0.089797 22.460000
-0.198378 -0.104643 22.460000
-0.189812 -0.119479 22.460000
-0.181230 -0.134305 22.460000
-0.172628 -0.149120 22.460000
-0.164003 -0.163922 22.460000
-0.155347 -0.178705 22.460000
-0.146637 -0.193457 22.460000
-0.137809 -0.208138 22.460000
-0.128455 -0.222490 22.460000
-0.111349 -0.223415 22.460000
-0.094220 -0.223720 22.460000
-0.077090 -0.223887 22.460000
-0.059959 -0.223992 22.460000
-0.042828 -0.224061 22.460000
-0.025697 -0.224102 22.460000
-0.008566 -0.224122 22.460000
0.008566 -0.224122 22.460000
0.025697 -0.224102 22.460000
0.042828 -0.224061 22.460000
0.059959 -0.223992 22.460000
0.077090 -0.223887 22.460000
0.094220 -0.223720 22.460000
0.111349 -0.223415 22.460000
0.128455 -0.222490 22.460000
0.137809 -0.208138 22.460000
0.146637 -0.193457 22.460000
0.155347 -0.178705 22.460000
0.164003 -0.163922 22.460000
0.172628 -0.149120 22.460000
0.181230 -0.134305 22.460000
0.189812 -0.119479 22.460000
0.198378 -0.104643 22.460000
0.206926 -0.089797 22.460000
0.215456 -0.074940 22.460000
0.223962 -0.060070 22.460000
0.232436 -0.045182 22.460000
0.240857 -0.030263 22.460000
0.249157 -0.015277 22.460000
0.256910 0.000000 22.460000

