0.374653 0.000000 43.230000
0.363236 0.022220 43.230000
0.351082 0.044045 43.230000
0.338767 0.065781 43.230000
0.326382 0.087476 43.230000
0.313957 0.109148 43.230000
0.301504 0.130804 43.230000
0.289030 0.152449 43.230000
0.276539 0.174083 43.230000
0.264031 0.195708 43.230000
0.251503 0.217320 43.230000
0.238947 0.238917 43.230000
0.226351 0.260491 43.230000
0.213685 0.282023 43.230000
0.200861 0.303462 43.230000
0.187326 0.324459 43.230000
0.162375 0.325682 43.230000
0.137396 0.326068 43.230000
0.112416 0.326271 43.230000
0.087435 0.326393 43.230000
0.062453 0.326468 43.230000
0.037472 0.326512 43.230000
0.012491 0.326532 43.230000
-0.012491 0.326532 43.230000
-0.037472 0.326512 43.230000
-0.062453 0.326468 43.230000
-0.087435 0.326393 43.230000
-0.112416 0.326271 43.230000
-0.137396 0.326068 43.230000
-0.162375 0.325682 43.230000
-0.187326 0.324459 43.230000
-0.200861 0.303462 43.230000
-0.213685 0.282023 43.230000
-0.226351 0.260491 43.230000
-0.238947 0.238917 43.230000
-0.251503 0.217320 43.230000
-0.264031 0.195708 43.230000
-0.276539 0.174083 43.230000
-0.289030 0.152449 43.230000
-0.301504 0.130804 43.230000
-0.313957 0.109148 43.230000
-0.326382 0.087476 43.230000
-0.338767 0.065781 43.230000
-0.351082 0.044045 43.230000
-0.363236 0.022220 43.230000
-0.374653 0.000000 43.230000
-0.363236 -0.022220 43.230000
-0.351082 -0.044045 43.230000
-0.338767 -0.065781 43.230000
-0.326382 -0.087476 43.230000
-0.313957 -0.109148 43.230000
-0.301504 -0.130804 43.230000
-0.289030 -0.152449 43.230000
-0.276539 -0.174083 43.230000
-0.264031 -0.195708 43.230000
-0.251503 -0.217320 43.230000
-0.238947 -0.238917 43.230000
-0.226351 -0.260491 43.230000
-0.213685 -0.282023 43.230000
-0.200861 -0.303462 43.230000
-0.187326 -0.324459 43.230000
-0.162375 -0.325682 43.230000
-0.137396 -0.326068 43.230000
-0.112416 -0.326271 43.230000
-0.087435 -0.326393 43.230000
-0.062453 -0.326468 43.230000
-0.037472 -0.326512 43.230000
-0.012491 -0.326532 43.230000
0.012491 -0.326532 43.230000
0.037472 -0.326512 43.230000
0.062453 -0.326468 43.230000
0.087435 -0.326393 43.230000
0.112416 -0.326271 43.230000
0.137396 -0.326068 43.230000
0.162375 -0.325682 43.230000
0.187326 -0.324459 43.230000
0.200861 -0.303462 43.230000
0.213685 -0.282023 43.230000
0.226351 -0.260491 43.230000
0.238947 -0.238917 43.230000
0.251503 -0.217320 43.230000
0.264031 -0.195708 43.230000
0.276539 -0.174083 43.230000
0.289030 -0.152449 43.230000
0.301504 -0.130804 43.230000
0.313957 -0.109148 43.230000
0.326382 -0.087476 43.230000
0.338767 -0.065781 43.230000
0.351082 -0.044045 43.230000
0.363236 -0.022220 43.230000
0.374653 0.000000 43.230000

