0.148781 0.000000 7.980000
0.144340 0.008872 7.980000
0.139553 0.017563 7.980000
0.134690 0.026210 7.980000
0.129792 0.034838 7.980000
0.124872 0.043454 7.980000
0.119937 0.052061 7.980000
0.114988 0.060660 7.980000
0.110028 0.069253 7.980000
0.105055 0.077838 7.980000
0.100069 0.086415 7.980000
0.095067 0.094984 7.980000
0.090044 0.103540 7.980000
0.084986 0.112075 7.980000
0.079853 0.120566 7.980000
0.074390 0.128848 7.980000
0.064487 0.129438 7.980000
0.054567 0.129638 7.980000
0.044646 0.129750 7.980000
0.034725 0.129822 7.980000
0.024804 0.129870 7.980000
0.014882 0.129899 7.980000
0.004961 0.129913 7.980000
-0.004961 0.129913 7.980000
-0.014882 0.129899 7.980000
-0.024804 0.129870 7.980000
-0.034725 0.129822 7.980000
-0.044646 0.129750 7.980000
-0.054567 0.129638 7.980000
-0.064487 0.129438 7.980000
-0.074390 0.128848 7.980000
-0.079853 0.120566 7.980000
-0.084986 0.112075 7.980000
-0.090044 0.103540 7.980000
-0.095067 0.094984 7.980000
-0.100069 0.086415 7.980000
-0.105055 0.077838 7.980000
-0.110028 0.069253 7.980000
-0.114988 0.060660 7.980000
-0.119937 0.052061 7.980000
-0.124872 0.043454 7.980000
-0.129792 0.034838 7.980000
-0.134690 0.026210 7.980000
-0.139553 0.017563 7.980000
-0.144340 0.008872 7.980000
-0.148781 -0.000000 7.980000
-0.144340 -0.008872 7.980000
-0.139553 -0.017563 7.980000
-0.134690 -0.026210 7.980000
-0.129792 -0.034838 7.980000
-0.124872 -0.043454 7.980000
-0.119937 -0.052061 7.980000
-0.114988 -0.060660 7.980000
-0.110028 -0.069253 7.980000
-0.105055 -0.077838 7.980000
-0.100069 -0.086415 7.980000
-0.095067 -0.094984 7.980000
-0.090044 -0.103540 7.980000
-0.084986 -0.112075 7.980000
-0.079853 -0.120566 7.980000
-0.074390 -0.128848 7.980000
-0.064487 -0.129438 7.980000
-0.054567 -0.129638 7.980000
-0.044646 -0.129750 7.980000
-0.034725 -0.129822 7.980000
-0.024804 -0.129870 7.980000
-0.014882 -0.129899 7.980000
-0.004961 -0.129913 7.980000
0.004961 -0.129913 7.980000
0.014882 -0.129899 7.980000
0.024804 -0.129870 7.980000
0.034725 -0.129822 7.980000
0.044646 -0.129750 7.980000
0.054567 -0.129638 7.980000
0.064487 -0.129438 7.980000
0.074390 -0.128848 7.980000
0.079853 -0.120566 7.980000
0.084986 -0.112075 7.980000
0.090044 -0.103540 7.980000
0.095067 -0.094984 7.980000
0.100069 -0.086415 7.980000
0.105055 -0.077838 7.980000
0.110028 -0.069253 7.980000
0.114988 -0.060660 7.980000
0.119937 -0.052061 7.980000
0.124872 -0.043454 7.980000
0.129792 -0.034838 7.980000
0.134690 -0.026210 7.980000
0.139553 -0.017563 7.980000
0.144340 -0.008872 7.980000
0.148781 0.000000 7.980000

