0.266482 0.000000 23.970000
0.258434 0.015842 23.970000
0.249822 0.031385 23.970000
0.241085 0.046858 23.970000
0.232294 0.062301 23.970000
0.223469 0.077724 23.970000
0.214621 0.093134 23.970000
0.205754 0.108533 23.970000
0.196869 0.123922 23.970000
0.187967 0.139300 23.970000
0.179046 0.154668 23.970000
0.170101 0.170022 23.970000
0.161123 0.185357 23.970000
0.152091 0.200659 23.970000
0.142937 0.215889 23.970000
0.133241 0.230781 23.970000
0.115497 0.231732 23.970000
0.097731 0.232044 23.970000
0.079962 0.232215 23.970000
0.062193 0.232323 23.970000
0.044424 0.232392 23.970000
0.026654 0.232435 23.970000
0.008885 0.232455 23.970000
-0.008885 0.232455 23.970000
-0.026654 0.232435 23.970000
-0.044424 0.232392 23.970000
-0.062193 0.232323 23.970000
-0.079962 0.232215 23.970000
-0.097731 0.232044 23.970000
-0.115497 0.231732 23.970000
-0.133241 0.230781 23.970000
-0.142937 0.215889 23.970000
-0.152091 0.200659 23.970000
-0.161123 0.185357 23.970000
-0.170101 0.170022 23.970000
-0.179046 0.154668 23.970000
-0.187967 0.139300 23.970000
-0.196869 0.123922 23.970000
-0.205754 0.108533 23.970000
-0.214621 0.093134 23.970000
-0.223469 0.077724 23.970000
-0.232294 0.062301 23.970000
-0.241085 0.046858 23.970000
-0.249822 0.031385 23.970000
-0.258434 0.015842 23.970000
-0.266482 0.000000 23.970000
-0.258434 -0.015842 23.970000
-0.249822 -0.031385 23.970000
-0.241085 -0.046858 23.970000
-0.232294 -0.062301 23.970000
-0.223469 -0.077724 23.970000
-0.214621 -0.093134 23.970000
-0.205754 -0.108533 23.970000
-0.196869 -0.123922 23.970000
-0.187967 -0.139300 23.970000
-0.179046 -0.154668 23.970000
-0.170101 -0.170022 23.970000
-0.161123 -0.185357 23.970000
-0.152091 -0.200659 23.970000
-0.142937 -0.215889 23.970000
-0.133241 -0.230781 23.970000
-0.115497 -0.231732 23.970000
-0.097731 -0.232044 23.970000
-0.079962 -0.232215 23.970000
-0.062193 -0.232323 23.970000
-0.044424 -0.232392 23.970000
-0.026654 -0.232435 23.970000
-0.008885 -0.232455 23.970000
0.008885 -0.232455 23.970000
0.026654 -0.232435 23.970000
0.044424 -0.232392 23.970000
0.062193 -0.232323 23.970000
0.079962 -0.232215 23.970000
0.097731 -0.232044 23.970000
0.115497 -0.231732 23.970000
0.133241 -0.230781 23.970000
0.142937 -0.215889 23.970000
0.152091 -0.200659 23.970000
0.161123 -0.185357 23.970000
0.170101 -0.170022 23.970000
0.179046 -0.154668 23.970000
0.187967 -0.139300 23.970000
0.196869 -0.123922 23.970000
0.205754 -0.108533 23.970000
0.214621 -0.093134 23.970000
0.223469 -0.077724 23.970000
0.232294 -0.062301 23.970000
0.241085 -0.046858 23.970000
0.249822 -0.031385 23.970000
0.258434 -0.015842 23.970000
0.266482 0.000000 23.970000

