0.241754 0.000000 20.140000
0.234469 0.014381 20.140000
0.226663 0.028485 20.140000
0.218742 0.042526 20.140000
0.210770 0.056537 20.140000
0.202767 0.070531 20.140000
0.194742 0.084512 20.140000
0.186698 0.098483 20.140000
0.178638 0.112444 20.140000
0.170561 0.126395 20.140000
0.162466 0.140336 20.140000
0.154348 0.154263 20.140000
0.146199 0.168173 20.140000
0.138001 0.182053 20.140000
0.129689 0.195866 20.140000
0.120877 0.209365 20.140000
0.104780 0.210246 20.140000
0.088662 0.210538 20.140000
0.072542 0.210699 20.140000
0.056422 0.210801 20.140000
0.040302 0.210867 20.140000
0.024181 0.210908 20.140000
0.008060 0.210927 20.140000
-0.008060 0.210927 20.140000
-0.024181 0.210908 20.140000
-0.040302 0.210867 20.140000
-0.056422 0.210801 20.140000
-0.072542 0.210699 20.140000
-0.088662 0.210538 20.140000
-0.104780 0.210246 20.140000
-0.120877 0.209365 20.140000
-0.129689 0.195866 20.140000
-0.138001 0.182053 20.140000
-0.146199 0.168173 20.140000
-0.154348 0.154263 20.140000
-0.162466 0.140336 20.140000
-0.170561 0.126395 20.140000
-0.178638 0.112444 20.140000
-0.186698 0.098483 20.140000
-0.194742 0.084512 20.140000
-0.202767 0.070531 20.140000
-0.210770 0.056537 20.140000
-0.218742 0.042526 20.140000
-0.226663 0.028485 20.140000
-0.234469 0.014381 20.140000
-0.241754 0.000000 20.140000
-0.234469 -0.014381 20.140000
-0.226663 -0.028485 20.140000
-0.218742 -0.042526 20.140000
-0.210770 -0.056537 20.140000
-0.202767 -0.070531 20.140000
-0.194742 -0.084512 20.140000
-0.186698 -0.098483 20.140000
-0.178638 -0.112444 20.140000
-0.170561 -0.126395 20.140000
-0.162466 -0.140336 20.140000
-0.154348 -0.154263 20.140000
-0.146199 -0.168173 20.140000
-0.138001 -0.182053 20.140000
-0.129689 -0.195866 20.140000
-0.120877 -0.209365 20.140000
-0.104780 -0.210246 20.140000
-0.088662 -0.210538 20.140000
-0.072542 -0.210699 20.140000
-0.056422 -0.210801 20.140000
-0.040302 -0.210867 20.140000
-0.024181 -0.210908 20.140000
-0.008060 -0.210927 20.140000
0.008060 -0.210927 20.140000
0.024181 -0.210908 20.140000
0.040302 -0.210867 20.140000
0.056422 -0.210801 20.140000
0.072542 -0.210699 20.140000
0.088662 -0.210538 20.140000
0.104780 -0.210246 20.140000
0.120877 -0.209365 20.140000
0.129689 -0.195866 20.140000
0.138001 -0.182053 20.140000
0.146199 -0.168173 20.140000
0.154348 -0.154263 20.140000
0.162466 -0.140336 20.140000
0.170561 -0.126395 20.140000
0.178638 -0.112444 20.140000
0.186698 -0.098483 20.140000
0.194742 -0.084512 20.140000
0.202767 -0.070531 20.140000
0.210770 -0.056537 20.140000
0.218742 -0.042526 20.140000
0.226663 -0.028485 20.140000
0.234469 -0.014381 20.140000
0.241754 0.000000 20.140000

