0.299016 0.000000 29.350000
0.289960 0.017763 29.350000
0.280284 0.035197 29.350000
0.270473 0.052554 29.350000
0.260603 0.069878 29.350000
0.250697 0.087182 29.350000
0.240765 0.104471 29.350000
0.230814 0.121749 29.350000
0.220844 0.139016 29.350000
0.210857 0.156273 29.350000
0.200850 0.173519 29.350000
0.190818 0.190749 29.350000
0.180750 0.207959 29.350000
0.170623 0.225135 29.350000
0.160363 0.242231 29.350000
0.149508 0.258956 29.350000
0.129597 0.259994 29.350000
0.109661 0.260331 29.350000
0.089723 0.260514 29.350000
0.069785 0.260628 29.350000
0.049846 0.260701 29.350000
0.029908 0.260744 29.350000
0.009969 0.260765 29.350000
-0.009969 0.260765 29.350000
-0.029908 0.260744 29.350000
-0.049846 0.260701 29.350000
-0.069785 0.260628 29.350000
-0.089723 0.260514 29.350000
-0.109661 0.260331 29.350000
-0.129597 0.259994 29.350000
-0.149508 0.258956 29.350000
-0.160363 0.242231 29.350000
-0.170623 0.225135 29.350000
-0.180750 0.207959 29.350000
-0.190818 0.190749 29.350000
-0.200850 0.173519 29.350000
-0.210857 0.156273 29.350000
-0.220844 0.139016 29.350000
-0.230814 0.121749 29.350000
-0.240765 0.104471 29.350000
-0.250697 0.087182 29.350000
-0.260603 0.069878 29.350000
-0.270473 0.052554 29.350000
-0.280284 0.035197 29.350000
-0.289960 0.017763 29.350000
-0.299016 0.000000 29.350000
-0.289960 -0.017763 29.350000
-0.280284 -0.035197 29.350000
-0.270473 -0.052554 29.350000
-0.260603 -0.069878 29.350000
-0.250697 -0.087182 29.350000
-0.240765 -0.104471 29.350000
-0.230814 -0.121749 29.350000
-0.220844 -0.139016 29.350000
-0.210857 -0.156273 29.350000
-0.200850 -0.173519 29.350000
-0.190818 -0.190749 29.350000
-0.180750 -0.207959 29.350000
-0.170623 -0.225135 29.350000
-0.160363 -0.242231 29.350000
-0.149508 -0.258956 29.350000
-0.129597 -0.259994 29.350000
-0.109661 -0.260331 29.350000
-0.089723 -0.260514 29.350000
-0.069785 -0.260628 29.350000
-0.049846 -0.260701 29.350000
-0.029908 -0.260744 29.350000
-0.009969 -0.260765 29.350000
0.009969 -0.260765 29.350000
0.029908 -0.260744 29.350000
0.049846 -0.260701 29.350000
0.069785 -0.260628 29.350000
0.089723 -0.260514 29.350000
0.109661 -0.260331 29.350000
0.129597 -0.259994 29.350000
0.149508 -0.258956 29.350000
0.160363 -0.242231 29.350000
0.170623 -0.225135 29.350000
0.180750 -0.207959 29.350000
0.190818 -0.190749 29.350000
0.200850 -0.173519 29.350000
0.210857 -0.156273 29.350000
0.220844 -0.139016 29.350000
0.230814 -0.121749 29.350000
0.240765 -0.104471 29.350000
0.250697 -0.087182 29.350000
0.260603 -0.069878 29.350000
0.270473 -0.052554 29.350000
0.280284 -0.035197 29.350000
0.289960 -0.017763 29.350000
0.299016 0.000000 29.350000

