0.250121 0.000000 21.410000
0.242578 0.014875 21.410000
0.234499 0.029467 21.410000
0.226303 0.043992 21.410000
0.218054 0.058488 21.410000
0.209773 0.072966 21.410000
0.201469 0.087430 21.410000
0.193147 0.101884 21.410000
0.184807 0.116328 21.410000
0.176451 0.130762 21.410000
0.168076 0.145186 21.410000
0.159679 0.159596 21.410000
0.151250 0.173988 21.410000
0.142769 0.188349 21.410000
0.134172 0.202641 21.410000
0.125060 0.216611 21.410000
0.108407 0.217517 21.410000
0.091731 0.217816 21.410000
0.075053 0.217980 21.410000
0.058375 0.218084 21.410000
0.041696 0.218151 21.410000
0.025018 0.218192 21.410000
0.008339 0.218212 21.410000
-0.008339 0.218212 21.410000
-0.025018 0.218192 21.410000
-0.041696 0.218151 21.410000
-0.058375 0.218084 21.410000
-0.075053 0.217980 21.410000
-0.091731 0.217816 21.410000
-0.108407 0.217517 21.410000
-0.125060 0.216611 21.410000
-0.134172 0.202641 21.410000
-0.142769 0.188349 21.410000
-0.151250 0.173988 21.410000
-0.159679 0.159596 21.410000
-0.168076 0.145186 21.410000
-0.176451 0.130762 21.410000
-0.184807 0.116328 21.410000
-0.193147 0.101884 21.410000
-0.201469 0.087430 21.410000
-0.209773 0.072966 21.410000
-0.218054 0.058488 21.410000
-0.226303 0.043992 21.410000
-0.234499 0.029467 21.410000
-0.242578 0.014875 21.410000
-0.250121 0.000000 21.410000
-0.242578 -0.014875 21.410000
-0.234499 -0.029467 21.410000
-0.226303 -0.043992 21.410000
-0.218054 -0.058488 21.410000
-0.209773 -0.072966 21.410000
-0.201469 -0.087430 21.410000
-0.193147 -0.101884 21.410000
-0.184807 -0.116328 21.410000
-0.176451 -0.130762 21.410000
-0.168076 -0.145186 21.410000
-0.159679 -0.159596 21.410000
-0.151250 -0.173988 21.410000
-0.142769 -0.188349 21.410000
-0.134172 -0.202641 21.410000
-0.125060 -0.216611 21.410000
-0.108407 -0.217517 21.410000
-0.091731 -0.217816 21.410000
-0.075053 -0.217980 21.410000
-0.058375 -0.218084 21.410000
-0.041696 -0.218151 21.410000
-0.025018 -0.218192 21.410000
-0.008339 -0.218212 21.410000
0.008339 -0.218212 21.410000
0.025018 -0.218192 21.410000
0.041696 -0.218151 21.410000
0.058375 -0.218084 21.410000
0.075053 -0.217980 21.410000
0.091731 -0.217816 21.410000
0.108407 -0.217517 21.410000
0.125060 -0.216611 21.410000
0.134172 -0.202641 21.410000
0.142769 -0.188349 21.410000
0.151250 -0.173988 21.410000
0.159679 -0.159596 21.410000
0.168076 -0.145186 21.410000
0.176451 -0.130762 21.410000
0.184807 -0.116328 21.410000
0.193147 -0.101884 21.410000
0.201469 -0.087430 21.410000
0.209773 -0.072966 21.410000
0.218054 -0.058488 21.410000
0.226303 -0.043992 21.410000
0.234499 -0.029467 21.410000
0.242578 -0.014875 21.410000
0.250121 0.000000 21.410000

