0.221786 0.000000 17.220000
0.215116 0.013200 17.220000
0.207960 0.026143 17.220000
0.200697 0.039025 17.220000
0.193386 0.051881 17.220000
0.186046 0.064721 17.220000
0.178685 0.077548 17.220000
0.171306 0.090365 17.220000
0.163912 0.103173 17.220000
0.156501 0.115972 17.220000
0.149073 0.128760 17.220000
0.141624 0.141537 17.220000
0.134145 0.154296 17.220000
0.126620 0.167027 17.220000
0.118989 0.179696 17.220000
0.110893 0.192072 17.220000
0.096127 0.192896 17.220000
0.081340 0.193170 17.220000
0.066551 0.193321 17.220000
0.051762 0.193418 17.220000
0.036973 0.193481 17.220000
0.022184 0.193520 17.220000
0.007395 0.193538 17.220000
-0.007395 0.193538 17.220000
-0.022184 0.193520 17.220000
-0.036973 0.193481 17.220000
-0.051762 0.193418 17.220000
-0.066551 0.193321 17.220000
-0.081340 0.193170 17.220000
-0.096127 0.192896 17.220000
-0.110893 0.192072 17.220000
-0.118989 0.179696 17.220000
-0.126620 0.167027 17.220000
-0.134145 0.154296 17.220000
-0.141624 0.141537 17.220000
-0.149073 0.128760 17.220000
-0.156501 0.115972 17.220000
-0.163912 0.103173 17.220000
-0.171306 0.090365 17.220000
-0.178685 0.077548 17.220000
-0.186046 0.064721 17.220000
-0.193386 0.051881 17.220000
-0.200697 0.039025 17.220000
-0.207960 0.026143 17.220000
-0.215116 0.013200 17.220000
-0.221786 0.000000 17.220000
-0.215116 -0.013200 17.220000
-0.207960 -0.026143 17.220000
-0.200697 -0.039025 17.220000
-0.193386 -0.051881 17.220000
-0.186046 -0.064721 17.220000
-0.178685 -0.077548 17.220000
-0.171306 -0.090365 17.220000
-0.163912 -0.103173 17.220000
-0.156501 -0.115972 17.220000
-0.149073 -0.128760 17.220000
-0.141624 -0.141537 17.220000
-0.134145 -0.154296 17.220000
-0.126620 -0.167027 17.220000
-0.118989 -0.179696 17.220000
-0.110893 -0.192072 17.220000
-0.096127 -0.192896 17.220000
-0.081340 -0.193170 17.220000
-0.066551 -0.193321 17.220000
-0.051762 -0.193418 17.220000
-0.036973 -0.193481 17.220000
-0.022184 -0.193520 17.220000
-0.007395 -0.193538 17.220000
0.007395 -0.193538 17.220000
0.022184 -0.193520 17.220000
0.036973 -0.193481 17.220000
0.051762 -0.193418 17.220000
0.066551 -0.193321 17.220000
0.081340 -0.193170 17.220000
0.096127 -0.192896 17.220000
0.110893 -0.192072 17.220000
0.118989 -0.179696 17.220000
0.126620 -0.167027 17.220000
0.134145 -0.154296 17.220000
0.141624 -0.141537 17.220000
0.149073 -0.128760 17.220000
0.156501 -0.115972 17.220000
0.163912 -0.103173 17.220000
0.171306 -0.090365 17.220000
0.178685 -0.077548 17.220000
0.186046 -0.064721 17.220000
0.193386 -0.051881 17.220000
0.200697 -0.039025 17.220000
0.207960 -0.026143 17.220000
0.215116 -0.013200 17.220000
0.221786 0.000000 17.220000

