0.393778 0.000000 47.020000
0.381762 0.023346 47.020000
0.368979 0.046280 47.020000
0.356030 0.069122 47.020000
0.343008 0.091922 47.020000
0.329945 0.114698 47.020000
0.316853 0.137458 47.020000
0.303742 0.160206 47.020000
0.290613 0.182945 47.020000
0.277468 0.205674 47.020000
0.264303 0.228392 47.020000
0.251111 0.251093 47.020000
0.237876 0.273770 47.020000
0.224570 0.296405 47.020000
0.211099 0.318943 47.020000
0.196889 0.341022 47.020000
0.170663 0.342288 47.020000
0.144410 0.342685 47.020000
0.118154 0.342892 47.020000
0.091898 0.343015 47.020000
0.065641 0.343089 47.020000
0.039385 0.343132 47.020000
0.013128 0.343151 47.020000
-0.013128 0.343151 47.020000
-0.039385 0.343132 47.020000
-0.065641 0.343089 47.020000
-0.091898 0.343015 47.020000
-0.118154 0.342892 47.020000
-0.144410 0.342685 47.020000
-0.170663 0.342288 47.020000
-0.196889 0.341022 47.020000
-0.211099 0.318943 47.020000
-0.224570 0.296405 47.020000
-0.237876 0.273770 47.020000
-0.251111 0.251093 47.020000
-0.264303 0.228392 47.020000
-0.277468 0.205674 47.020000
-0.290613 0.182945 47.020000
-0.303742 0.160206 47.020000
-0.316853 0.137458 47.020000
-0.329945 0.114698 47.020000
-0.343008 0.091922 47.020000
-0.356030 0.069122 47.020000
-0.368979 0.046280 47.020000
-0.381762 0.023346 47.020000
-0.393778 0.000000 47.020000
-0.381762 -0.023346 47.020000
-0.368979 -0.046280 47.020000
-0.356030 -0.069122 47.020000
-0.343008 -0.091922 47.020000
-0.329945 -0.114698 47.020000
-0.316853 -0.137458 47.020000
-0.303742 -0.160206 47.020000
-0.290613 -0.182945 47.020000
-0.277468 -0.205674 47.020000
-0.264303 -0.228392 47.020000
-0.251111 -0.251093 47.020000
-0.237876 -0.273770 47.020000
-0.224570 -0.296405 47.020000
-0.211099 -0.318943 47.020000
-0.196889 -0.341022 47.020000
-0.170663 -0.342288 47.020000
-0.144410 -0.342685 47.020000
-0.118154 -0.342892 47.020000
-0.091898 -0.343015 47.020000
-0.065641 -0.343089 47.020000
-0.039385 -0.343132 47.020000
-0.013128 -0.343151 47.020000
0.013128 -0.343151 47.020000
0.039385 -0.343132 47.020000
0.065641 -0.343089 47.020000
0.091898 -0.343015 47.020000
0.118154 -0.342892 47.020000
0.144410 -0.342685 47.020000
0.170663 -0.342288 47.020000
0.196889 -0.341022 47.020000
0.211099 -0.318943 47.020000
0.224570 -0.296405 47.020000
0.237876 -0.273770 47.020000
0.251111 -0.251093 47.020000
0.264303 -0.228392 47.020000
0.277468 -0.205674 47.020000
0.290613 -0.182945 47.020000
0.303742 -0.160206 47.020000
0.316853 -0.137458 47.020000
0.329945 -0.114698 47.020000
0.343008 -0.091922 47.020000
0.356030 -0.069122 47.020000
0.368979 -0.046280 47.020000
0.381762 -0.023346 47.020000
0.393778 0.000000 47.020000

