0.345262 0.000000 37.620000
0.334765 0.020489 37.620000
0.323575 0.040609 37.620000
0.312234 0.060644 37.620000
0.300827 0.080641 37.620000
0.289381 0.100616 37.620000
0.277909 0.120576 37.620000
0.266416 0.140523 37.620000
0.254905 0.160461 37.620000
0.243376 0.180388 37.620000
0.231827 0.200304 37.620000
0.220251 0.220204 37.620000
0.208636 0.240081 37.620000
0.196956 0.259920 37.620000
0.185127 0.279670 37.620000
0.172631 0.299006 37.620000
0.149638 0.300160 37.620000
0.126619 0.300529 37.620000
0.103598 0.300725 37.620000
0.080576 0.300845 37.620000
0.057555 0.300920 37.620000
0.034533 0.300964 37.620000
0.011511 0.300984 37.620000
-0.011511 0.300984 37.620000
-0.034533 0.300964 37.620000
-0.057555 0.300920 37.620000
-0.080576 0.300845 37.620000
-0.103598 0.300725 37.620000
-0.126619 0.300529 37.620000
-0.149638 0.300160 37.620000
-0.172631 0.299006 37.620000
-0.185127 0.279670 37.620000
-0.196956 0.259920 37.620000
-0.208636 0.240081 37.620000
-0.220251 0.220204 37.620000
-0.231827 0.200304 37.620000
-0.243376 0.180388 37.620000
-0.254905 0.160461 37.620000
-0.266416 0.140523 37.620000
-0.277909 0.120576 37.620000
-0.289381 0.100616 37.620000
-0.300827 0.080641 37.620000
-0.312234 0.060644 37.620000
-0.323575 0.040609 37.620000
-0.334765 0.020489 37.620000
-0.345262 0.000000 37.620000
-0.334765 -0.020489 37.620000
-0.323575 -0.040609 37.620000
-0.312234 -0.060644 37.620000
-0.300827 -0.080641 37.620000
-0.289381 -0.100616 37.620000
-0.277909 -0.120576 37.620000
-0.266416 -0.140523 37.620000
-0.254905 -0.160461 37.620000
-0.243376 -0.180388 37.620000
-0.231827 -0.200304 37.620000
-0.220251 -0.220204 37.620000
-0.208636 -0.240081 37.620000
-0.196956 -0.259920 37.620000
-0.185127 -0.279670 37.620000
-0.172631 -0.299006 37.620000
-0.149638 -0.300160 37.620000
-0.126619 -0.300529 37.620000
-0.103598 -0.300725 37.620000
-0.080576 -0.300845 37.620000
-0.057555 -0.300920 37.620000
-0.034533 -0.300964 37.620000
-0.011511 -0.300984 37.620000
0.011511 -0.300984 37.620000
0.034533 -0.300964 37.620000
0.057555 -0.300920 37.620000
0.080576 -0.300845 37.620000
0.103598 -0.300725 37.620000
0.126619 -0.300529 37.620000
0.149638 -0.300160 37.620000
0.172631 -0.299006 37.620000
0.185127 -0.279670 37.620000
0.196956 -0.259920 37.620000
0.208636 -0.240081 37.620000
0.220251 -0.220204 37.620000
0.231827 -0.200304 37.620000
0.243376 -0.180388 37.620000
0.254905 -0.160461 37.620000
0.266416 -0.140523 37.620000
0.277909 -0.120576 37.620000
0.289381 -0.100616 37.620000
0.300827 -0.080641 37.620000
0.312234 -0.060644 37.620000
0.323575 -0.040609 37.620000
0.334765 -0.020489 37.620000
0.345262 0.000000 37.620000

