0.309486 0.000000 31.160000
0.300104 0.018381 31.160000
0.290085 0.036422 31.160000
0.279929 0.054386 31.160000
0.269710 0.072316 31.160000
0.259456 0.090224 31.160000
0.249176 0.108118 31.160000
0.238875 0.126000 31.160000
0.228557 0.143872 31.160000
0.218221 0.161734 31.160000
0.207864 0.179583 31.160000
0.197483 0.197418 31.160000
0.187064 0.215232 31.160000
0.176585 0.233010 31.160000
0.165970 0.250707 31.160000
0.154743 0.268022 31.160000
0.134134 0.269088 31.160000
0.113500 0.269433 31.160000
0.092864 0.269618 31.160000
0.072228 0.269734 31.160000
0.051591 0.269808 31.160000
0.030955 0.269852 31.160000
0.010318 0.269872 31.160000
-0.010318 0.269872 31.160000
-0.030955 0.269852 31.160000
-0.051591 0.269808 31.160000
-0.072228 0.269734 31.160000
-0.092864 0.269618 31.160000
-0.113500 0.269433 31.160000
-0.134134 0.269088 31.160000
-0.154743 0.268022 31.160000
-0.165970 0.250707 31.160000
-0.176585 0.233010 31.160000
-0.187064 0.215232 31.160000
-0.197483 0.197418 31.160000
-0.207864 0.179583 31.160000
-0.218221 0.161734 31.160000
-0.228557 0.143872 31.160000
-0.238875 0.126000 31.160000
-0.249176 0.108118 31.160000
-0.259456 0.090224 31.160000
-0.269710 0.072316 31.160000
-0.279929 0.054386 31.160000
-0.290085 0.036422 31.160000
-0.300104 0.018381 31.160000
-0.309486 0.000000 31.160000
-0.300104 -0.018381 31.160000
-0.290085 -0.036422 31.160000
-0.279929 -0.054386 31.160000
-0.269710 -0.072316 31.160000
-0.259456 -0.090224 31.160000
-0.249176 -0.108118 31.160000
-0.238875 -0.126000 31.160000
-0.228557 -0.143872 31.160000
-0.218221 -0.161734 31.160000
-0.207864 -0.179583 31.160000
-0.197483 -0.197418 31.160000
-0.187064 -0.215232 31.160000
-0.176585 -0.233010 31.160000
-0.165970 -0.250707 31.160000
-0.154743 -0.268022 31.160000
-0.134134 -0.269088 31.160000
-0.113500 -0.269433 31.160000
-0.092864 -0.269618 31.160000
-0.072228 -0.269734 31.160000
-0.051591 -0.269808 31.160000
-0.030955 -0.269852 31.160000
-0.010318 -0.269872 31.160000
0.010318 -0.269872 31.160000
0.030955 -0.269852 31.160000
0.051591 -0.269808 31.160000
0.072228 -0.269734 31.160000
0.092864 -0.269618 31.160000
0.113500 -0.269433 31.160000
0.134134 -0.269088 31.160000
0.154743 -0.268022 31.160000
0.165970 -0.250707 31.160000
0.176585 -0.233010 31.160000
0.187064 -0.215232 31.160000
0.197483 -0.197418 31.160000
0.207864 -0.179583 31.160000
0.218221 -0.161734 31.160000
0.228557 -0.143872 31.160000
0.238875 -0.126000 31.160000
0.249176 -0.108118 31.160000
0.259456 -0.090224 31.160000
0.269710 -0.072316 31.160000
0.279929 -0.054386 31.160000
0.290085 -0.036422 31.160000
0.300104 -0.018381 31.160000
0.309486 0.000000 31.160000

