0.204778 0.000000 14.860000
0.198630 0.012193 14.860000
0.192027 0.024146 14.860000
0.185324 0.036042 14.860000
0.178575 0.047914 14.860000
0.171800 0.059769 14.860000
0.165004 0.071614 14.860000
0.158192 0.083448 14.860000
0.151364 0.095274 14.860000
0.144521 0.107091 14.860000
0.137662 0.118898 14.860000
0.130782 0.130694 14.860000
0.123875 0.142474 14.860000
0.116924 0.154227 14.860000
0.109874 0.165922 14.860000
0.102389 0.177343 14.860000
0.088756 0.178115 14.860000
0.075103 0.178373 14.860000
0.061448 0.178516 14.860000
0.047793 0.178608 14.860000
0.034138 0.178668 14.860000
0.020483 0.178705 14.860000
0.006828 0.178722 14.860000
-0.006828 0.178722 14.860000
-0.020483 0.178705 14.860000
-0.034138 0.178668 14.860000
-0.047793 0.178608 14.860000
-0.061448 0.178516 14.860000
-0.075103 0.178373 14.860000
-0.088756 0.178115 14.860000
-0.102389 0.177343 14.860000
-0.109874 0.165922 14.860000
-0.116924 0.154227 14.860000
-0.123875 0.142474 14.860000
-0.130782 0.130694 14.860000
-0.137662 0.118898 14.860000
-0.144521 0.107091 14.860000
-0.151364 0.095274 14.860000
-0.158192 0.083448 14.860000
-0.165004 0.071614 14.860000
-0.171800 0.059769 14.860000
-0.178575 0.047914 14.860000
-0.185324 0.036042 14.860000
-0.192027 0.024146 14.860000
-0.198630 0.012193 14.860000
-0.204778 0.000000 14.860000
-0.198630 -0.012193 14.860000
-0.192027 -0.024146 14.860000
-0.185324 -0.036042 14.860000
-0.178575 -0.047914 14.860000
-0.171800 -0.059769 14.860000
-0.165004 -0.071614 14.860000
-0.158192 -0.083448 14.860000
-0.151364 -0.095274 14.860000
-0.144521 -0.107091 14.860000
-0.137662 -0.118898 14.860000
-0.130782 -0.130694 14.860000
-0.123875 -0.142474 14.860000
-0.116924 -0.154227 14.860000
-0.109874 -0.165922 14.860000
-0.102389 -0.177343 14.860000
-0.088756 -0.178115 14.860000
-0.075103 -0.178373 14.860000
-0.061448 -0.178516 14.860000
-0.047793 -0.178608 14.860000
-0.034138 -0.178668 14.860000
-0.020483 -0.178705 14.860000
-0.006828 -0.178722 14.860000
0.006828 -0.178722 14.860000
0.020483 -0.178705 14.860000
0.034138 -0.178668 14.860000
0.047793 -0.178608 14.860000
0.061448 -0.178516 14.860000
0.075103 -0.178373 14.860000
0.088756 -0.178115 14.860000
0.102389 -0.177343 14.860000
0.109874 -0.165922 14.860000
0.116924 -0.154227 14.860000
0.123875 -0.142474 14.860000
0.130782 -0.130694 14.860000
0.137662 -0.118898 14.860000
0.144521 -0.107091 14.860000
0.151364 -0.095274 14.860000
0.158192 -0.083448 14.860000
0.165004 -0.071614 14.860000
0.171800 -0.059769 14.860000
0.178575 -0.047914 14.860000
0.185324 -0.036042 14.860000
0.192027 -0.024146 14.860000
0.198630 -0.012193 14.860000
0.204778 0.000000 14.860000

