0.172989 0.000000 10.780000
0.167812 0.010309 10.780000
0.162241 0.020410 10.780000
0.156583 0.030463 10.780000
0.150886 0.040493 10.780000
0.145164 0.050510 10.780000
0.139425 0.060517 10.780000
0.133671 0.070515 10.780000
0.127903 0.080505 10.780000
0.122121 0.090487 10.780000
0.116325 0.100461 10.780000
0.110511 0.110424 10.780000
0.104673 0.120374 10.780000
0.098796 0.130300 10.780000
0.092833 0.140175 10.780000
0.086495 0.149813 10.780000
0.074978 0.150484 10.780000
0.063445 0.150710 10.780000
0.051910 0.150836 10.780000
0.040375 0.150917 10.780000
0.028839 0.150971 10.780000
0.017303 0.151004 10.780000
0.005768 0.151019 10.780000
-0.005768 0.151019 10.780000
-0.017303 0.151004 10.780000
-0.028839 0.150971 10.780000
-0.040375 0.150917 10.780000
-0.051910 0.150836 10.780000
-0.063445 0.150710 10.780000
-0.074978 0.150484 10.780000
-0.086495 0.149813 10.780000
-0.092833 0.140175 10.780000
-0.098796 0.130300 10.780000
-0.104673 0.120374 10.780000
-0.110511 0.110424 10.780000
-0.116325 0.100461 10.780000
-0.122121 0.090487 10.780000
-0.127903 0.080505 10.780000
-0.133671 0.070515 10.780000
-0.139425 0.060517 10.780000
-0.145164 0.050510 10.780000
-0.150886 0.040493 10.780000
-0.156583 0.030463 10.780000
-0.162241 0.020410 10.780000
-0.167812 0.010309 10.780000
-0.172989 0.000000 10.780000
-0.167812 -0.010309 10.780000
-0.162241 -0.020410 10.780000
-0.156583 -0.030463 10.780000
-0.150886 -0.040493 10.780000
-0.145164 -0.050510 10.780000
-0.139425 -0.060517 10.780000
-0.133671 -0.070515 10.780000
-0.127903 -0.080505 10.780000
-0.122121 -0.090487 10.780000
-0.116325 -0.100461 10.780000
-0.110511 -0.110424 10.780000
-0.104673 -0.120374 10.780000
-0.098796 -0.130300 10.780000
-0.092833 -0.140175 10.780000
-0.086495 -0.149813 10.780000
-0.074978 -0.150484 10.780000
-0.063445 -0.150710 10.780000
-0.051910 -0.150836 10.780000
-0.040375 -0.150917 10.780000
-0.028839 -0.150971 10.780000
-0.017303 -0.151004 10.780000
-0.005768 -0.151019 10.780000
0.005768 -0.151019 10.780000
0.017303 -0.151004 10.780000
0.028839 -0.150971 10.780000
0.040375 -0.150917 10.780000
0.051910 -0.150836 10.780000
0.063445 -0.150710 10.780000
0.074978 -0.150484 10.780000
0.086495 -0.149813 10.780000
0.092833 -0.140175 10.780000
0.098796 -0.130300 10.780000
0.104673 -0.120374 10.780000
0.110511 -0.110424 10.780000
0.116325 -0.100461 10.780000
0.122121 -0.090487 10.780000
0.127903 -0.080505 10.780000
0.133671 -0.070515 10.780000
0.139425 -0.060517 10.780000
0.145164 -0.050510 10.780000
0.150886 -0.040493 10.780000
0.156583 -0.030463 10.780000
0.162241 -0.020410 10.780000
0.167812 -0.010309 10.780000
0.172989 0.000000 10.780000

