0.265981 0.000000 23.890000
0.257948 0.015813 23.890000
0.249352 0.031326 23.890000
0.240632 0.046771 23.890000
0.231857 0.062184 23.890000
0.223049 0.077578 23.890000
0.214218 0.092959 23.890000
0.205367 0.108329 23.890000
0.196499 0.123689 23.890000
0.187614 0.139039 23.890000
0.178710 0.154377 23.890000
0.169781 0.169702 23.890000
0.160820 0.185008 23.890000
0.151805 0.200282 23.890000
0.142668 0.215483 23.890000
0.132990 0.230346 23.890000
0.115280 0.231296 23.890000
0.097547 0.231608 23.890000
0.079811 0.231779 23.890000
0.062076 0.231886 23.890000
0.044340 0.231956 23.890000
0.026604 0.231998 23.890000
0.008868 0.232018 23.890000
-0.008868 0.232018 23.890000
-0.026604 0.231998 23.890000
-0.044340 0.231956 23.890000
-0.062076 0.231886 23.890000
-0.079811 0.231779 23.890000
-0.097547 0.231608 23.890000
-0.115280 0.231296 23.890000
-0.132990 0.230346 23.890000
-0.142668 0.215483 23.890000
-0.151805 0.200282 23.890000
-0.160820 0.185008 23.890000
-0.169781 0.169702 23.890000
-0.178710 0.154377 23.890000
-0.187614 0.139039 23.890000
-0.196499 0.123689 23.890000
-0.205367 0.108329 23.890000
-0.214218 0.092959 23.890000
-0.223049 0.077578 23.890000
-0.231857 0.062184 23.890000
-0.240632 0.046771 23.890000
-0.249352 0.031326 23.890000
-0.257948 0.015813 23.890000
-0.265981 0.000000 23.890000
-0.257948 -0.015813 23.890000
-0.249352 -0.031326 23.890000
-0.240632 -0.046771 23.890000
-0.231857 -0.062184 23.890000
-0.223049 -0.077578 23.890000
-0.214218 -0.092959 23.890000
-0.205367 -0.108329 23.890000
-0.196499 -0.123689 23.890000
-0.187614 -0.139039 23.890000
-0.178710 -0.154377 23.890000
-0.169781 -0.169702 23.890000
-0.160820 -0.185008 23.890000
-0.151805 -0.200282 23.890000
-0.142668 -0.215483 23.890000
-0.132990 -0.230346 23.890000
-0.115280 -0.231296 23.890000
-0.097547 -0.231608 23.890000
-0.079811 -0.231779 23.890000
-0.062076 -0.231886 23.890000
-0.044340 -0.231956 23.890000
-0.026604 -0.231998 23.890000
-0.008868 -0.232018 23.890000
0.008868 -0.232018 23.890000
0.026604 -0.231998 23.890000
0.044340 -0.231956 23.890000
0.062076 -0.231886 23.890000
0.079811 -0.231779 23.890000
0.097547 -0.231608 23.890000
0.115280 -0.231296 23.890000
0.132990 -0.230346 23.890000
0.142668 -0.215483 23.890000
0.151805 -0.200282 23.890000
0.160820 -0.185008 23.890000
0.169781 -0.169702 23.890000
0.178710 -0.154377 23.890000
0.187614 -0.139039 23.890000
0.196499 -0.123689 23.890000
0.205367 -0.108329 23.890000
0.214218 -0.092959 23.890000
0.223049 -0.077578 23.890000
0.231857 -0.062184 23.890000
0.240632 -0.046771 23.890000
0.249352 -0.031326 23.890000
0.257948 -0.015813 23.890000
0.265981 0.000000 23.890000

