0.297260 0.000000 29.050000
0.288258 0.017659 29.050000
0.278640 0.034991 29.050000
0.268887 0.052247 29.050000
0.259075 0.069469 29.050000
0.249227 0.086672 29.050000
0.239354 0.103859 29.050000
0.229461 0.121035 29.050000
0.219550 0.138201 29.050000
0.209622 0.155357 29.050000
0.199673 0.172501 29.050000
0.189700 0.189630 29.050000
0.179691 0.206739 29.050000
0.169623 0.223813 29.050000
0.159422 0.240809 29.050000
0.148630 0.257434 29.050000
0.128835 0.258468 29.050000
0.109017 0.258804 29.050000
0.089196 0.258986 29.050000
0.069375 0.259100 29.050000
0.049554 0.259173 29.050000
0.029732 0.259216 29.050000
0.009911 0.259237 29.050000
-0.009911 0.259237 29.050000
-0.029732 0.259216 29.050000
-0.049554 0.259173 29.050000
-0.069375 0.259100 29.050000
-0.089196 0.258986 29.050000
-0.109017 0.258804 29.050000
-0.128835 0.258468 29.050000
-0.148630 0.257434 29.050000
-0.159422 0.240809 29.050000
-0.169623 0.223813 29.050000
-0.179691 0.206739 29.050000
-0.189700 0.189630 29.050000
-0.199673 0.172501 29.050000
-0.209622 0.155357 29.050000
-0.219550 0.138201 29.050000
-0.229461 0.121035 29.050000
-0.239354 0.103859 29.050000
-0.249227 0.086672 29.050000
-0.259075 0.069469 29.050000
-0.268887 0.052247 29.050000
-0.278640 0.034991 29.050000
-0.288258 0.017659 29.050000
-0.297260 0.000000 29.050000
-0.288258 -0.017659 29.050000
-0.278640 -0.034991 29.050000
-0.268887 -0.052247 29.050000
-0.259075 -0.069469 29.050000
-0.249227 -0.086672 29.050000
-0.239354 -0.103859 29.050000
-0.229461 -0.121035 29.050000
-0.219550 -0.138201 29.050000
-0.209622 -0.155357 29.050000
-0.199673 -0.172501 29.050000
-0.189700 -0.189630 29.050000
-0.179691 -0.206739 29.050000
-0.169623 -0.223813 29.050000
-0.159422 -0.240809 29.050000
-0.148630 -0.257434 29.050000
-0.128835 -0.258468 29.050000
-0.109017 -0.258804 29.050000
-0.089196 -0.258986 29.050000
-0.069375 -0.259100 29.050000
-0.049554 -0.259173 29.050000
-0.029732 -0.259216 29.050000
-0.009911 -0.259237 29.050000
0.009911 -0.259237 29.050000
0.029732 -0.259216 29.050000
0.049554 -0.259173 29.050000
0.069375 -0.259100 29.050000
0.089196 -0.258986 29.050000
0.109017 -0.258804 29.050000
0.128835 -0.258468 29.050000
0.148630 -0.257434 29.050000
0.159422 -0.240809 29.050000
0.169623 -0.223813 29.050000
0.179691 -0.206739 29.050000
0.189700 -0.189630 29.050000
0.199673 -0.172501 29.050000
0.209622 -0.155357 29.050000
0.219550 -0.138201 29.050000
0.229461 -0.121035 29.050000
0.239354 -0.103859 29.050000
0.249227 -0.086672 29.050000
0.259075 -0.069469 29.050000
0.268887 -0.052247 29.050000
0.278640 -0.034991 29.050000
0.288258 -0.017659 29.050000
0.297260 0.000000 29.050000

