0.294908 0.000000 28.650000
0.285979 0.017521 28.650000
0.276438 0.034715 28.650000
0.266763 0.051835 28.650000
0.257028 0.068922 28.650000
0.247259 0.085988 28.650000
0.237464 0.103040 28.650000
0.227650 0.120080 28.650000
0.217817 0.137110 28.650000
0.207967 0.154130 28.650000
0.198097 0.171138 28.650000
0.188202 0.188132 28.650000
0.178272 0.205105 28.650000
0.168283 0.222044 28.650000
0.158163 0.238905 28.650000
0.147454 0.255398 28.650000
0.127816 0.256425 28.650000
0.108154 0.256760 28.650000
0.088490 0.256941 28.650000
0.068826 0.257054 28.650000
0.049162 0.257127 28.650000
0.029497 0.257170 28.650000
0.009832 0.257191 28.650000
-0.009832 0.257191 28.650000
-0.029497 0.257170 28.650000
-0.049162 0.257127 28.650000
-0.068826 0.257054 28.650000
-0.088490 0.256941 28.650000
-0.108154 0.256760 28.650000
-0.127816 0.256425 28.650000
-0.147454 0.255398 28.650000
-0.158163 0.238905 28.650000
-0.168283 0.222044 28.650000
-0.178272 0.205105 28.650000
-0.188202 0.188132 28.650000
-0.198097 0.171138 28.650000
-0.207967 0.154130 28.650000
-0.217817 0.137110 28.650000
-0.227650 0.120080 28.650000
-0.237464 0.103040 28.650000
-0.247259 0.085988 28.650000
-0.257028 0.068922 28.650000
-0.266763 0.051835 28.650000
-0.276438 0.034715 28.650000
-0.285979 0.017521 28.650000
-0.294908 0.000000 28.650000
-0.285979 -0.017521 28.650000
-0.276438 -0.034715 28.650000
-0.266763 -0.051835 28.650000
-0.257028 -0.068922 28.650000
-0.247259 -0.085988 28.650000
-0.237464 -0.103040 28.650000
-0.227650 -0.120080 28.650000
-0.217817 -0.137110 28.650000
-0.207967 -0.154130 28.650000
-0.198097 -0.171138 28.650000
-0.188202 -0.188132 28.650000
-0.178272 -0.205105 28.650000
-0.168283 -0.222044 28.650000
-0.158163 -0.238905 28.650000
-0.147454 -0.255398 28.650000
-0.127816 -0.256425 28.650000
-0.108154 -0.256760 28.650000
-0.088490 -0.256941 28.650000
-0.068826 -0.257054 28.650000
-0.049162 -0.257127 28.650000
-0.029497 -0.257170 28.650000
-0.009832 -0.257191 28.650000
0.009832 -0.257191 28.650000
0.029497 -0.257170 28.650000
0.049162 -0.257127 28.650000
0.068826 -0.257054 28.650000
0.088490 -0.256941 28.650000
0.108154 -0.256760 28.650000
0.127816 -0.256425 28.650000
0.147454 -0.255398 28.650000
0.158163 -0.238905 28.650000
0.168283 -0.222044 28.650000
0.178272 -0.205105 28.650000
0.188202 -0.188132 28.650000
0.198097 -0.171138 28.650000
0.207967 -0.154130 28.650000
0.217817 -0.137110 28.650000
0.227650 -0.120080 28.650000
0.237464 -0.103040 28.650000
0.247259 -0.085988 28.650000
0.257028 -0.068922 28.650000
0.266763 -0.051835 28.650000
0.276438 -0.034715 28.650000
0.285979 -0.017521 28.650000
0.294908 0.000000 28.650000

