0.083256 -0.000000 1.890000
0.080788 0.004974 1.890000
0.078117 0.009841 1.890000
0.075400 0.014683 1.890000
0.072662 0.019513 1.890000
0.069911 0.024336 1.890000
0.067150 0.029153 1.890000
0.064382 0.033965 1.890000
0.061606 0.038774 1.890000
0.058822 0.043578 1.890000
0.056031 0.048377 1.890000
0.053230 0.053171 1.890000
0.050416 0.057957 1.890000
0.047581 0.062731 1.890000
0.044701 0.067478 1.890000
0.041628 0.072102 1.890000
0.036087 0.072452 1.890000
0.030536 0.072572 1.890000
0.024984 0.072640 1.890000
0.019432 0.072683 1.890000
0.013880 0.072712 1.890000
0.008328 0.072730 1.890000
0.002776 0.072739 1.890000
-0.002776 0.072739 1.890000
-0.008328 0.072730 1.890000
-0.013880 0.072712 1.890000
-0.019432 0.072683 1.890000
-0.024984 0.072640 1.890000
-0.030536 0.072572 1.890000
-0.036087 0.072452 1.890000
-0.041628 0.072102 1.890000
-0.044701 0.067478 1.890000
-0.047581 0.062731 1.890000
-0.050416 0.057957 1.890000
-0.053230 0.053171 1.890000
-0.056031 0.048377 1.890000
-0.058822 0.043578 1.890000
-0.061606 0.038774 1.890000
-0.064382 0.033965 1.890000
-0.067150 0.029153 1.890000
-0.069911 0.024336 1.890000
-0.072662 0.019513 1.890000
-0.075400 0.014683 1.890000
-0.078117 0.009841 1.890000
-0.080788 0.004974 1.890000
-0.083256 -0.000000 1.890000
-0.080788 -0.004974 1.890000
-0.078117 -0.009841 1.890000
-0.075400 -0.014683 1.890000
-0.072662 -0.019513 1.890000
-0.069911 -0.024336 1.890000
-0.067150 -0.029153 1.890000
-0.064382 -0.033965 1.890000
-0.061606 -0.038774 1.890000
-0.058822 -0.043578 1.890000
-0.056031 -0.048377 1.890000
-0.053230 -0.053171 1.890000
-0.050416 -0.057957 1.890000
-0.047581 -0.062731 1.890000
-0.044701 -0.067478 1.890000
-0.041628 -0.072102 1.890000
-0.036087 -0.072452 1.890000
-0.030536 -0.072572 1.890000
-0.024984 -0.072640 1.890000
-0.019432 -0.072683 1.890000
-0.013880 -0.072712 1.890000
-0.008328 -0.072730 1.890000
-0.002776 -0.072739 1.890000
0.002776 -0.072739 1.890000
0.008328 -0.072730 1.890000
0.013880 -0.072712 1.890000
0.019432 -0.072683 1.890000
0.024984 -0.072640 1.890000
0.030536 -0.072572 1.890000
0.036087 -0.072452 1.890000
0.041628 -0.072102 1.890000
0.044701 -0.067478 1.890000
0.047581 -0.062731 1.890000
0.050416 -0.057957 1.890000
0.053230 -0.053171 1.890000
0.056031 -0.048377 1.890000
0.058822 -0.043578 1.890000
0.061606 -0.038774 1.890000
0.064382 -0.033965 1.890000
0.067150 -0.029153 1.890000
0.069911 -0.024336 1.890000
0.072662 -0.019513 1.890000
0.075400 -0.014683 1.890000
0.078117 -0.009841 1.890000
0.080788 -0.004974 1.890000
0.083256 -0.000000 1.890000

