0.332786 0.000000 35.320000
0.322678 0.019754 35.320000
0.311897 0.039149 35.320000
0.300969 0.058462 35.320000
0.289977 0.077738 35.320000
0.278947 0.096993 35.320000
0.267890 0.116232 35.320000
0.256813 0.135460 35.320000
0.245718 0.154677 35.320000
0.234605 0.173884 35.320000
0.223472 0.193079 35.320000
0.212312 0.212258 35.320000
0.201114 0.231416 35.320000
0.189853 0.250536 35.320000
0.178447 0.269570 35.320000
0.166393 0.288201 35.320000
0.144231 0.289325 35.320000
0.122044 0.289685 35.320000
0.099855 0.289878 35.320000
0.077665 0.289997 35.320000
0.055475 0.290072 35.320000
0.033285 0.290116 35.320000
0.011095 0.290137 35.320000
-0.011095 0.290137 35.320000
-0.033285 0.290116 35.320000
-0.055475 0.290072 35.320000
-0.077665 0.289997 35.320000
-0.099855 0.289878 35.320000
-0.122044 0.289685 35.320000
-0.144231 0.289325 35.320000
-0.166393 0.288201 35.320000
-0.178447 0.269570 35.320000
-0.189853 0.250536 35.320000
-0.201114 0.231416 35.320000
-0.212312 0.212258 35.320000
-0.223472 0.193079 35.320000
-0.234605 0.173884 35.320000
-0.245718 0.154677 35.320000
-0.256813 0.135460 35.320000
-0.267890 0.116232 35.320000
-0.278947 0.096993 35.320000
-0.289977 0.077738 35.320000
-0.300969 0.058462 35.320000
-0.311897 0.039149 35.320000
-0.322678 0.019754 35.320000
-0.332786 0.000000 35.320000
-0.322678 -0.019754 35.320000
-0.311897 -0.039149 35.320000
-0.300969 -0.058462 35.320000
-0.289977 -0.077738 35.320000
-0.278947 -0.096993 35.320000
-0.267890 -0.116232 35.320000
-0.256813 -0.135460 35.320000
-0.245718 -0.154677 35.320000
-0.234605 -0.173884 35.320000
-0.223472 -0.193079 35.320000
-0.212312 -0.212258 35.320000
-0.201114 -0.231416 35.320000
-0.189853 -0.250536 35.320000
-0.178447 -0.269570 35.320000
-0.166393 -0.288201 35.320000
-0.144231 -0.289325 35.320000
-0.122044 -0.289685 35.320000
-0.099855 -0.289878 35.320000
-0.077665 -0.289997 35.320000
-0.055475 -0.290072 35.320000
-0.033285 -0.290116 35.320000
-0.011095 -0.290137 35.320000
0.011095 -0.290137 35.320000
0.033285 -0.290116 35.320000
0.055475 -0.290072 35.320000
0.077665 -0.289997 35.320000
0.099855 -0.289878 35.320000
0.122044 -0.289685 35.320000
0.144231 -0.289325 35.320000
0.166393 -0.288201 35.320000
0.178447 -0.269570 35.320000
0.189853 -0.250536 35.320000
0.201114 -0.231416 35.320000
0.212312 -0.212258 35.320000
0.223472 -0.193079 35.320000
0.234605 -0.173884 35.320000
0.245718 -0.154677 35.320000
0.256813 -0.135460 35.320000
0.267890 -0.116232 35.320000
0.278947 -0.096993 35.320000
0.289977 -0.077738 35.320000
0.300969 -0.058462 35.320000
0.311897 -0.039149 35.320000
0.322678 -0.019754 35.320000
0.332786 0.000000 35.320000

