0.172577 0.000000 10.730000
0.167412 0.010284 10.730000
0.161855 0.020362 10.730000
0.156210 0.030390 10.730000
0.150526 0.040397 10.730000
0.144818 0.050390 10.730000
0.139093 0.060373 10.730000
0.133352 0.070347 10.730000
0.127598 0.080313 10.730000
0.121830 0.090272 10.730000
0.116048 0.100221 10.730000
0.110248 0.110161 10.730000
0.104424 0.120087 10.730000
0.098561 0.129990 10.730000
0.092612 0.139841 10.730000
0.086288 0.149456 10.730000
0.074800 0.150125 10.730000
0.063294 0.150351 10.730000
0.051786 0.150477 10.730000
0.040278 0.150558 10.730000
0.028770 0.150611 10.730000
0.017262 0.150644 10.730000
0.005754 0.150660 10.730000
-0.005754 0.150660 10.730000
-0.017262 0.150644 10.730000
-0.028770 0.150611 10.730000
-0.040278 0.150558 10.730000
-0.051786 0.150477 10.730000
-0.063294 0.150351 10.730000
-0.074800 0.150125 10.730000
-0.086288 0.149456 10.730000
-0.092612 0.139841 10.730000
-0.098561 0.129990 10.730000
-0.104424 0.120087 10.730000
-0.110248 0.110161 10.730000
-0.116048 0.100221 10.730000
-0.121830 0.090272 10.730000
-0.127598 0.080313 10.730000
-0.133352 0.070347 10.730000
-0.139093 0.060373 10.730000
-0.144818 0.050390 10.730000
-0.150526 0.040397 10.730000
-0.156210 0.030390 10.730000
-0.161855 0.020362 10.730000
-0.167412 0.010284 10.730000
-0.172577 0.000000 10.730000
-0.167412 -0.010284 10.730000
-0.161855 -0.020362 10.730000
-0.156210 -0.030390 10.730000
-0.150526 -0.040397 10.730000
-0.144818 -0.050390 10.730000
-0.139093 -0.060373 10.730000
-0.133352 -0.070347 10.730000
-0.127598 -0.080313 10.730000
-0.121830 -0.090272 10.730000
-0.116048 -0.100221 10.730000
-0.110248 -0.110161 10.730000
-0.104424 -0.120087 10.730000
-0.098561 -0.129990 10.730000
-0.092612 -0.139841 10.730000
-0.086288 -0.149456 10.730000
-0.074800 -0.150125 10.730000
-0.063294 -0.150351 10.730000
-0.051786 -0.150477 10.730000
-0.040278 -0.150558 10.730000
-0.028770 -0.150611 10.730000
-0.017262 -0.150644 10.730000
-0.005754 -0.150660 10.730000
0.005754 -0.150660 10.730000
0.017262 -0.150644 10.730000
0.028770 -0.150611 10.730000
0.040278 -0.150558 10.730000
0.051786 -0.150477 10.730000
0.063294 -0.150351 10.730000
0.074800 -0.150125 10.730000
0.086288 -0.149456 10.730000
0.092612 -0.139841 10.730000
0.098561 -0.129990 10.730000
0.104424 -0.120087 10.730000
0.110248 -0.110161 10.730000
0.116048 -0.100221 10.730000
0.121830 -0.090272 10.730000
0.127598 -0.080313 10.730000
0.133352 -0.070347 10.730000
0.139093 -0.060373 10.730000
0.144818 -0.050390 10.730000
0.150526 -0.040397 10.730000
0.156210 -0.030390 10.730000
0.161855 -0.020362 10.730000
0.167412 -0.010284 10.730000
0.172577 0.000000 10.730000

