0.237131 0.000000 19.450000
0.229989 0.014107 19.450000
0.222333 0.027943 19.450000
0.214565 0.041716 19.450000
0.206746 0.055460 19.450000
0.198896 0.069186 19.450000
0.191025 0.082900 19.450000
0.183135 0.096604 19.450000
0.175229 0.110298 19.450000
0.167306 0.123982 19.450000
0.159365 0.137656 19.450000
0.151402 0.151317 19.450000
0.143409 0.164961 19.450000
0.135366 0.178575 19.450000
0.127212 0.192122 19.450000
0.118566 0.205362 19.450000
0.102777 0.206230 19.450000
0.086967 0.206518 19.450000
0.071155 0.206676 19.450000
0.055343 0.206777 19.450000
0.039531 0.206843 19.450000
0.023719 0.206883 19.450000
0.007906 0.206902 19.450000
-0.007906 0.206902 19.450000
-0.023719 0.206883 19.450000
-0.039531 0.206843 19.450000
-0.055343 0.206777 19.450000
-0.071155 0.206676 19.450000
-0.086967 0.206518 19.450000
-0.102777 0.206230 19.450000
-0.118566 0.205362 19.450000
-0.127212 0.192122 19.450000
-0.135366 0.178575 19.450000
-0.143409 0.164961 19.450000
-0.151402 0.151317 19.450000
-0.159365 0.137656 19.450000
-0.167306 0.123982 19.450000
-0.175229 0.110298 19.450000
-0.183135 0.096604 19.450000
-0.191025 0.082900 19.450000
-0.198896 0.069186 19.450000
-0.206746 0.055460 19.450000
-0.214565 0.041716 19.450000
-0.222333 0.027943 19.450000
-0.229989 0.014107 19.450000
-0.237131 0.000000 19.450000
-0.229989 -0.014107 19.450000
-0.222333 -0.027943 19.450000
-0.214565 -0.041716 19.450000
-0.206746 -0.055460 19.450000
-0.198896 -0.069186 19.450000
-0.191025 -0.082900 19.450000
-0.183135 -0.096604 19.450000
-0.175229 -0.110298 19.450000
-0.167306 -0.123982 19.450000
-0.159365 -0.137656 19.450000
-0.151402 -0.151317 19.450000
-0.143409 -0.164961 19.450000
-0.135366 -0.178575 19.450000
-0.127212 -0.192122 19.450000
-0.118566 -0.205362 19.450000
-0.102777 -0.206230 19.450000
-0.086967 -0.206518 19.450000
-0.071155 -0.206676 19.450000
-0.055343 -0.206777 19.450000
-0.039531 -0.206843 19.450000
-0.023719 -0.206883 19.450000
-0.007906 -0.206902 19.450000
0.007906 -0.206902 19.450000
0.023719 -0.206883 19.450000
0.039531 -0.206843 19.450000
0.055343 -0.206777 19.450000
0.071155 -0.206676 19.450000
0.086967 -0.206518 19.450000
0.102777 -0.206230 19.450000
0.118566 -0.205362 19.450000
0.127212 -0.192122 19.450000
0.135366 -0.178575 19.450000
0.143409 -0.164961 19.450000
0.151402 -0.151317 19.450000
0.159365 -0.137656 19.450000
0.167306 -0.123982 19.450000
0.175229 -0.110298 19.450000
0.183135 -0.096604 19.450000
0.191025 -0.082900 19.450000
0.198896 -0.069186 19.450000
0.206746 -0.055460 19.450000
0.214565 -0.041716 19.450000
0.222333 -0.027943 19.450000
0.229989 -0.014107 19.450000
0.237131 0.000000 19.450000

