0.389936 0.000000 46.250000
0.378040 0.023119 46.250000
0.365384 0.045831 46.250000
0.352562 0.068451 46.250000
0.339668 0.091029 46.250000
0.326733 0.113583 46.250000
0.313770 0.136121 46.250000
0.300786 0.158648 46.250000
0.287786 0.181165 46.250000
0.274769 0.203672 46.250000
0.261732 0.226168 46.250000
0.248667 0.248647 46.250000
0.235561 0.271102 46.250000
0.222383 0.293516 46.250000
0.209042 0.315833 46.250000
0.194968 0.337694 46.250000
0.168998 0.338952 46.250000
0.143001 0.339347 46.250000
0.117001 0.339553 46.250000
0.091001 0.339676 46.250000
0.065001 0.339750 46.250000
0.039001 0.339793 46.250000
0.013000 0.339812 46.250000
-0.013000 0.339812 46.250000
-0.039001 0.339793 46.250000
-0.065001 0.339750 46.250000
-0.091001 0.339676 46.250000
-0.117001 0.339553 46.250000
-0.143001 0.339347 46.250000
-0.168998 0.338952 46.250000
-0.194968 0.337694 46.250000
-0.209042 0.315833 46.250000
-0.222383 0.293516 46.250000
-0.235561 0.271102 46.250000
-0.248667 0.248647 46.250000
-0.261732 0.226168 46.250000
-0.274769 0.203672 46.250000
-0.287786 0.181165 46.250000
-0.300786 0.158648 46.250000
-0.313770 0.136121 46.250000
-0.326733 0.113583 46.250000
-0.339668 0.091029 46.250000
-0.352562 0.068451 46.250000
-0.365384 0.045831 46.250000
-0.378040 0.023119 46.250000
-0.389936 0.000000 46.250000
-0.378040 -0.023119 46.250000
-0.365384 -0.045831 46.250000
-0.352562 -0.068451 46.250000
-0.339668 -0.091029 46.250000
-0.326733 -0.113583 46.250000
-0.313770 -0.136121 46.250000
-0.300786 -0.158648 46.250000
-0.287786 -0.181165 46.250000
-0.274769 -0.203672 46.250000
-0.261732 -0.226168 46.250000
-0.248667 -0.248647 46.250000
-0.235561 -0.271102 46.250000
-0.222383 -0.293516 46.250000
-0.209042 -0.315833 46.250000
-0.194968 -0.337694 46.250000
-0.168998 -0.338952 46.250000
-0.143001 -0.339347 46.250000
-0.117001 -0.339553 46.250000
-0.091001 -0.339676 46.250000
-0.065001 -0.339750 46.250000
-0.039001 -0.339793 46.250000
-0.013000 -0.339812 46.250000
0.013000 -0.339812 46.250000
0.039001 -0.339793 46.250000
0.065001 -0.339750 46.250000
0.091001 -0.339676 46.250000
0.117001 -0.339553 46.250000
0.143001 -0.339347 46.250000
0.168998 -0.338952 46.250000
0.194968 -0.337694 46.250000
0.209042 -0.315833 46.250000
0.222383 -0.293516 46.250000
0.235561 -0.271102 46.250000
0.248667 -0.248647 46.250000
0.261732 -0.226168 46.250000
0.274769 -0.203672 46.250000
0.287786 -0.181165 46.250000
0.300786 -0.158648 46.250000
0.313770 -0.136121 46.250000
0.326733 -0.113583 46.250000
0.339668 -0.091029 46.250000
0.352562 -0.068451 46.250000
0.365384 -0.045831 46.250000
0.378040 -0.023119 46.250000
0.389936 0.000000 46.250000

