0.381983 0.000000 44.670000
0.370337 0.022652 44.670000
0.357942 0.044902 44.670000
0.345384 0.067061 44.670000
0.332755 0.089180 44.670000
0.320085 0.111275 44.670000
0.307387 0.133355 44.670000
0.294669 0.155422 44.670000
0.281934 0.177480 44.670000
0.269182 0.199528 44.670000
0.256410 0.221564 44.670000
0.243610 0.243584 44.670000
0.230769 0.265581 44.670000
0.217857 0.287536 44.670000
0.204785 0.309396 44.670000
0.190992 0.330807 44.670000
0.165552 0.332047 44.670000
0.140085 0.332438 44.670000
0.114615 0.332642 44.670000
0.089145 0.332765 44.670000
0.063675 0.332840 44.670000
0.038205 0.332883 44.670000
0.012735 0.332902 44.670000
-0.012735 0.332902 44.670000
-0.038205 0.332883 44.670000
-0.063675 0.332840 44.670000
-0.089145 0.332765 44.670000
-0.114615 0.332642 44.670000
-0.140085 0.332438 44.670000
-0.165552 0.332047 44.670000
-0.190992 0.330807 44.670000
-0.204785 0.309396 44.670000
-0.217857 0.287536 44.670000
-0.230769 0.265581 44.670000
-0.243610 0.243584 44.670000
-0.256410 0.221564 44.670000
-0.269182 0.199528 44.670000
-0.281934 0.177480 44.670000
-0.294669 0.155422 44.670000
-0.307387 0.133355 44.670000
-0.320085 0.111275 44.670000
-0.332755 0.089180 44.670000
-0.345384 0.067061 44.670000
-0.357942 0.044902 44.670000
-0.370337 0.022652 44.670000
-0.381983 0.000000 44.670000
-0.370337 -0.022652 44.670000
-0.357942 -0.044902 44.670000
-0.345384 -0.067061 44.670000
-0.332755 -0.089180 44.670000
-0.320085 -0.111275 44.670000
-0.307387 -0.133355 44.670000
-0.294669 -0.155422 44.670000
-0.281934 -0.177480 44.670000
-0.269182 -0.199528 44.670000
-0.256410 -0.221564 44.670000
-0.243610 -0.243584 44.670000
-0.230769 -0.265581 44.670000
-0.217857 -0.287536 44.670000
-0.204785 -0.309396 44.670000
-0.190992 -0.330807 44.670000
-0.165552 -0.332047 44.670000
-0.140085 -0.332438 44.670000
-0.114615 -0.332642 44.670000
-0.089145 -0.332765 44.670000
-0.063675 -0.332840 44.670000
-0.038205 -0.332883 44.670000
-0.012735 -0.332902 44.670000
0.012735 -0.332902 44.670000
0.038205 -0.332883 44.670000
0.063675 -0.332840 44.670000
0.089145 -0.332765 44.670000
0.114615 -0.332642 44.670000
0.140085 -0.332438 44.670000
0.165552 -0.332047 44.670000
0.190992 -0.330807 44.670000
0.204785 -0.309396 44.670000
0.217857 -0.287536 44.670000
0.230769 -0.265581 44.670000
0.243610 -0.243584 44.670000
0.256410 -0.221564 44.670000
0.269182 -0.199528 44.670000
0.281934 -0.177480 44.670000
0.294669 -0.155422 44.670000
0.307387 -0.133355 44.670000
0.320085 -0.111275 44.670000
0.332755 -0.089180 44.670000
0.345384 -0.067061 44.670000
0.357942 -0.044902 44.670000
0.370337 -0.022652 44.670000
0.381983 0.000000 44.670000

