0.223049 0.000000 17.400000
0.216340 0.013274 17.400000
0.209143 0.026291 17.400000
0.201838 0.039247 17.400000
0.194486 0.052176 17.400000
0.187104 0.065088 17.400000
0.179701 0.077989 17.400000
0.172280 0.090879 17.400000
0.164843 0.103760 17.400000
0.157390 0.116631 17.400000
0.149920 0.129493 17.400000
0.142429 0.142342 17.400000
0.134908 0.155174 17.400000
0.127340 0.167978 17.400000
0.119666 0.180719 17.400000
0.111525 0.193166 17.400000
0.096674 0.193993 17.400000
0.081803 0.194269 17.400000
0.066930 0.194421 17.400000
0.052057 0.194518 17.400000
0.037184 0.194581 17.400000
0.022310 0.194620 17.400000
0.007437 0.194638 17.400000
-0.007437 0.194638 17.400000
-0.022310 0.194620 17.400000
-0.037184 0.194581 17.400000
-0.052057 0.194518 17.400000
-0.066930 0.194421 17.400000
-0.081803 0.194269 17.400000
-0.096674 0.193993 17.400000
-0.111525 0.193166 17.400000
-0.119666 0.180719 17.400000
-0.127340 0.167978 17.400000
-0.134908 0.155174 17.400000
-0.142429 0.142342 17.400000
-0.149920 0.129493 17.400000
-0.157390 0.116631 17.400000
-0.164843 0.103760 17.400000
-0.172280 0.090879 17.400000
-0.179701 0.077989 17.400000
-0.187104 0.065088 17.400000
-0.194486 0.052176 17.400000
-0.201838 0.039247 17.400000
-0.209143 0.026291 17.400000
-0.216340 0.013274 17.400000
-0.223049 0.000000 17.400000
-0.216340 -0.013274 17.400000
-0.209143 -0.026291 17.400000
-0.201838 -0.039247 17.400000
-0.194486 -0.052176 17.400000
-0.187104 -0.065088 17.400000
-0.179701 -0.077989 17.400000
-0.172280 -0.090879 17.400000
-0.164843 -0.103760 17.400000
-0.157390 -0.116631 17.400000
-0.149920 -0.129493 17.400000
-0.142429 -0.142342 17.400000
-0.134908 -0.155174 17.400000
-0.127340 -0.167978 17.400000
-0.119666 -0.180719 17.400000
-0.111525 -0.193166 17.400000
-0.096674 -0.193993 17.400000
-0.081803 -0.194269 17.400000
-0.066930 -0.194421 17.400000
-0.052057 -0.194518 17.400000
-0.037184 -0.194581 17.400000
-0.022310 -0.194620 17.400000
-0.007437 -0.194638 17.400000
0.007437 -0.194638 17.400000
0.022310 -0.194620 17.400000
0.037184 -0.194581 17.400000
0.052057 -0.194518 17.400000
0.066930 -0.194421 17.400000
0.081803 -0.194269 17.400000
0.096674 -0.193993 17.400000
0.111525 -0.193166 17.400000
0.119666 -0.180719 17.400000
0.127340 -0.167978 17.400000
0.134908 -0.155174 17.400000
0.142429 -0.142342 17.400000
0.149920 -0.129493 17.400000
0.157390 -0.116631 17.400000
0.164843 -0.103760 17.400000
0.172280 -0.090879 17.400000
0.179701 -0.077989 17.400000
0.187104 -0.065088 17.400000
0.194486 -0.052176 17.400000
0.201838 -0.039247 17.400000
0.209143 -0.026291 17.400000
0.216340 -0.013274 17.400000
0.223049 0.000000 17.400000

