0.251553 0.000000 21.630000
0.243966 0.014960 21.630000
0.235840 0.029635 21.630000
0.227596 0.044243 21.630000
0.219300 0.058822 21.630000
0.210971 0.073382 21.630000
0.202620 0.087929 21.630000
0.194250 0.102466 21.630000
0.185863 0.116993 21.630000
0.177459 0.131509 21.630000
0.169036 0.146016 21.630000
0.160591 0.160508 21.630000
0.152114 0.174983 21.630000
0.143585 0.189426 21.630000
0.134939 0.203801 21.630000
0.125776 0.217851 21.630000
0.109027 0.218761 21.630000
0.092256 0.219061 21.630000
0.075483 0.219226 21.630000
0.058709 0.219330 21.630000
0.041935 0.219398 21.630000
0.025161 0.219439 21.630000
0.008387 0.219458 21.630000
-0.008387 0.219458 21.630000
-0.025161 0.219439 21.630000
-0.041935 0.219398 21.630000
-0.058709 0.219330 21.630000
-0.075483 0.219226 21.630000
-0.092256 0.219061 21.630000
-0.109027 0.218761 21.630000
-0.125776 0.217851 21.630000
-0.134939 0.203801 21.630000
-0.143585 0.189426 21.630000
-0.152114 0.174983 21.630000
-0.160591 0.160508 21.630000
-0.169036 0.146016 21.630000
-0.177459 0.131509 21.630000
-0.185863 0.116993 21.630000
-0.194250 0.102466 21.630000
-0.202620 0.087929 21.630000
-0.210971 0.073382 21.630000
-0.219300 0.058822 21.630000
-0.227596 0.044243 21.630000
-0.235840 0.029635 21.630000
-0.243966 0.014960 21.630000
-0.251553 0.000000 21.630000
-0.243966 -0.014960 21.630000
-0.235840 -0.029635 21.630000
-0.227596 -0.044243 21.630000
-0.219300 -0.058822 21.630000
-0.210971 -0.073382 21.630000
-0.202620 -0.087929 21.630000
-0.194250 -0.102466 21.630000
-0.185863 -0.116993 21.630000
-0.177459 -0.131509 21.630000
-0.169036 -0.146016 21.630000
-0.160591 -0.160508 21.630000
-0.152114 -0.174983 21.630000
-0.143585 -0.189426 21.630000
-0.134939 -0.203801 21.630000
-0.125776 -0.217851 21.630000
-0.109027 -0.218761 21.630000
-0.092256 -0.219061 21.630000
-0.075483 -0.219226 21.630000
-0.058709 -0.219330 21.630000
-0.041935 -0.219398 21.630000
-0.025161 -0.219439 21.630000
-0.008387 -0.219458 21.630000
0.008387 -0.219458 21.630000
0.025161 -0.219439 21.630000
0.041935 -0.219398 21.630000
0.058709 -0.219330 21.630000
0.075483 -0.219226 21.630000
0.092256 -0.219061 21.630000
0.109027 -0.218761 21.630000
0.125776 -0.217851 21.630000
0.134939 -0.203801 21.630000
0.143585 -0.189426 21.630000
0.152114 -0.174983 21.630000
0.160591 -0.160508 21.630000
0.169036 -0.146016 21.630000
0.177459 -0.131509 21.630000
0.185863 -0.116993 21.630000
0.194250 -0.102466 21.630000
0.202620 -0.087929 21.630000
0.210971 -0.073382 21.630000
0.219300 -0.058822 21.630000
0.227596 -0.044243 21.630000
0.235840 -0.029635 21.630000
0.243966 -0.014960 21.630000
0.251553 0.000000 21.630000

