0.398786 0.000000 48.030000
0.386613 0.023640 48.030000
0.373665 0.046865 48.030000
0.360550 0.069996 48.030000
0.347362 0.093086 48.030000
0.334131 0.116151 48.030000
0.320872 0.139200 48.030000
0.307593 0.162237 48.030000
0.294298 0.185265 48.030000
0.280986 0.208284 48.030000
0.267655 0.231290 48.030000
0.254295 0.254281 48.030000
0.240894 0.277247 48.030000
0.227419 0.300171 48.030000
0.213779 0.322997 48.030000
0.199393 0.345359 48.030000
0.172833 0.346637 48.030000
0.146246 0.347037 48.030000
0.119656 0.347244 48.030000
0.093066 0.347367 48.030000
0.066476 0.347441 48.030000
0.039886 0.347483 48.030000
0.013295 0.347502 48.030000
-0.013295 0.347502 48.030000
-0.039886 0.347483 48.030000
-0.066476 0.347441 48.030000
-0.093066 0.347367 48.030000
-0.119656 0.347244 48.030000
-0.146246 0.347037 48.030000
-0.172833 0.346637 48.030000
-0.199393 0.345359 48.030000
-0.213779 0.322997 48.030000
-0.227419 0.300171 48.030000
-0.240894 0.277247 48.030000
-0.254295 0.254281 48.030000
-0.267655 0.231290 48.030000
-0.280986 0.208284 48.030000
-0.294298 0.185265 48.030000
-0.307593 0.162237 48.030000
-0.320872 0.139200 48.030000
-0.334131 0.116151 48.030000
-0.347362 0.093086 48.030000
-0.360550 0.069996 48.030000
-0.373665 0.046865 48.030000
-0.386613 0.023640 48.030000
-0.398786 0.000000 48.030000
-0.386613 -0.023640 48.030000
-0.373665 -0.046865 48.030000
-0.360550 -0.069996 48.030000
-0.347362 -0.093086 48.030000
-0.334131 -0.116151 48.030000
-0.320872 -0.139200 48.030000
-0.307593 -0.162237 48.030000
-0.294298 -0.185265 48.030000
-0.280986 -0.208284 48.030000
-0.267655 -0.231290 48.030000
-0.254295 -0.254281 48.030000
-0.240894 -0.277247 48.030000
-0.227419 -0.300171 48.030000
-0.213779 -0.322997 48.030000
-0.199393 -0.345359 48.030000
-0.172833 -0.346637 48.030000
-0.146246 -0.347037 48.030000
-0.119656 -0.347244 48.030000
-0.093066 -0.347367 48.030000
-0.066476 -0.347441 48.030000
-0.039886 -0.347483 48.030000
-0.013295 -0.347502 48.030000
0.013295 -0.347502 48.030000
0.039886 -0.347483 48.030000
0.066476 -0.347441 48.030000
0.093066 -0.347367 48.030000
0.119656 -0.347244 48.030000
0.146246 -0.347037 48.030000
0.172833 -0.346637 48.030000
0.199393 -0.345359 48.030000
0.213779 -0.322997 48.030000
0.227419 -0.300171 48.030000
0.240894 -0.277247 48.030000
0.254295 -0.254281 48.030000
0.267655 -0.231290 48.030000
0.280986 -0.208284 48.030000
0.294298 -0.185265 48.030000
0.307593 -0.162237 48.030000
0.320872 -0.139200 48.030000
0.334131 -0.116151 48.030000
0.347362 -0.093086 48.030000
0.360550 -0.069996 48.030000
0.373665 -0.046865 48.030000
0.386613 -0.023640 48.030000
0.398786 0.000000 48.030000

