0.373064 0.000000 42.920000
0.361697 0.022127 42.920000
0.349595 0.043860 42.920000
0.337333 0.065503 42.920000
0.325001 0.087107 42.920000
0.312628 0.108687 42.920000
0.300228 0.130251 42.920000
0.287808 0.151804 42.920000
0.275370 0.173347 42.920000
0.262915 0.194880 42.920000
0.250440 0.216401 42.920000
0.237937 0.237906 42.920000
0.225394 0.259387 42.920000
0.212781 0.280828 42.920000
0.200011 0.302175 42.920000
0.186532 0.323083 42.920000
0.161686 0.324302 42.920000
0.136814 0.324688 42.920000
0.111939 0.324890 42.920000
0.087064 0.325012 42.920000
0.062189 0.325087 42.920000
0.037313 0.325131 42.920000
0.012438 0.325151 42.920000
-0.012438 0.325151 42.920000
-0.037313 0.325131 42.920000
-0.062189 0.325087 42.920000
-0.087064 0.325012 42.920000
-0.111939 0.324890 42.920000
-0.136814 0.324688 42.920000
-0.161686 0.324302 42.920000
-0.186532 0.323083 42.920000
-0.200011 0.302175 42.920000
-0.212781 0.280828 42.920000
-0.225394 0.259387 42.920000
-0.237937 0.237906 42.920000
-0.250440 0.216401 42.920000
-0.262915 0.194880 42.920000
-0.275370 0.173347 42.920000
-0.287808 0.151804 42.920000
-0.300228 0.130251 42.920000
-0.312628 0.108687 42.920000
-0.325001 0.087107 42.920000
-0.337333 0.065503 42.920000
-0.349595 0.043860 42.920000
-0.361697 0.022127 42.920000
-0.373064 0.000000 42.920000
-0.361697 -0.022127 42.920000
-0.349595 -0.043860 42.920000
-0.337333 -0.065503 42.920000
-0.325001 -0.087107 42.920000
-0.312628 -0.108687 42.920000
-0.300228 -0.130251 42.920000
-0.287808 -0.151804 42.920000
-0.275370 -0.173347 42.920000
-0.262915 -0.194880 42.920000
-0.250440 -0.216401 42.920000
-0.237937 -0.237906 42.920000
-0.225394 -0.259387 42.920000
-0.212781 -0.280828 42.920000
-0.200011 -0.302175 42.920000
-0.186532 -0.323083 42.920000
-0.161686 -0.324302 42.920000
-0.136814 -0.324688 42.920000
-0.111939 -0.324890 42.920000
-0.087064 -0.325012 42.920000
-0.062189 -0.325087 42.920000
-0.037313 -0.325131 42.920000
-0.012438 -0.325151 42.920000
0.012438 -0.325151 42.920000
0.037313 -0.325131 42.920000
0.062189 -0.325087 42.920000
0.087064 -0.325012 42.920000
0.111939 -0.324890 42.920000
0.136814 -0.324688 42.920000
0.161686 -0.324302 42.920000
0.186532 -0.323083 42.920000
0.200011 -0.302175 42.920000
0.212781 -0.280828 42.920000
0.225394 -0.259387 42.920000
0.237937 -0.237906 42.920000
0.250440 -0.216401 42.920000
0.262915 -0.194880 42.920000
0.275370 -0.173347 42.920000
0.287808 -0.151804 42.920000
0.300228 -0.130251 42.920000
0.312628 -0.108687 42.920000
0.325001 -0.087107 42.920000
0.337333 -0.065503 42.920000
0.349595 -0.043860 42.920000
0.361697 -0.022127 42.920000
0.373064 0.000000 42.920000

