0.218537 0.000000 16.760000
0.211967 0.013007 16.760000
0.204917 0.025761 16.760000
0.197761 0.038456 16.760000
0.190557 0.051124 16.760000
0.183325 0.063775 16.760000
0.176072 0.076415 16.760000
0.168801 0.089044 16.760000
0.161515 0.101664 16.760000
0.154213 0.114275 16.760000
0.146893 0.126877 16.760000
0.139553 0.139466 16.760000
0.132184 0.152038 16.760000
0.124768 0.164582 16.760000
0.117248 0.177065 16.760000
0.109269 0.189259 16.760000
0.094719 0.190072 16.760000
0.080149 0.190344 16.760000
0.065577 0.190494 16.760000
0.051004 0.190589 16.760000
0.036432 0.190652 16.760000
0.021859 0.190690 16.760000
0.007286 0.190708 16.760000
-0.007286 0.190708 16.760000
-0.021859 0.190690 16.760000
-0.036432 0.190652 16.760000
-0.051004 0.190589 16.760000
-0.065577 0.190494 16.760000
-0.080149 0.190344 16.760000
-0.094719 0.190072 16.760000
-0.109269 0.189259 16.760000
-0.117248 0.177065 16.760000
-0.124768 0.164582 16.760000
-0.132184 0.152038 16.760000
-0.139553 0.139466 16.760000
-0.146893 0.126877 16.760000
-0.154213 0.114275 16.760000
-0.161515 0.101664 16.760000
-0.168801 0.089044 16.760000
-0.176072 0.076415 16.760000
-0.183325 0.063775 16.760000
-0.190557 0.051124 16.760000
-0.197761 0.038456 16.760000
-0.204917 0.025761 16.760000
-0.211967 0.013007 16.760000
-0.218537 0.000000 16.760000
-0.211967 -0.013007 16.760000
-0.204917 -0.025761 16.760000
-0.197761 -0.038456 16.760000
-0.190557 -0.051124 16.760000
-0.183325 -0.063775 16.760000
-0.176072 -0.076415 16.760000
-0.168801 -0.089044 16.760000
-0.161515 -0.101664 16.760000
-0.154213 -0.114275 16.760000
-0.146893 -0.126877 16.760000
-0.139553 -0.139466 16.760000
-0.132184 -0.152038 16.760000
-0.124768 -0.164582 16.760000
-0.117248 -0.177065 16.760000
-0.109269 -0.189259 16.760000
-0.094719 -0.190072 16.760000
-0.080149 -0.190344 16.760000
-0.065577 -0.190494 16.760000
-0.051004 -0.190589 16.760000
-0.036432 -0.190652 16.760000
-0.021859 -0.190690 16.760000
-0.007286 -0.190708 16.760000
0.007286 -0.190708 16.760000
0.021859 -0.190690 16.760000
0.036432 -0.190652 16.760000
0.051004 -0.190589 16.760000
0.065577 -0.190494 16.760000
0.080149 -0.190344 16.760000
0.094719 -0.190072 16.760000
0.109269 -0.189259 16.760000
0.117248 -0.177065 16.760000
0.124768 -0.164582 16.760000
0.132184 -0.152038 16.760000
0.139553 -0.139466 16.760000
0.146893 -0.126877 16.760000
0.154213 -0.114275 16.760000
0.161515 -0.101664 16.760000
0.168801 -0.089044 16.760000
0.176072 -0.076415 16.760000
0.183325 -0.063775 16.760000
0.190557 -0.051124 16.760000
0.197761 -0.038456 16.760000
0.204917 -0.025761 16.760000
0.211967 -0.013007 16.760000
0.218537 0.000000 16.760000

