0.299250 0.000000 29.390000
0.290186 0.017777 29.390000
0.280503 0.035224 29.390000
0.270684 0.052595 29.390000
0.260806 0.069933 29.390000
0.250892 0.087250 29.390000
0.240953 0.104553 29.390000
0.230994 0.121844 29.390000
0.221017 0.139125 29.390000
0.211022 0.156395 29.390000
0.201007 0.173654 29.390000
0.190967 0.190898 29.390000
0.180891 0.208122 29.390000
0.170756 0.225311 29.390000
0.160488 0.242420 29.390000
0.149625 0.259158 29.390000
0.129698 0.260197 29.390000
0.109747 0.260535 29.390000
0.089793 0.260717 29.390000
0.069839 0.260831 29.390000
0.049885 0.260904 29.390000
0.029931 0.260948 29.390000
0.009977 0.260968 29.390000
-0.009977 0.260968 29.390000
-0.029931 0.260948 29.390000
-0.049885 0.260904 29.390000
-0.069839 0.260831 29.390000
-0.089793 0.260717 29.390000
-0.109747 0.260535 29.390000
-0.129698 0.260197 29.390000
-0.149625 0.259158 29.390000
-0.160488 0.242420 29.390000
-0.170756 0.225311 29.390000
-0.180891 0.208122 29.390000
-0.190967 0.190898 29.390000
-0.201007 0.173654 29.390000
-0.211022 0.156395 29.390000
-0.221017 0.139125 29.390000
-0.230994 0.121844 29.390000
-0.240953 0.104553 29.390000
-0.250892 0.087250 29.390000
-0.260806 0.069933 29.390000
-0.270684 0.052595 29.390000
-0.280503 0.035224 29.390000
-0.290186 0.017777 29.390000
-0.299250 0.000000 29.390000
-0.290186 -0.017777 29.390000
-0.280503 -0.035224 29.390000
-0.270684 -0.052595 29.390000
-0.260806 -0.069933 29.390000
-0.250892 -0.087250 29.390000
-0.240953 -0.104553 29.390000
-0.230994 -0.121844 29.390000
-0.221017 -0.139125 29.390000
-0.211022 -0.156395 29.390000
-0.201007 -0.173654 29.390000
-0.190967 -0.190898 29.390000
-0.180891 -0.208122 29.390000
-0.170756 -0.225311 29.390000
-0.160488 -0.242420 29.390000
-0.149625 -0.259158 29.390000
-0.129698 -0.260197 29.390000
-0.109747 -0.260535 29.390000
-0.089793 -0.260717 29.390000
-0.069839 -0.260831 29.390000
-0.049885 -0.260904 29.390000
-0.029931 -0.260948 29.390000
-0.009977 -0.260968 29.390000
0.009977 -0.260968 29.390000
0.029931 -0.260948 29.390000
0.049885 -0.260904 29.390000
0.069839 -0.260831 29.390000
0.089793 -0.260717 29.390000
0.109747 -0.260535 29.390000
0.129698 -0.260197 29.390000
0.149625 -0.259158 29.390000
0.160488 -0.242420 29.390000
0.170756 -0.225311 29.390000
0.180891 -0.208122 29.390000
0.190967 -0.190898 29.390000
0.201007 -0.173654 29.390000
0.211022 -0.156395 29.390000
0.221017 -0.139125 29.390000
0.230994 -0.121844 29.390000
0.240953 -0.104553 29.390000
0.250892 -0.087250 29.390000
0.260806 -0.069933 29.390000
0.270684 -0.052595 29.390000
0.280503 -0.035224 29.390000
0.290186 -0.017777 29.390000
0.299250 0.000000 29.390000

