0.126154 -0.000000 5.620000
0.122398 0.007527 5.620000
0.118343 0.014899 5.620000
0.114222 0.022232 5.620000
0.110070 0.029549 5.620000
0.105900 0.036856 5.620000
0.101716 0.044154 5.620000
0.097520 0.051446 5.620000
0.093314 0.058732 5.620000
0.089096 0.066011 5.620000
0.084868 0.073284 5.620000
0.080625 0.080549 5.620000
0.076365 0.087803 5.620000
0.072074 0.095039 5.620000
0.067718 0.102236 5.620000
0.063077 0.109253 5.620000
0.054680 0.109763 5.620000
0.046269 0.109937 5.620000
0.037857 0.110035 5.620000
0.029444 0.110098 5.620000
0.021032 0.110140 5.620000
0.012619 0.110165 5.620000
0.004206 0.110178 5.620000
-0.004206 0.110178 5.620000
-0.012619 0.110165 5.620000
-0.021032 0.110140 5.620000
-0.029444 0.110098 5.620000
-0.037857 0.110035 5.620000
-0.046269 0.109937 5.620000
-0.054680 0.109763 5.620000
-0.063077 0.109253 5.620000
-0.067718 0.102236 5.620000
-0.072074 0.095039 5.620000
-0.076365 0.087803 5.620000
-0.080625 0.080549 5.620000
-0.084868 0.073284 5.620000
-0.089096 0.066011 5.620000
-0.093314 0.058732 5.620000
-0.097520 0.051446 5.620000
-0.101716 0.044154 5.620000
-0.105900 0.036856 5.620000
-0.110070 0.029549 5.620000
-0.114222 0.022232 5.620000
-0.118343 0.014899 5.620000
-0.122398 0.007527 5.620000
-0.126154 -0.000000 5.620000
-0.122398 -0.007527 5.620000
-0.118343 -0.014899 5.620000
-0.114222 -0.022232 5.620000
-0.110070 -0.029549 5.620000
-0.105900 -0.036856 5.620000
-0.101716 -0.044154 5.620000
-0.097520 -0.051446 5.620000
-0.093314 -0.058732 5.620000
-0.089096 -0.066011 5.620000
-0.084868 -0.073284 5.620000
-0.080625 -0.080549 5.620000
-0.076365 -0.087803 5.620000
-0.072074 -0.095039 5.620000
-0.067718 -0.102236 5.620000
-0.063077 -0.109253 5.620000
-0.054680 -0.109763 5.620000
-0.046269 -0.109937 5.620000
-0.037857 -0.110035 5.620000
-0.029444 -0.110098 5.620000
-0.021032 -0.110140 5.620000
-0.012619 -0.110165 5.620000
-0.004206 -0.110178 5.620000
0.004206 -0.110178 5.620000
0.012619 -0.110165 5.620000
0.021032 -0.110140 5.620000
0.029444 -0.110098 5.620000
0.037857 -0.110035 5.620000
0.046269 -0.109937 5.620000
0.054680 -0.109763 5.620000
0.063077 -0.109253 5.620000
0.067718 -0.102236 5.620000
0.072074 -0.095039 5.620000
0.076365 -0.087803 5.620000
0.080625 -0.080549 5.620000
0.084868 -0.073284 5.620000
0.089096 -0.066011 5.620000
0.093314 -0.058732 5.620000
0.097520 -0.051446 5.620000
0.101716 -0.044154 5.620000
0.105900 -0.036856 5.620000
0.110070 -0.029549 5.620000
0.114222 -0.022232 5.620000
0.118343 -0.014899 5.620000
0.122398 -0.007527 5.620000
0.126154 -0.000000 5.620000

