0.214181 0.000000 16.150000
0.207744 0.012749 16.150000
0.200836 0.025250 16.150000
0.193823 0.037692 16.150000
0.186764 0.050108 16.150000
0.179677 0.062507 16.150000
0.172568 0.074895 16.150000
0.165443 0.087273 16.150000
0.158302 0.099641 16.150000
0.151145 0.112001 16.150000
0.143971 0.124351 16.150000
0.136776 0.136689 16.150000
0.129554 0.149010 16.150000
0.122285 0.161304 16.150000
0.114914 0.173537 16.150000
0.107091 0.185486 16.150000
0.092831 0.186287 16.150000
0.078551 0.186554 16.150000
0.064270 0.186702 16.150000
0.049988 0.186796 16.150000
0.035706 0.186858 16.150000
0.021423 0.186896 16.150000
0.007141 0.186914 16.150000
-0.007141 0.186914 16.150000
-0.021423 0.186896 16.150000
-0.035706 0.186858 16.150000
-0.049988 0.186796 16.150000
-0.064270 0.186702 16.150000
-0.078551 0.186554 16.150000
-0.092831 0.186287 16.150000
-0.107091 0.185486 16.150000
-0.114914 0.173537 16.150000
-0.122285 0.161304 16.150000
-0.129554 0.149010 16.150000
-0.136776 0.136689 16.150000
-0.143971 0.124351 16.150000
-0.151145 0.112001 16.150000
-0.158302 0.099641 16.150000
-0.165443 0.087273 16.150000
-0.172568 0.074895 16.150000
-0.179677 0.062507 16.150000
-0.186764 0.050108 16.150000
-0.193823 0.037692 16.150000
-0.200836 0.025250 16.150000
-0.207744 0.012749 16.150000
-0.214181 0.000000 16.150000
-0.207744 -0.012749 16.150000
-0.200836 -0.025250 16.150000
-0.193823 -0.037692 16.150000
-0.186764 -0.050108 16.150000
-0.179677 -0.062507 16.150000
-0.172568 -0.074895 16.150000
-0.165443 -0.087273 16.150000
-0.158302 -0.099641 16.150000
-0.151145 -0.112001 16.150000
-0.143971 -0.124351 16.150000
-0.136776 -0.136689 16.150000
-0.129554 -0.149010 16.150000
-0.122285 -0.161304 16.150000
-0.114914 -0.173537 16.150000
-0.107091 -0.185486 16.150000
-0.092831 -0.186287 16.150000
-0.078551 -0.186554 16.150000
-0.064270 -0.186702 16.150000
-0.049988 -0.186796 16.150000
-0.035706 -0.186858 16.150000
-0.021423 -0.186896 16.150000
-0.007141 -0.186914 16.150000
0.007141 -0.186914 16.150000
0.021423 -0.186896 16.150000
0.035706 -0.186858 16.150000
0.049988 -0.186796 16.150000
0.064270 -0.186702 16.150000
0.078551 -0.186554 16.150000
0.092831 -0.186287 16.150000
0.107091 -0.185486 16.150000
0.114914 -0.173537 16.150000
0.122285 -0.161304 16.150000
0.129554 -0.149010 16.150000
0.136776 -0.136689 16.150000
0.143971 -0.124351 16.150000
0.151145 -0.112001 16.150000
0.158302 -0.099641 16.150000
0.165443 -0.087273 16.150000
0.172568 -0.074895 16.150000
0.179677 -0.062507 16.150000
0.186764 -0.050108 16.150000
0.193823 -0.037692 16.150000
0.200836 -0.025250 16.150000
0.207744 -0.012749 16.150000
0.214181 0.000000 16.150000

