0.390336 0.000000 46.330000
0.378428 0.023143 46.330000
0.365758 0.045878 46.330000
0.352923 0.068521 46.330000
0.340016 0.091122 46.330000
0.327067 0.113699 46.330000
0.314091 0.136260 46.330000
0.301094 0.158810 46.330000
0.288081 0.181350 46.330000
0.275050 0.203881 46.330000
0.262000 0.226399 46.330000
0.248922 0.248902 46.330000
0.235802 0.271380 46.330000
0.222611 0.293817 46.330000
0.209256 0.316157 46.330000
0.195168 0.338041 46.330000
0.169171 0.339300 46.330000
0.143147 0.339695 46.330000
0.117121 0.339901 46.330000
0.091094 0.340024 46.330000
0.065068 0.340098 46.330000
0.039041 0.340141 46.330000
0.013014 0.340160 46.330000
-0.013014 0.340160 46.330000
-0.039041 0.340141 46.330000
-0.065068 0.340098 46.330000
-0.091094 0.340024 46.330000
-0.117121 0.339901 46.330000
-0.143147 0.339695 46.330000
-0.169171 0.339300 46.330000
-0.195168 0.338041 46.330000
-0.209256 0.316157 46.330000
-0.222611 0.293817 46.330000
-0.235802 0.271380 46.330000
-0.248922 0.248902 46.330000
-0.262000 0.226399 46.330000
-0.275050 0.203881 46.330000
-0.288081 0.181350 46.330000
-0.301094 0.158810 46.330000
-0.314091 0.136260 46.330000
-0.327067 0.113699 46.330000
-0.340016 0.091122 46.330000
-0.352923 0.068521 46.330000
-0.365758 0.045878 46.330000
-0.378428 0.023143 46.330000
-0.390336 0.000000 46.330000
-0.378428 -0.023143 46.330000
-0.365758 -0.045878 46.330000
-0.352923 -0.068521 46.330000
-0.340016 -0.091122 46.330000
-0.327067 -0.113699 46.330000
-0.314091 -0.136260 46.330000
-0.301094 -0.158810 46.330000
-0.288081 -0.181350 46.330000
-0.275050 -0.203881 46.330000
-0.262000 -0.226399 46.330000
-0.248922 -0.248902 46.330000
-0.235802 -0.271380 46.330000
-0.222611 -0.293817 46.330000
-0.209256 -0.316157 46.330000
-0.195168 -0.338041 46.330000
-0.169171 -0.339300 46.330000
-0.143147 -0.339695 46.330000
-0.117121 -0.339901 46.330000
-0.091094 -0.340024 46.330000
-0.065068 -0.340098 46.330000
-0.039041 -0.340141 46.330000
-0.013014 -0.340160 46.330000
0.013014 -0.340160 46.330000
0.039041 -0.340141 46.330000
0.065068 -0.340098 46.330000
0.091094 -0.340024 46.330000
0.117121 -0.339901 46.330000
0.143147 -0.339695 46.330000
0.169171 -0.339300 46.330000
0.195168 -0.338041 46.330000
0.209256 -0.316157 46.330000
0.222611 -0.293817 46.330000
0.235802 -0.271380 46.330000
0.248922 -0.248902 46.330000
0.262000 -0.226399 46.330000
0.275050 -0.203881 46.330000
0.288081 -0.181350 46.330000
0.301094 -0.158810 46.330000
0.314091 -0.136260 46.330000
0.327067 -0.113699 46.330000
0.340016 -0.091122 46.330000
0.352923 -0.068521 46.330000
0.365758 -0.045878 46.330000
0.378428 -0.023143 46.330000
0.390336 0.000000 46.330000

