0.345477 0.000000 37.660000
0.334973 0.020502 37.660000
0.323776 0.040634 37.660000
0.312428 0.060681 37.660000
0.301014 0.080691 37.660000
0.289561 0.100678 37.660000
0.278081 0.120650 37.660000
0.266581 0.140611 37.660000
0.255063 0.160561 37.660000
0.243527 0.180500 37.660000
0.231971 0.200428 37.660000
0.220387 0.220340 37.660000
0.208766 0.240230 37.660000
0.197078 0.260081 37.660000
0.185242 0.279844 37.660000
0.172738 0.299192 37.660000
0.149731 0.300346 37.660000
0.126698 0.300715 37.660000
0.103662 0.300911 37.660000
0.080627 0.301031 37.660000
0.057590 0.301106 37.660000
0.034554 0.301151 37.660000
0.011518 0.301171 37.660000
-0.011518 0.301171 37.660000
-0.034554 0.301151 37.660000
-0.057590 0.301106 37.660000
-0.080627 0.301031 37.660000
-0.103662 0.300911 37.660000
-0.126698 0.300715 37.660000
-0.149731 0.300346 37.660000
-0.172738 0.299192 37.660000
-0.185242 0.279844 37.660000
-0.197078 0.260081 37.660000
-0.208766 0.240230 37.660000
-0.220387 0.220340 37.660000
-0.231971 0.200428 37.660000
-0.243527 0.180500 37.660000
-0.255063 0.160561 37.660000
-0.266581 0.140611 37.660000
-0.278081 0.120650 37.660000
-0.289561 0.100678 37.660000
-0.301014 0.080691 37.660000
-0.312428 0.060681 37.660000
-0.323776 0.040634 37.660000
-0.334973 0.020502 37.660000
-0.345477 0.000000 37.660000
-0.334973 -0.020502 37.660000
-0.323776 -0.040634 37.660000
-0.312428 -0.060681 37.660000
-0.301014 -0.080691 37.660000
-0.289561 -0.100678 37.660000
-0.278081 -0.120650 37.660000
-0.266581 -0.140611 37.660000
-0.255063 -0.160561 37.660000
-0.243527 -0.180500 37.660000
-0.231971 -0.200428 37.660000
-0.220387 -0.220340 37.660000
-0.208766 -0.240230 37.660000
-0.197078 -0.260081 37.660000
-0.185242 -0.279844 37.660000
-0.172738 -0.299192 37.660000
-0.149731 -0.300346 37.660000
-0.126698 -0.300715 37.660000
-0.103662 -0.300911 37.660000
-0.080627 -0.301031 37.660000
-0.057590 -0.301106 37.660000
-0.034554 -0.301151 37.660000
-0.011518 -0.301171 37.660000
0.011518 -0.301171 37.660000
0.034554 -0.301151 37.660000
0.057590 -0.301106 37.660000
0.080627 -0.301031 37.660000
0.103662 -0.300911 37.660000
0.126698 -0.300715 37.660000
0.149731 -0.300346 37.660000
0.172738 -0.299192 37.660000
0.185242 -0.279844 37.660000
0.197078 -0.260081 37.660000
0.208766 -0.240230 37.660000
0.220387 -0.220340 37.660000
0.231971 -0.200428 37.660000
0.243527 -0.180500 37.660000
0.255063 -0.160561 37.660000
0.266581 -0.140611 37.660000
0.278081 -0.120650 37.660000
0.289561 -0.100678 37.660000
0.301014 -0.080691 37.660000
0.312428 -0.060681 37.660000
0.323776 -0.040634 37.660000
0.334973 -0.020502 37.660000
0.345477 0.000000 37.660000

