0.233746 0.000000 18.950000
0.226708 0.013907 18.950000
0.219163 0.027546 18.950000
0.211505 0.041122 18.950000
0.203799 0.054670 18.950000
0.196062 0.068201 18.950000
0.188303 0.081720 18.950000
0.180526 0.095228 18.950000
0.172732 0.108726 18.950000
0.164923 0.122215 18.950000
0.157095 0.135694 18.950000
0.149245 0.149160 18.950000
0.141366 0.162608 18.950000
0.133437 0.176027 18.950000
0.125398 0.189381 18.950000
0.116873 0.202430 18.950000
0.101310 0.203288 18.950000
0.085726 0.203573 18.950000
0.070140 0.203730 18.950000
0.054553 0.203830 18.950000
0.038967 0.203895 18.950000
0.023380 0.203935 18.950000
0.007793 0.203954 18.950000
-0.007793 0.203954 18.950000
-0.023380 0.203935 18.950000
-0.038967 0.203895 18.950000
-0.054553 0.203830 18.950000
-0.070140 0.203730 18.950000
-0.085726 0.203573 18.950000
-0.101310 0.203288 18.950000
-0.116873 0.202430 18.950000
-0.125398 0.189381 18.950000
-0.133437 0.176027 18.950000
-0.141366 0.162608 18.950000
-0.149245 0.149160 18.950000
-0.157095 0.135694 18.950000
-0.164923 0.122215 18.950000
-0.172732 0.108726 18.950000
-0.180526 0.095228 18.950000
-0.188303 0.081720 18.950000
-0.196062 0.068201 18.950000
-0.203799 0.054670 18.950000
-0.211505 0.041122 18.950000
-0.219163 0.027546 18.950000
-0.226708 0.013907 18.950000
-0.233746 0.000000 18.950000
-0.226708 -0.013907 18.950000
-0.219163 -0.027546 18.950000
-0.211505 -0.041122 18.950000
-0.203799 -0.054670 18.950000
-0.196062 -0.068201 18.950000
-0.188303 -0.081720 18.950000
-0.180526 -0.095228 18.950000
-0.172732 -0.108726 18.950000
-0.164923 -0.122215 18.950000
-0.157095 -0.135694 18.950000
-0.149245 -0.149160 18.950000
-0.141366 -0.162608 18.950000
-0.133437 -0.176027 18.950000
-0.125398 -0.189381 18.950000
-0.116873 -0.202430 18.950000
-0.101310 -0.203288 18.950000
-0.085726 -0.203573 18.950000
-0.070140 -0.203730 18.950000
-0.054553 -0.203830 18.950000
-0.038967 -0.203895 18.950000
-0.023380 -0.203935 18.950000
-0.007793 -0.203954 18.950000
0.007793 -0.203954 18.950000
0.023380 -0.203935 18.950000
0.038967 -0.203895 18.950000
0.054553 -0.203830 18.950000
0.070140 -0.203730 18.950000
0.085726 -0.203573 18.950000
0.101310 -0.203288 18.950000
0.116873 -0.202430 18.950000
0.125398 -0.189381 18.950000
0.133437 -0.176027 18.950000
0.141366 -0.162608 18.950000
0.149245 -0.149160 18.950000
0.157095 -0.135694 18.950000
0.164923 -0.122215 18.950000
0.172732 -0.108726 18.950000
0.180526 -0.095228 18.950000
0.188303 -0.081720 18.950000
0.196062 -0.068201 18.950000
0.203799 -0.054670 18.950000
0.211505 -0.041122 18.950000
0.219163 -0.027546 18.950000
0.226708 -0.013907 18.950000
0.233746 0.000000 18.950000

