0.152392 -0.000000 8.380000
0.147841 0.009086 8.380000
0.142938 0.017987 8.380000
0.137955 0.026845 8.380000
0.132938 0.035682 8.380000
0.127899 0.044507 8.380000
0.122844 0.053323 8.380000
0.117775 0.062130 8.380000
0.112694 0.070931 8.380000
0.107601 0.079725 8.380000
0.102494 0.088511 8.380000
0.097371 0.097287 8.380000
0.092226 0.106051 8.380000
0.087046 0.114794 8.380000
0.081789 0.123491 8.380000
0.076196 0.131975 8.380000
0.066051 0.132577 8.380000
0.055891 0.132781 8.380000
0.045730 0.132895 8.380000
0.035568 0.132969 8.380000
0.025406 0.133017 8.380000
0.015243 0.133047 8.380000
0.005081 0.133062 8.380000
-0.005081 0.133062 8.380000
-0.015243 0.133047 8.380000
-0.025406 0.133017 8.380000
-0.035568 0.132969 8.380000
-0.045730 0.132895 8.380000
-0.055891 0.132781 8.380000
-0.066051 0.132577 8.380000
-0.076196 0.131975 8.380000
-0.081789 0.123491 8.380000
-0.087046 0.114794 8.380000
-0.092226 0.106051 8.380000
-0.097371 0.097287 8.380000
-0.102494 0.088511 8.380000
-0.107601 0.079725 8.380000
-0.112694 0.070931 8.380000
-0.117775 0.062130 8.380000
-0.122844 0.053323 8.380000
-0.127899 0.044507 8.380000
-0.132938 0.035682 8.380000
-0.137955 0.026845 8.380000
-0.142938 0.017987 8.380000
-0.147841 0.009086 8.380000
-0.152392 -0.000000 8.380000
-0.147841 -0.009086 8.380000
-0.142938 -0.017987 8.380000
-0.137955 -0.026845 8.380000
-0.132938 -0.035682 8.380000
-0.127899 -0.044507 8.380000
-0.122844 -0.053323 8.380000
-0.117775 -0.062130 8.380000
-0.112694 -0.070931 8.380000
-0.107601 -0.079725 8.380000
-0.102494 -0.088511 8.380000
-0.097371 -0.097287 8.380000
-0.092226 -0.106051 8.380000
-0.087046 -0.114794 8.380000
-0.081789 -0.123491 8.380000
-0.076196 -0.131975 8.380000
-0.066051 -0.132577 8.380000
-0.055891 -0.132781 8.380000
-0.045730 -0.132895 8.380000
-0.035568 -0.132969 8.380000
-0.025406 -0.133017 8.380000
-0.015243 -0.133047 8.380000
-0.005081 -0.133062 8.380000
0.005081 -0.133062 8.380000
0.015243 -0.133047 8.380000
0.025406 -0.133017 8.380000
0.035568 -0.132969 8.380000
0.045730 -0.132895 8.380000
0.055891 -0.132781 8.380000
0.066051 -0.132577 8.380000
0.076196 -0.131975 8.380000
0.081789 -0.123491 8.380000
0.087046 -0.114794 8.380000
0.092226 -0.106051 8.380000
0.097371 -0.097287 8.380000
0.102494 -0.088511 8.380000
0.107601 -0.079725 8.380000
0.112694 -0.070931 8.380000
0.117775 -0.062130 8.380000
0.122844 -0.053323 8.380000
0.127899 -0.044507 8.380000
0.132938 -0.035682 8.380000
0.137955 -0.026845 8.380000
0.142938 -0.017987 8.380000
0.147841 -0.009086 8.380000
0.152392 -0.000000 8.380000

