0.218466 0.000000 16.750000
0.211898 0.013003 16.750000
0.204850 0.025753 16.750000
0.197696 0.038443 16.750000
0.190495 0.051107 16.750000
0.183266 0.063754 16.750000
0.176015 0.076390 16.750000
0.168747 0.089015 16.750000
0.161463 0.101631 16.750000
0.154163 0.114238 16.750000
0.146846 0.126835 16.750000
0.139508 0.139420 16.750000
0.132141 0.151988 16.750000
0.124728 0.164529 16.750000
0.117210 0.177008 16.750000
0.109233 0.189197 16.750000
0.094688 0.190011 16.750000
0.080123 0.190282 16.750000
0.065555 0.190432 16.750000
0.050988 0.190527 16.750000
0.036420 0.190590 16.750000
0.021852 0.190628 16.750000
0.007284 0.190646 16.750000
-0.007284 0.190646 16.750000
-0.021852 0.190628 16.750000
-0.036420 0.190590 16.750000
-0.050988 0.190527 16.750000
-0.065555 0.190432 16.750000
-0.080123 0.190282 16.750000
-0.094688 0.190011 16.750000
-0.109233 0.189197 16.750000
-0.117210 0.177008 16.750000
-0.124728 0.164529 16.750000
-0.132141 0.151988 16.750000
-0.139508 0.139420 16.750000
-0.146846 0.126835 16.750000
-0.154163 0.114238 16.750000
-0.161463 0.101631 16.750000
-0.168747 0.089015 16.750000
-0.176015 0.076390 16.750000
-0.183266 0.063754 16.750000
-0.190495 0.051107 16.750000
-0.197696 0.038443 16.750000
-0.204850 0.025753 16.750000
-0.211898 0.013003 16.750000
-0.218466 0.000000 16.750000
-0.211898 -0.013003 16.750000
-0.204850 -0.025753 16.750000
-0.197696 -0.038443 16.750000
-0.190495 -0.051107 16.750000
-0.183266 -0.063754 16.750000
-0.176015 -0.076390 16.750000
-0.168747 -0.089015 16.750000
-0.161463 -0.101631 16.750000
-0.154163 -0.114238 16.750000
-0.146846 -0.126835 16.750000
-0.139508 -0.139420 16.750000
-0.132141 -0.151988 16.750000
-0.124728 -0.164529 16.750000
-0.117210 -0.177008 16.750000
-0.109233 -0.189197 16.750000
-0.094688 -0.190011 16.750000
-0.080123 -0.190282 16.750000
-0.065555 -0.190432 16.750000
-0.050988 -0.190527 16.750000
-0.036420 -0.190590 16.750000
-0.021852 -0.190628 16.750000
-0.007284 -0.190646 16.750000
0.007284 -0.190646 16.750000
0.021852 -0.190628 16.750000
0.036420 -0.190590 16.750000
0.050988 -0.190527 16.750000
0.065555 -0.190432 16.750000
0.080123 -0.190282 16.750000
0.094688 -0.190011 16.750000
0.109233 -0.189197 16.750000
0.117210 -0.177008 16.750000
0.124728 -0.164529 16.750000
0.132141 -0.151988 16.750000
0.139508 -0.139420 16.750000
0.146846 -0.126835 16.750000
0.154163 -0.114238 16.750000
0.161463 -0.101631 16.750000
0.168747 -0.089015 16.750000
0.176015 -0.076390 16.750000
0.183266 -0.063754 16.750000
0.190495 -0.051107 16.750000
0.197696 -0.038443 16.750000
0.204850 -0.025753 16.750000
0.211898 -0.013003 16.750000
0.218466 0.000000 16.750000

