0.344994 0.000000 37.570000
0.334505 0.020474 37.570000
0.323324 0.040578 37.570000
0.311992 0.060597 37.570000
0.300594 0.080579 37.570000
0.289157 0.100538 37.570000
0.277693 0.120482 37.570000
0.266209 0.140415 37.570000
0.254707 0.160337 37.570000
0.243187 0.180248 37.570000
0.231647 0.200148 37.570000
0.220080 0.220033 37.570000
0.208474 0.239895 37.570000
0.196803 0.259718 37.570000
0.184983 0.279453 37.570000
0.172497 0.298773 37.570000
0.149522 0.299927 37.570000
0.126521 0.300295 37.570000
0.103518 0.300491 37.570000
0.080514 0.300611 37.570000
0.057510 0.300686 37.570000
0.034506 0.300731 37.570000
0.011502 0.300751 37.570000
-0.011502 0.300751 37.570000
-0.034506 0.300731 37.570000
-0.057510 0.300686 37.570000
-0.080514 0.300611 37.570000
-0.103518 0.300491 37.570000
-0.126521 0.300295 37.570000
-0.149522 0.299927 37.570000
-0.172497 0.298773 37.570000
-0.184983 0.279453 37.570000
-0.196803 0.259718 37.570000
-0.208474 0.239895 37.570000
-0.220080 0.220033 37.570000
-0.231647 0.200148 37.570000
-0.243187 0.180248 37.570000
-0.254707 0.160337 37.570000
-0.266209 0.140415 37.570000
-0.277693 0.120482 37.570000
-0.289157 0.100538 37.570000
-0.300594 0.080579 37.570000
-0.311992 0.060597 37.570000
-0.323324 0.040578 37.570000
-0.334505 0.020474 37.570000
-0.344994 0.000000 37.570000
-0.334505 -0.020474 37.570000
-0.323324 -0.040578 37.570000
-0.311992 -0.060597 37.570000
-0.300594 -0.080579 37.570000
-0.289157 -0.100538 37.570000
-0.277693 -0.120482 37.570000
-0.266209 -0.140415 37.570000
-0.254707 -0.160337 37.570000
-0.243187 -0.180248 37.570000
-0.231647 -0.200148 37.570000
-0.220080 -0.220033 37.570000
-0.208474 -0.239895 37.570000
-0.196803 -0.259718 37.570000
-0.184983 -0.279453 37.570000
-0.172497 -0.298773 37.570000
-0.149522 -0.299927 37.570000
-0.126521 -0.300295 37.570000
-0.103518 -0.300491 37.570000
-0.080514 -0.300611 37.570000
-0.057510 -0.300686 37.570000
-0.034506 -0.300731 37.570000
-0.011502 -0.300751 37.570000
0.011502 -0.300751 37.570000
0.034506 -0.300731 37.570000
0.057510 -0.300686 37.570000
0.080514 -0.300611 37.570000
0.103518 -0.300491 37.570000
0.126521 -0.300295 37.570000
0.149522 -0.299927 37.570000
0.172497 -0.298773 37.570000
0.184983 -0.279453 37.570000
0.196803 -0.259718 37.570000
0.208474 -0.239895 37.570000
0.220080 -0.220033 37.570000
0.231647 -0.200148 37.570000
0.243187 -0.180248 37.570000
0.254707 -0.160337 37.570000
0.266209 -0.140415 37.570000
0.277693 -0.120482 37.570000
0.289157 -0.100538 37.570000
0.300594 -0.080579 37.570000
0.311992 -0.060597 37.570000
0.323324 -0.040578 37.570000
0.334505 -0.020474 37.570000
0.344994 0.000000 37.570000

