0.203741 0.000000 14.720000
0.197624 0.012131 14.720000
0.191055 0.024024 14.720000
0.184386 0.035860 14.720000
0.177672 0.047672 14.720000
0.170931 0.059467 14.720000
0.164170 0.071252 14.720000
0.157392 0.083026 14.720000
0.150599 0.094792 14.720000
0.143791 0.106549 14.720000
0.136966 0.118297 14.720000
0.130121 0.130033 14.720000
0.123249 0.141753 14.720000
0.116333 0.153447 14.720000
0.109318 0.165082 14.720000
0.101871 0.176445 14.720000
0.088306 0.177213 14.720000
0.074722 0.177471 14.720000
0.061137 0.177613 14.720000
0.047551 0.177705 14.720000
0.033965 0.177764 14.720000
0.020379 0.177801 14.720000
0.006793 0.177819 14.720000
-0.006793 0.177819 14.720000
-0.020379 0.177801 14.720000
-0.033965 0.177764 14.720000
-0.047551 0.177705 14.720000
-0.061137 0.177613 14.720000
-0.074722 0.177471 14.720000
-0.088306 0.177213 14.720000
-0.101871 0.176445 14.720000
-0.109318 0.165082 14.720000
-0.116333 0.153447 14.720000
-0.123249 0.141753 14.720000
-0.130121 0.130033 14.720000
-0.136966 0.118297 14.720000
-0.143791 0.106549 14.720000
-0.150599 0.094792 14.720000
-0.157392 0.083026 14.720000
-0.164170 0.071252 14.720000
-0.170931 0.059467 14.720000
-0.177672 0.047672 14.720000
-0.184386 0.035860 14.720000
-0.191055 0.024024 14.720000
-0.197624 0.012131 14.720000
-0.203741 0.000000 14.720000
-0.197624 -0.012131 14.720000
-0.191055 -0.024024 14.720000
-0.184386 -0.035860 14.720000
-0.177672 -0.047672 14.720000
-0.170931 -0.059467 14.720000
-0.164170 -0.071252 14.720000
-0.157392 -0.083026 14.720000
-0.150599 -0.094792 14.720000
-0.143791 -0.106549 14.720000
-0.136966 -0.118297 14.720000
-0.130121 -0.130033 14.720000
-0.123249 -0.141753 14.720000
-0.116333 -0.153447 14.720000
-0.109318 -0.165082 14.720000
-0.101871 -0.176445 14.720000
-0.088306 -0.177213 14.720000
-0.074722 -0.177471 14.720000
-0.061137 -0.177613 14.720000
-0.047551 -0.177705 14.720000
-0.033965 -0.177764 14.720000
-0.020379 -0.177801 14.720000
-0.006793 -0.177819 14.720000
0.006793 -0.177819 14.720000
0.020379 -0.177801 14.720000
0.033965 -0.177764 14.720000
0.047551 -0.177705 14.720000
0.061137 -0.177613 14.720000
0.074722 -0.177471 14.720000
0.088306 -0.177213 14.720000
0.101871 -0.176445 14.720000
0.109318 -0.165082 14.720000
0.116333 -0.153447 14.720000
0.123249 -0.141753 14.720000
0.130121 -0.130033 14.720000
0.136966 -0.118297 14.720000
0.143791 -0.106549 14.720000
0.150599 -0.094792 14.720000
0.157392 -0.083026 14.720000
0.164170 -0.071252 14.720000
0.170931 -0.059467 14.720000
0.177672 -0.047672 14.720000
0.184386 -0.035860 14.720000
0.191055 -0.024024 14.720000
0.197624 -0.012131 14.720000
0.203741 0.000000 14.720000

