0.239684 0.000000 19.830000
0.232463 0.014258 19.830000
0.224724 0.028243 19.830000
0.216871 0.042163 19.830000
0.208968 0.056055 19.830000
0.201034 0.069929 19.830000
0.193077 0.083791 19.830000
0.185103 0.097642 19.830000
0.177111 0.111483 19.830000
0.169104 0.125315 19.830000
0.161077 0.139136 19.830000
0.153029 0.152944 19.830000
0.144950 0.166735 19.830000
0.136821 0.180495 19.830000
0.128580 0.194189 19.830000
0.119842 0.207572 19.830000
0.103883 0.208448 19.830000
0.087903 0.208738 19.830000
0.071921 0.208898 19.830000
0.055939 0.208999 19.830000
0.039957 0.209065 19.830000
0.023974 0.209105 19.830000
0.007991 0.209124 19.830000
-0.007991 0.209124 19.830000
-0.023974 0.209105 19.830000
-0.039957 0.209065 19.830000
-0.055939 0.208999 19.830000
-0.071921 0.208898 19.830000
-0.087903 0.208738 19.830000
-0.103883 0.208448 19.830000
-0.119842 0.207572 19.830000
-0.128580 0.194189 19.830000
-0.136821 0.180495 19.830000
-0.144950 0.166735 19.830000
-0.153029 0.152944 19.830000
-0.161077 0.139136 19.830000
-0.169104 0.125315 19.830000
-0.177111 0.111483 19.830000
-0.185103 0.097642 19.830000
-0.193077 0.083791 19.830000
-0.201034 0.069929 19.830000
-0.208968 0.056055 19.830000
-0.216871 0.042163 19.830000
-0.224724 0.028243 19.830000
-0.232463 0.014258 19.830000
-0.239684 0.000000 19.830000
-0.232463 -0.014258 19.830000
-0.224724 -0.028243 19.830000
-0.216871 -0.042163 19.830000
-0.208968 -0.056055 19.830000
-0.201034 -0.069929 19.830000
-0.193077 -0.083791 19.830000
-0.185103 -0.097642 19.830000
-0.177111 -0.111483 19.830000
-0.169104 -0.125315 19.830000
-0.161077 -0.139136 19.830000
-0.153029 -0.152944 19.830000
-0.144950 -0.166735 19.830000
-0.136821 -0.180495 19.830000
-0.128580 -0.194189 19.830000
-0.119842 -0.207572 19.830000
-0.103883 -0.208448 19.830000
-0.087903 -0.208738 19.830000
-0.071921 -0.208898 19.830000
-0.055939 -0.208999 19.830000
-0.039957 -0.209065 19.830000
-0.023974 -0.209105 19.830000
-0.007991 -0.209124 19.830000
0.007991 -0.209124 19.830000
0.023974 -0.209105 19.830000
0.039957 -0.209065 19.830000
0.055939 -0.208999 19.830000
0.071921 -0.208898 19.830000
0.087903 -0.208738 19.830000
0.103883 -0.208448 19.830000
0.119842 -0.207572 19.830000
0.128580 -0.194189 19.830000
0.136821 -0.180495 19.830000
0.144950 -0.166735 19.830000
0.153029 -0.152944 19.830000
0.161077 -0.139136 19.830000
0.169104 -0.125315 19.830000
0.177111 -0.111483 19.830000
0.185103 -0.097642 19.830000
0.193077 -0.083791 19.830000
0.201034 -0.069929 19.830000
0.208968 -0.056055 19.830000
0.216871 -0.042163 19.830000
0.224724 -0.028243 19.830000
0.232463 -0.014258 19.830000
0.239684 0.000000 19.830000

