0.273572 0.000000 25.110000
0.265304 0.016261 25.110000
0.256460 0.032216 25.110000
0.247490 0.048100 25.110000
0.238463 0.063952 25.110000
0.229403 0.079786 25.110000
0.220319 0.095605 25.110000
0.211215 0.111413 25.110000
0.202094 0.127211 25.110000
0.192956 0.142999 25.110000
0.183798 0.158776 25.110000
0.174616 0.174539 25.110000
0.165401 0.190282 25.110000
0.156130 0.205993 25.110000
0.146735 0.221630 25.110000
0.136786 0.236920 25.110000
0.118570 0.237891 25.110000
0.100330 0.238209 25.110000
0.082089 0.238382 25.110000
0.063847 0.238491 25.110000
0.045605 0.238562 25.110000
0.027363 0.238604 25.110000
0.009121 0.238625 25.110000
-0.009121 0.238625 25.110000
-0.027363 0.238604 25.110000
-0.045605 0.238562 25.110000
-0.063847 0.238491 25.110000
-0.082089 0.238382 25.110000
-0.100330 0.238209 25.110000
-0.118570 0.237891 25.110000
-0.136786 0.236920 25.110000
-0.146735 0.221630 25.110000
-0.156130 0.205993 25.110000
-0.165401 0.190282 25.110000
-0.174616 0.174539 25.110000
-0.183798 0.158776 25.110000
-0.192956 0.142999 25.110000
-0.202094 0.127211 25.110000
-0.211215 0.111413 25.110000
-0.220319 0.095605 25.110000
-0.229403 0.079786 25.110000
-0.238463 0.063952 25.110000
-0.247490 0.048100 25.110000
-0.256460 0.032216 25.110000
-0.265304 0.016261 25.110000
-0.273572 0.000000 25.110000
-0.265304 -0.016261 25.110000
-0.256460 -0.032216 25.110000
-0.247490 -0.048100 25.110000
-0.238463 -0.063952 25.110000
-0.229403 -0.079786 25.110000
-0.220319 -0.095605 25.110000
-0.211215 -0.111413 25.110000
-0.202094 -0.127211 25.110000
-0.192956 -0.142999 25.110000
-0.183798 -0.158776 25.110000
-0.174616 -0.174539 25.110000
-0.165401 -0.190282 25.110000
-0.156130 -0.205993 25.110000
-0.146735 -0.221630 25.110000
-0.136786 -0.236920 25.110000
-0.118570 -0.237891 25.110000
-0.100330 -0.238209 25.110000
-0.082089 -0.238382 25.110000
-0.063847 -0.238491 25.110000
-0.045605 -0.238562 25.110000
-0.027363 -0.238604 25.110000
-0.009121 -0.238625 25.110000
0.009121 -0.238625 25.110000
0.027363 -0.238604 25.110000
0.045605 -0.238562 25.110000
0.063847 -0.238491 25.110000
0.082089 -0.238382 25.110000
0.100330 -0.238209 25.110000
0.118570 -0.237891 25.110000
0.136786 -0.236920 25.110000
0.146735 -0.221630 25.110000
0.156130 -0.205993 25.110000
0.165401 -0.190282 25.110000
0.174616 -0.174539 25.110000
0.183798 -0.158776 25.110000
0.192956 -0.142999 25.110000
0.202094 -0.127211 25.110000
0.211215 -0.111413 25.110000
0.220319 -0.095605 25.110000
0.229403 -0.079786 25.110000
0.238463 -0.063952 25.110000
0.247490 -0.048100 25.110000
0.256460 -0.032216 25.110000
0.265304 -0.016261 25.110000
0.273572 0.000000 25.110000

