0.120490 -0.000000 5.070000
0.116904 0.007191 5.070000
0.113032 0.014231 5.070000
0.109096 0.021236 5.070000
0.105132 0.028225 5.070000
0.101149 0.035203 5.070000
0.097153 0.042174 5.070000
0.093146 0.049139 5.070000
0.089128 0.056097 5.070000
0.085100 0.063050 5.070000
0.081061 0.069996 5.070000
0.077009 0.076934 5.070000
0.072939 0.083862 5.070000
0.068841 0.090773 5.070000
0.064679 0.097647 5.070000
0.060245 0.104347 5.070000
0.052225 0.104837 5.070000
0.044192 0.105005 5.070000
0.036157 0.105098 5.070000
0.028122 0.105159 5.070000
0.020087 0.105199 5.070000
0.012052 0.105224 5.070000
0.004018 0.105236 5.070000
-0.004018 0.105236 5.070000
-0.012052 0.105224 5.070000
-0.020087 0.105199 5.070000
-0.028122 0.105159 5.070000
-0.036157 0.105098 5.070000
-0.044192 0.105005 5.070000
-0.052225 0.104837 5.070000
-0.060245 0.104347 5.070000
-0.064679 0.097647 5.070000
-0.068841 0.090773 5.070000
-0.072939 0.083862 5.070000
-0.077009 0.076934 5.070000
-0.081061 0.069996 5.070000
-0.085100 0.063050 5.070000
-0.089128 0.056097 5.070000
-0.093146 0.049139 5.070000
-0.097153 0.042174 5.070000
-0.101149 0.035203 5.070000
-0.105132 0.028225 5.070000
-0.109096 0.021236 5.070000
-0.113032 0.014231 5.070000
-0.116904 0.007191 5.070000
-0.120490 -0.000000 5.070000
-0.116904 -0.007191 5.070000
-0.113032 -0.014231 5.070000
-0.109096 -0.021236 5.070000
-0.105132 -0.028225 5.070000
-0.101149 -0.035203 5.070000
-0.097153 -0.042174 5.070000
-0.093146 -0.049139 5.070000
-0.089128 -0.056097 5.070000
-0.085100 -0.063050 5.070000
-0.081061 -0.069996 5.070000
-0.077009 -0.076934 5.070000
-0.072939 -0.083862 5.070000
-0.068841 -0.090773 5.070000
-0.064679 -0.097647 5.070000
-0.060245 -0.104347 5.070000
-0.052225 -0.104837 5.070000
-0.044192 -0.105005 5.070000
-0.036157 -0.105098 5.070000
-0.028122 -0.105159 5.070000
-0.020087 -0.105199 5.070000
-0.012052 -0.105224 5.070000
-0.004018 -0.105236 5.070000
0.004018 -0.105236 5.070000
0.012052 -0.105224 5.070000
0.020087 -0.105199 5.070000
0.028122 -0.105159 5.070000
0.036157 -0.105098 5.070000
0.044192 -0.105005 5.070000
0.052225 -0.104837 5.070000
0.060245 -0.104347 5.070000
0.064679 -0.097647 5.070000
0.068841 -0.090773 5.070000
0.072939 -0.083862 5.070000
0.077009 -0.076934 5.070000
0.081061 -0.069996 5.070000
0.085100 -0.063050 5.070000
0.089128 -0.056097 5.070000
0.093146 -0.049139 5.070000
0.097153 -0.042174 5.070000
0.101149 -0.035203 5.070000
0.105132 -0.028225 5.070000
0.109096 -0.021236 5.070000
0.113032 -0.014231 5.070000
0.116904 -0.007191 5.070000
0.120490 -0.000000 5.070000

