0.330313 0.000000 34.870000
0.320282 0.019609 34.870000
0.309582 0.038860 34.870000
0.298736 0.058030 34.870000
0.287826 0.077163 34.870000
0.276878 0.096275 34.870000
0.265904 0.115371 34.870000
0.254909 0.134456 34.870000
0.243897 0.153530 34.870000
0.232866 0.172594 34.870000
0.221815 0.191646 34.870000
0.210738 0.210683 34.870000
0.199623 0.229698 34.870000
0.188445 0.248676 34.870000
0.177123 0.267568 34.870000
0.165156 0.286059 34.870000
0.143160 0.287177 34.870000
0.121137 0.287536 34.870000
0.099113 0.287728 34.870000
0.077088 0.287846 34.870000
0.055063 0.287921 34.870000
0.033038 0.287965 34.870000
0.011013 0.287986 34.870000
-0.011013 0.287986 34.870000
-0.033038 0.287965 34.870000
-0.055063 0.287921 34.870000
-0.077088 0.287846 34.870000
-0.099113 0.287728 34.870000
-0.121137 0.287536 34.870000
-0.143160 0.287177 34.870000
-0.165156 0.286059 34.870000
-0.177123 0.267568 34.870000
-0.188445 0.248676 34.870000
-0.199623 0.229698 34.870000
-0.210738 0.210683 34.870000
-0.221815 0.191646 34.870000
-0.232866 0.172594 34.870000
-0.243897 0.153530 34.870000
-0.254909 0.134456 34.870000
-0.265904 0.115371 34.870000
-0.276878 0.096275 34.870000
-0.287826 0.077163 34.870000
-0.298736 0.058030 34.870000
-0.309582 0.038860 34.870000
-0.320282 0.019609 34.870000
-0.330313 0.000000 34.870000
-0.320282 -0.019609 34.870000
-0.309582 -0.038860 34.870000
-0.298736 -0.058030 34.870000
-0.287826 -0.077163 34.870000
-0.276878 -0.096275 34.870000
-0.265904 -0.115371 34.870000
-0.254909 -0.134456 34.870000
-0.243897 -0.153530 34.870000
-0.232866 -0.172594 34.870000
-0.221815 -0.191646 34.870000
-0.210738 -0.210683 34.870000
-0.199623 -0.229698 34.870000
-0.188445 -0.248676 34.870000
-0.177123 -0.267568 34.870000
-0.165156 -0.286059 34.870000
-0.143160 -0.287177 34.870000
-0.121137 -0.287536 34.870000
-0.099113 -0.287728 34.870000
-0.077088 -0.287846 34.870000
-0.055063 -0.287921 34.870000
-0.033038 -0.287965 34.870000
-0.011013 -0.287986 34.870000
0.011013 -0.287986 34.870000
0.033038 -0.287965 34.870000
0.055063 -0.287921 34.870000
0.077088 -0.287846 34.870000
0.099113 -0.287728 34.870000
0.121137 -0.287536 34.870000
0.143160 -0.287177 34.870000
0.165156 -0.286059 34.870000
0.177123 -0.267568 34.870000
0.188445 -0.248676 34.870000
0.199623 -0.229698 34.870000
0.210738 -0.210683 34.870000
0.221815 -0.191646 34.870000
0.232866 -0.172594 34.870000
0.243897 -0.153530 34.870000
0.254909 -0.134456 34.870000
0.265904 -0.115371 34.870000
0.276878 -0.096275 34.870000
0.287826 -0.077163 34.870000
0.298736 -0.058030 34.870000
0.309582 -0.038860 34.870000
0.320282 -0.019609 34.870000
0.330313 0.000000 34.870000

