0.261311 0.000000 23.150000
0.253422 0.015537 23.150000
0.244979 0.030779 23.150000
0.236413 0.045953 23.150000
0.227793 0.061096 23.150000
0.219140 0.076220 23.150000
0.210464 0.091331 23.150000
0.201769 0.106431 23.150000
0.193057 0.121522 23.150000
0.184327 0.136602 23.150000
0.175579 0.151671 23.150000
0.166807 0.166727 23.150000
0.158003 0.181763 23.150000
0.149145 0.196768 23.150000
0.140166 0.211702 23.150000
0.130655 0.226302 23.150000
0.113256 0.227239 23.150000
0.095834 0.227547 23.150000
0.078410 0.227716 23.150000
0.060986 0.227822 23.150000
0.043561 0.227891 23.150000
0.026137 0.227933 23.150000
0.008712 0.227953 23.150000
-0.008712 0.227953 23.150000
-0.026137 0.227933 23.150000
-0.043561 0.227891 23.150000
-0.060986 0.227822 23.150000
-0.078410 0.227716 23.150000
-0.095834 0.227547 23.150000
-0.113256 0.227239 23.150000
-0.130655 0.226302 23.150000
-0.140166 0.211702 23.150000
-0.149145 0.196768 23.150000
-0.158003 0.181763 23.150000
-0.166807 0.166727 23.150000
-0.175579 0.151671 23.150000
-0.184327 0.136602 23.150000
-0.193057 0.121522 23.150000
-0.201769 0.106431 23.150000
-0.210464 0.091331 23.150000
-0.219140 0.076220 23.150000
-0.227793 0.061096 23.150000
-0.236413 0.045953 23.150000
-0.244979 0.030779 23.150000
-0.253422 0.015537 23.150000
-0.261311 0.000000 23.150000
-0.253422 -0.015537 23.150000
-0.244979 -0.030779 23.150000
-0.236413 -0.045953 23.150000
-0.227793 -0.061096 23.150000
-0.219140 -0.076220 23.150000
-0.210464 -0.091331 23.150000
-0.201769 -0.106431 23.150000
-0.193057 -0.121522 23.150000
-0.184327 -0.136602 23.150000
-0.175579 -0.151671 23.150000
-0.166807 -0.166727 23.150000
-0.158003 -0.181763 23.150000
-0.149145 -0.196768 23.150000
-0.140166 -0.211702 23.150000
-0.130655 -0.226302 23.150000
-0.113256 -0.227239 23.150000
-0.095834 -0.227547 23.150000
-0.078410 -0.227716 23.150000
-0.060986 -0.227822 23.150000
-0.043561 -0.227891 23.150000
-0.026137 -0.227933 23.150000
-0.008712 -0.227953 23.150000
0.008712 -0.227953 23.150000
0.026137 -0.227933 23.150000
0.043561 -0.227891 23.150000
0.060986 -0.227822 23.150000
0.078410 -0.227716 23.150000
0.095834 -0.227547 23.150000
0.113256 -0.227239 23.150000
0.130655 -0.226302 23.150000
0.140166 -0.211702 23.150000
0.149145 -0.196768 23.150000
0.158003 -0.181763 23.150000
0.166807 -0.166727 23.150000
0.175579 -0.151671 23.150000
0.184327 -0.136602 23.150000
0.193057 -0.121522 23.150000
0.201769 -0.106431 23.150000
0.210464 -0.091331 23.150000
0.219140 -0.076220 23.150000
0.227793 -0.061096 23.150000
0.236413 -0.045953 23.150000
0.244979 -0.030779 23.150000
0.253422 -0.015537 23.150000
0.261311 0.000000 23.150000

