0.313705 0.000000 31.900000
0.304192 0.018629 31.900000
0.294036 0.036916 31.900000
0.283739 0.055125 31.900000
0.273381 0.073298 31.900000
0.262986 0.091450 31.900000
0.252565 0.109588 31.900000
0.242124 0.127713 31.900000
0.231665 0.145829 31.900000
0.221188 0.163934 31.900000
0.210691 0.182027 31.900000
0.200168 0.200106 31.900000
0.189609 0.218163 31.900000
0.178988 0.236184 31.900000
0.168229 0.254123 31.900000
0.156853 0.271677 31.900000
0.135962 0.272753 31.900000
0.115047 0.273101 31.900000
0.094130 0.273288 31.900000
0.073213 0.273404 31.900000
0.052295 0.273478 31.900000
0.031377 0.273522 31.900000
0.010459 0.273542 31.900000
-0.010459 0.273542 31.900000
-0.031377 0.273522 31.900000
-0.052295 0.273478 31.900000
-0.073213 0.273404 31.900000
-0.094130 0.273288 31.900000
-0.115047 0.273101 31.900000
-0.135962 0.272753 31.900000
-0.156853 0.271677 31.900000
-0.168229 0.254123 31.900000
-0.178988 0.236184 31.900000
-0.189609 0.218163 31.900000
-0.200168 0.200106 31.900000
-0.210691 0.182027 31.900000
-0.221188 0.163934 31.900000
-0.231665 0.145829 31.900000
-0.242124 0.127713 31.900000
-0.252565 0.109588 31.900000
-0.262986 0.091450 31.900000
-0.273381 0.073298 31.900000
-0.283739 0.055125 31.900000
-0.294036 0.036916 31.900000
-0.304192 0.018629 31.900000
-0.313705 0.000000 31.900000
-0.304192 -0.018629 31.900000
-0.294036 -0.036916 31.900000
-0.283739 -0.055125 31.900000
-0.273381 -0.073298 31.900000
-0.262986 -0.091450 31.900000
-0.252565 -0.109588 31.900000
-0.242124 -0.127713 31.900000
-0.231665 -0.145829 31.900000
-0.221188 -0.163934 31.900000
-0.210691 -0.182027 31.900000
-0.200168 -0.200106 31.900000
-0.189609 -0.218163 31.900000
-0.178988 -0.236184 31.900000
-0.168229 -0.254123 31.900000
-0.156853 -0.271677 31.900000
-0.135962 -0.272753 31.900000
-0.115047 -0.273101 31.900000
-0.094130 -0.273288 31.900000
-0.073213 -0.273404 31.900000
-0.052295 -0.273478 31.900000
-0.031377 -0.273522 31.900000
-0.010459 -0.273542 31.900000
0.010459 -0.273542 31.900000
0.031377 -0.273522 31.900000
0.052295 -0.273478 31.900000
0.073213 -0.273404 31.900000
0.094130 -0.273288 31.900000
0.115047 -0.273101 31.900000
0.135962 -0.272753 31.900000
0.156853 -0.271677 31.900000
0.168229 -0.254123 31.900000
0.178988 -0.236184 31.900000
0.189609 -0.218163 31.900000
0.200168 -0.200106 31.900000
0.210691 -0.182027 31.900000
0.221188 -0.163934 31.900000
0.231665 -0.145829 31.900000
0.242124 -0.127713 31.900000
0.252565 -0.109588 31.900000
0.262986 -0.091450 31.900000
0.273381 -0.073298 31.900000
0.283739 -0.055125 31.900000
0.294036 -0.036916 31.900000
0.304192 -0.018629 31.900000
0.313705 0.000000 31.900000

