0.385266 0.000000 45.320000
0.373517 0.022845 45.320000
0.361014 0.045286 45.320000
0.348347 0.067635 45.320000
0.335609 0.089943 45.320000
0.322830 0.112228 45.320000
0.310022 0.134497 45.320000
0.297195 0.156754 45.320000
0.284350 0.179001 45.320000
0.271489 0.201239 45.320000
0.258607 0.223465 45.320000
0.245698 0.245674 45.320000
0.232747 0.267860 45.320000
0.219726 0.290004 45.320000
0.206543 0.312053 45.320000
0.192633 0.333650 45.320000
0.166974 0.334898 45.320000
0.141288 0.335290 45.320000
0.115600 0.335495 45.320000
0.089911 0.335618 45.320000
0.064223 0.335693 45.320000
0.038534 0.335735 45.320000
0.012845 0.335755 45.320000
-0.012845 0.335755 45.320000
-0.038534 0.335735 45.320000
-0.064223 0.335693 45.320000
-0.089911 0.335618 45.320000
-0.115600 0.335495 45.320000
-0.141288 0.335290 45.320000
-0.166974 0.334898 45.320000
-0.192633 0.333650 45.320000
-0.206543 0.312053 45.320000
-0.219726 0.290004 45.320000
-0.232747 0.267860 45.320000
-0.245698 0.245674 45.320000
-0.258607 0.223465 45.320000
-0.271489 0.201239 45.320000
-0.284350 0.179001 45.320000
-0.297195 0.156754 45.320000
-0.310022 0.134497 45.320000
-0.322830 0.112228 45.320000
-0.335609 0.089943 45.320000
-0.348347 0.067635 45.320000
-0.361014 0.045286 45.320000
-0.373517 0.022845 45.320000
-0.385266 0.000000 45.320000
-0.373517 -0.022845 45.320000
-0.361014 -0.045286 45.320000
-0.348347 -0.067635 45.320000
-0.335609 -0.089943 45.320000
-0.322830 -0.112228 45.320000
-0.310022 -0.134497 45.320000
-0.297195 -0.156754 45.320000
-0.284350 -0.179001 45.320000
-0.271489 -0.201239 45.320000
-0.258607 -0.223465 45.320000
-0.245698 -0.245674 45.320000
-0.232747 -0.267860 45.320000
-0.219726 -0.290004 45.320000
-0.206543 -0.312053 45.320000
-0.192633 -0.333650 45.320000
-0.166974 -0.334898 45.320000
-0.141288 -0.335290 45.320000
-0.115600 -0.335495 45.320000
-0.089911 -0.335618 45.320000
-0.064223 -0.335693 45.320000
-0.038534 -0.335735 45.320000
-0.012845 -0.335755 45.320000
0.012845 -0.335755 45.320000
0.038534 -0.335735 45.320000
0.064223 -0.335693 45.320000
0.089911 -0.335618 45.320000
0.115600 -0.335495 45.320000
0.141288 -0.335290 45.320000
0.166974 -0.334898 45.320000
0.192633 -0.333650 45.320000
0.206543 -0.312053 45.320000
0.219726 -0.290004 45.320000
0.232747 -0.267860 45.320000
0.245698 -0.245674 45.320000
0.258607 -0.223465 45.320000
0.271489 -0.201239 45.320000
0.284350 -0.179001 45.320000
0.297195 -0.156754 45.320000
0.310022 -0.134497 45.320000
0.322830 -0.112228 45.320000
0.335609 -0.089943 45.320000
0.348347 -0.067635 45.320000
0.361014 -0.045286 45.320000
0.373517 -0.022845 45.320000
0.385266 0.000000 45.320000

