0.262388 0.000000 23.320000
0.254466 0.015600 23.320000
0.245988 0.030905 23.320000
0.237386 0.046141 23.320000
0.228731 0.061347 23.320000
0.220042 0.076534 23.320000
0.211330 0.091707 23.320000
0.202599 0.106869 23.320000
0.193851 0.122022 23.320000
0.185086 0.137164 23.320000
0.176301 0.152295 23.320000
0.167493 0.167413 23.320000
0.158653 0.182512 23.320000
0.149758 0.197579 23.320000
0.140744 0.212574 23.320000
0.131194 0.227235 23.320000
0.113723 0.228175 23.320000
0.096229 0.228484 23.320000
0.078734 0.228653 23.320000
0.061237 0.228760 23.320000
0.043741 0.228829 23.320000
0.026245 0.228871 23.320000
0.008748 0.228891 23.320000
-0.008748 0.228891 23.320000
-0.026245 0.228871 23.320000
-0.043741 0.228829 23.320000
-0.061237 0.228760 23.320000
-0.078734 0.228653 23.320000
-0.096229 0.228484 23.320000
-0.113723 0.228175 23.320000
-0.131194 0.227235 23.320000
-0.140744 0.212574 23.320000
-0.149758 0.197579 23.320000
-0.158653 0.182512 23.320000
-0.167493 0.167413 23.320000
-0.176301 0.152295 23.320000
-0.185086 0.137164 23.320000
-0.193851 0.122022 23.320000
-0.202599 0.106869 23.320000
-0.211330 0.091707 23.320000
-0.220042 0.076534 23.320000
-0.228731 0.061347 23.320000
-0.237386 0.046141 23.320000
-0.245988 0.030905 23.320000
-0.254466 0.015600 23.320000
-0.262388 0.000000 23.320000
-0.254466 -0.015600 23.320000
-0.245988 -0.030905 23.320000
-0.237386 -0.046141 23.320000
-0.228731 -0.061347 23.320000
-0.220042 -0.076534 23.320000
-0.211330 -0.091707 23.320000
-0.202599 -0.106869 23.320000
-0.193851 -0.122022 23.320000
-0.185086 -0.137164 23.320000
-0.176301 -0.152295 23.320000
-0.167493 -0.167413 23.320000
-0.158653 -0.182512 23.320000
-0.149758 -0.197579 23.320000
-0.140744 -0.212574 23.320000
-0.131194 -0.227235 23.320000
-0.113723 -0.228175 23.320000
-0.096229 -0.228484 23.320000
-0.078734 -0.228653 23.320000
-0.061237 -0.228760 23.320000
-0.043741 -0.228829 23.320000
-0.026245 -0.228871 23.320000
-0.008748 -0.228891 23.320000
0.008748 -0.228891 23.320000
0.026245 -0.228871 23.320000
0.043741 -0.228829 23.320000
0.061237 -0.228760 23.320000
0.078734 -0.228653 23.320000
0.096229 -0.228484 23.320000
0.113723 -0.228175 23.320000
0.131194 -0.227235 23.320000
0.140744 -0.212574 23.320000
0.149758 -0.197579 23.320000
0.158653 -0.182512 23.320000
0.167493 -0.167413 23.320000
0.176301 -0.152295 23.320000
0.185086 -0.137164 23.320000
0.193851 -0.122022 23.320000
0.202599 -0.106869 23.320000
0.211330 -0.091707 23.320000
0.220042 -0.076534 23.320000
0.228731 -0.061347 23.320000
0.237386 -0.046141 23.320000
0.245988 -0.030905 23.320000
0.254466 -0.015600 23.320000
0.262388 0.000000 23.320000

