0.179425 0.000000 11.570000
0.174051 0.010690 11.570000
0.168272 0.021167 11.570000
0.162402 0.031593 11.570000
0.156492 0.041996 11.570000
0.150558 0.052385 11.570000
0.144604 0.062764 11.570000
0.138636 0.073134 11.570000
0.132654 0.083495 11.570000
0.126657 0.093849 11.570000
0.120646 0.104194 11.570000
0.114616 0.114528 11.570000
0.108561 0.124848 11.570000
0.102467 0.135145 11.570000
0.096284 0.145388 11.570000
0.089712 0.155387 11.570000
0.077768 0.156078 11.570000
0.065805 0.156311 11.570000
0.053841 0.156441 11.570000
0.041877 0.156524 11.570000
0.029912 0.156579 11.570000
0.017947 0.156613 11.570000
0.005982 0.156629 11.570000
-0.005982 0.156629 11.570000
-0.017947 0.156613 11.570000
-0.029912 0.156579 11.570000
-0.041877 0.156524 11.570000
-0.053841 0.156441 11.570000
-0.065805 0.156311 11.570000
-0.077768 0.156078 11.570000
-0.089712 0.155387 11.570000
-0.096284 0.145388 11.570000
-0.102467 0.135145 11.570000
-0.108561 0.124848 11.570000
-0.114616 0.114528 11.570000
-0.120646 0.104194 11.570000
-0.126657 0.093849 11.570000
-0.132654 0.083495 11.570000
-0.138636 0.073134 11.570000
-0.144604 0.062764 11.570000
-0.150558 0.052385 11.570000
-0.156492 0.041996 11.570000
-0.162402 0.031593 11.570000
-0.168272 0.021167 11.570000
-0.174051 0.010690 11.570000
-0.179425 -0.000000 11.570000
-0.174051 -0.010690 11.570000
-0.168272 -0.021167 11.570000
-0.162402 -0.031593 11.570000
-0.156492 -0.041996 11.570000
-0.150558 -0.052385 11.570000
-0.144604 -0.062764 11.570000
-0.138636 -0.073134 11.570000
-0.132654 -0.083495 11.570000
-0.126657 -0.093849 11.570000
-0.120646 -0.104194 11.570000
-0.114616 -0.114528 11.570000
-0.108561 -0.124848 11.570000
-0.102467 -0.135145 11.570000
-0.096284 -0.145388 11.570000
-0.089712 -0.155387 11.570000
-0.077768 -0.156078 11.570000
-0.065805 -0.156311 11.570000
-0.053841 -0.156441 11.570000
-0.041877 -0.156524 11.570000
-0.029912 -0.156579 11.570000
-0.017947 -0.156613 11.570000
-0.005982 -0.156629 11.570000
0.005982 -0.156629 11.570000
0.017947 -0.156613 11.570000
0.029912 -0.156579 11.570000
0.041877 -0.156524 11.570000
0.053841 -0.156441 11.570000
0.065805 -0.156311 11.570000
0.077768 -0.156078 11.570000
0.089712 -0.155387 11.570000
0.096284 -0.145388 11.570000
0.102467 -0.135145 11.570000
0.108561 -0.124848 11.570000
0.114616 -0.114528 11.570000
0.120646 -0.104194 11.570000
0.126657 -0.093849 11.570000
0.132654 -0.083495 11.570000
0.138636 -0.073134 11.570000
0.144604 -0.062764 11.570000
0.150558 -0.052385 11.570000
0.156492 -0.041996 11.570000
0.162402 -0.031593 11.570000
0.168272 -0.021167 11.570000
0.174051 -0.010690 11.570000
0.179425 0.000000 11.570000

