0.295085 0.000000 28.680000
0.286150 0.017531 28.680000
0.276603 0.034736 28.680000
0.266922 0.051866 28.680000
0.257182 0.068963 28.680000
0.247407 0.086039 28.680000
0.237606 0.103101 28.680000
0.227786 0.120152 28.680000
0.217948 0.137192 28.680000
0.208092 0.154222 28.680000
0.198216 0.171241 28.680000
0.188315 0.188245 28.680000
0.178379 0.205228 28.680000
0.168384 0.222177 28.680000
0.158257 0.239048 28.680000
0.147542 0.255551 28.680000
0.127893 0.256579 28.680000
0.108219 0.256913 28.680000
0.088544 0.257095 28.680000
0.068867 0.257208 28.680000
0.049191 0.257280 28.680000
0.029515 0.257324 28.680000
0.009838 0.257344 28.680000
-0.009838 0.257344 28.680000
-0.029515 0.257324 28.680000
-0.049191 0.257280 28.680000
-0.068867 0.257208 28.680000
-0.088544 0.257095 28.680000
-0.108219 0.256913 28.680000
-0.127893 0.256579 28.680000
-0.147542 0.255551 28.680000
-0.158257 0.239048 28.680000
-0.168384 0.222177 28.680000
-0.178379 0.205228 28.680000
-0.188315 0.188245 28.680000
-0.198216 0.171241 28.680000
-0.208092 0.154222 28.680000
-0.217948 0.137192 28.680000
-0.227786 0.120152 28.680000
-0.237606 0.103101 28.680000
-0.247407 0.086039 28.680000
-0.257182 0.068963 28.680000
-0.266922 0.051866 28.680000
-0.276603 0.034736 28.680000
-0.286150 0.017531 28.680000
-0.295085 0.000000 28.680000
-0.286150 -0.017531 28.680000
-0.276603 -0.034736 28.680000
-0.266922 -0.051866 28.680000
-0.257182 -0.068963 28.680000
-0.247407 -0.086039 28.680000
-0.237606 -0.103101 28.680000
-0.227786 -0.120152 28.680000
-0.217948 -0.137192 28.680000
-0.208092 -0.154222 28.680000
-0.198216 -0.171241 28.680000
-0.188315 -0.188245 28.680000
-0.178379 -0.205228 28.680000
-0.168384 -0.222177 28.680000
-0.158257 -0.239048 28.680000
-0.147542 -0.255551 28.680000
-0.127893 -0.256579 28.680000
-0.108219 -0.256913 28.680000
-0.088544 -0.257095 28.680000
-0.068867 -0.257208 28.680000
-0.049191 -0.257280 28.680000
-0.029515 -0.257324 28.680000
-0.009838 -0.257344 28.680000
0.009838 -0.257344 28.680000
0.029515 -0.257324 28.680000
0.049191 -0.257280 28.680000
0.068867 -0.257208 28.680000
0.088544 -0.257095 28.680000
0.108219 -0.256913 28.680000
0.127893 -0.256579 28.680000
0.147542 -0.255551 28.680000
0.158257 -0.239048 28.680000
0.168384 -0.222177 28.680000
0.178379 -0.205228 28.680000
0.188315 -0.188245 28.680000
0.198216 -0.171241 28.680000
0.208092 -0.154222 28.680000
0.217948 -0.137192 28.680000
0.227786 -0.120152 28.680000
0.237606 -0.103101 28.680000
0.247407 -0.086039 28.680000
0.257182 -0.068963 28.680000
0.266922 -0.051866 28.680000
0.276603 -0.034736 28.680000
0.286150 -0.017531 28.680000
0.295085 0.000000 28.680000

