0.125850 -0.000000 5.590000
0.122102 0.007509 5.590000
0.118058 0.014863 5.590000
0.113946 0.022179 5.590000
0.109804 0.029478 5.590000
0.105644 0.036767 5.590000
0.101470 0.044048 5.590000
0.097285 0.051322 5.590000
0.093088 0.058590 5.590000
0.088882 0.065852 5.590000
0.084663 0.073107 5.590000
0.080431 0.080354 5.590000
0.076180 0.087591 5.590000
0.071900 0.094810 5.590000
0.067554 0.101989 5.590000
0.062925 0.108989 5.590000
0.054548 0.109498 5.590000
0.046157 0.109672 5.590000
0.037765 0.109770 5.590000
0.029373 0.109832 5.590000
0.020981 0.109874 5.590000
0.012589 0.109900 5.590000
0.004196 0.109912 5.590000
-0.004196 0.109912 5.590000
-0.012589 0.109900 5.590000
-0.020981 0.109874 5.590000
-0.029373 0.109832 5.590000
-0.037765 0.109770 5.590000
-0.046157 0.109672 5.590000
-0.054548 0.109498 5.590000
-0.062925 0.108989 5.590000
-0.067554 0.101989 5.590000
-0.071900 0.094810 5.590000
-0.076180 0.087591 5.590000
-0.080431 0.080354 5.590000
-0.084663 0.073107 5.590000
-0.088882 0.065852 5.590000
-0.093088 0.058590 5.590000
-0.097285 0.051322 5.590000
-0.101470 0.044048 5.590000
-0.105644 0.036767 5.590000
-0.109804 0.029478 5.590000
-0.113946 0.022179 5.590000
-0.118058 0.014863 5.590000
-0.122102 0.007509 5.590000
-0.125850 -0.000000 5.590000
-0.122102 -0.007509 5.590000
-0.118058 -0.014863 5.590000
-0.113946 -0.022179 5.590000
-0.109804 -0.029478 5.590000
-0.105644 -0.036767 5.590000
-0.101470 -0.044048 5.590000
-0.097285 -0.051322 5.590000
-0.093088 -0.058590 5.590000
-0.088882 -0.065852 5.590000
-0.084663 -0.073107 5.590000
-0.080431 -0.080354 5.590000
-0.076180 -0.087591 5.590000
-0.071900 -0.094810 5.590000
-0.067554 -0.101989 5.590000
-0.062925 -0.108989 5.590000
-0.054548 -0.109498 5.590000
-0.046157 -0.109672 5.590000
-0.037765 -0.109770 5.590000
-0.029373 -0.109832 5.590000
-0.020981 -0.109874 5.590000
-0.012589 -0.109900 5.590000
-0.004196 -0.109912 5.590000
0.004196 -0.109912 5.590000
0.012589 -0.109900 5.590000
0.020981 -0.109874 5.590000
0.029373 -0.109832 5.590000
0.037765 -0.109770 5.590000
0.046157 -0.109672 5.590000
0.054548 -0.109498 5.590000
0.062925 -0.108989 5.590000
0.067554 -0.101989 5.590000
0.071900 -0.094810 5.590000
0.076180 -0.087591 5.590000
0.080431 -0.080354 5.590000
0.084663 -0.073107 5.590000
0.088882 -0.065852 5.590000
0.093088 -0.058590 5.590000
0.097285 -0.051322 5.590000
0.101470 -0.044048 5.590000
0.105644 -0.036767 5.590000
0.109804 -0.029478 5.590000
0.113946 -0.022179 5.590000
0.118058 -0.014863 5.590000
0.122102 -0.007509 5.590000
0.125850 -0.000000 5.590000

