0.087853 -0.000000 2.240000
0.085248 0.005248 2.240000
0.082429 0.010383 2.240000
0.079561 0.015492 2.240000
0.076672 0.020589 2.240000
0.073769 0.025678 2.240000
0.070856 0.030761 2.240000
0.067934 0.035839 2.240000
0.065005 0.040913 2.240000
0.062068 0.045982 2.240000
0.059122 0.051047 2.240000
0.056166 0.056105 2.240000
0.053197 0.061156 2.240000
0.050207 0.066194 2.240000
0.047169 0.071203 2.240000
0.043926 0.076083 2.240000
0.038079 0.076451 2.240000
0.032222 0.076577 2.240000
0.026364 0.076648 2.240000
0.020505 0.076694 2.240000
0.014647 0.076725 2.240000
0.008788 0.076743 2.240000
0.002929 0.076752 2.240000
-0.002929 0.076752 2.240000
-0.008788 0.076743 2.240000
-0.014647 0.076725 2.240000
-0.020505 0.076694 2.240000
-0.026364 0.076648 2.240000
-0.032222 0.076577 2.240000
-0.038079 0.076451 2.240000
-0.043926 0.076083 2.240000
-0.047169 0.071203 2.240000
-0.050207 0.066194 2.240000
-0.053197 0.061156 2.240000
-0.056166 0.056105 2.240000
-0.059122 0.051047 2.240000
-0.062068 0.045982 2.240000
-0.065005 0.040913 2.240000
-0.067934 0.035839 2.240000
-0.070856 0.030761 2.240000
-0.073769 0.025678 2.240000
-0.076672 0.020589 2.240000
-0.079561 0.015492 2.240000
-0.082429 0.010383 2.240000
-0.085248 0.005248 2.240000
-0.087853 -0.000000 2.240000
-0.085248 -0.005248 2.240000
-0.082429 -0.010383 2.240000
-0.079561 -0.015492 2.240000
-0.076672 -0.020589 2.240000
-0.073769 -0.025678 2.240000
-0.070856 -0.030761 2.240000
-0.067934 -0.035839 2.240000
-0.065005 -0.040913 2.240000
-0.062068 -0.045982 2.240000
-0.059122 -0.051047 2.240000
-0.056166 -0.056105 2.240000
-0.053197 -0.061156 2.240000
-0.050207 -0.066194 2.240000
-0.047169 -0.071203 2.240000
-0.043926 -0.076083 2.240000
-0.038079 -0.076451 2.240000
-0.032222 -0.076577 2.240000
-0.026364 -0.076648 2.240000
-0.020505 -0.076694 2.240000
-0.014647 -0.076725 2.240000
-0.008788 -0.076743 2.240000
-0.002929 -0.076752 2.240000
0.002929 -0.076752 2.240000
0.008788 -0.076743 2.240000
0.014647 -0.076725 2.240000
0.020505 -0.076694 2.240000
0.026364 -0.076648 2.240000
0.032222 -0.076577 2.240000
0.038079 -0.076451 2.240000
0.043926 -0.076083 2.240000
0.047169 -0.071203 2.240000
0.050207 -0.066194 2.240000
0.053197 -0.061156 2.240000
0.056166 -0.056105 2.240000
0.059122 -0.051047 2.240000
0.062068 -0.045982 2.240000
0.065005 -0.040913 2.240000
0.067934 -0.035839 2.240000
0.070856 -0.030761 2.240000
0.073769 -0.025678 2.240000
0.076672 -0.020589 2.240000
0.079561 -0.015492 2.240000
0.082429 -0.010383 2.240000
0.085248 -0.005248 2.240000
0.087853 -0.000000 2.240000

