0.266106 0.000000 23.910000
0.258070 0.015820 23.910000
0.249469 0.031341 23.910000
0.240745 0.046793 23.910000
0.231966 0.062213 23.910000
0.223154 0.077615 23.910000
0.214319 0.093003 23.910000
0.205464 0.108380 23.910000
0.196592 0.123747 23.910000
0.187702 0.139104 23.910000
0.178794 0.154450 23.910000
0.169861 0.169782 23.910000
0.160896 0.185095 23.910000
0.151877 0.200376 23.910000
0.142735 0.215585 23.910000
0.133053 0.230455 23.910000
0.115334 0.231405 23.910000
0.097593 0.231717 23.910000
0.079849 0.231888 23.910000
0.062105 0.231995 23.910000
0.044361 0.232065 23.910000
0.026617 0.232107 23.910000
0.008872 0.232127 23.910000
-0.008872 0.232127 23.910000
-0.026617 0.232107 23.910000
-0.044361 0.232065 23.910000
-0.062105 0.231995 23.910000
-0.079849 0.231888 23.910000
-0.097593 0.231717 23.910000
-0.115334 0.231405 23.910000
-0.133053 0.230455 23.910000
-0.142735 0.215585 23.910000
-0.151877 0.200376 23.910000
-0.160896 0.185095 23.910000
-0.169861 0.169782 23.910000
-0.178794 0.154450 23.910000
-0.187702 0.139104 23.910000
-0.196592 0.123747 23.910000
-0.205464 0.108380 23.910000
-0.214319 0.093003 23.910000
-0.223154 0.077615 23.910000
-0.231966 0.062213 23.910000
-0.240745 0.046793 23.910000
-0.249469 0.031341 23.910000
-0.258070 0.015820 23.910000
-0.266106 0.000000 23.910000
-0.258070 -0.015820 23.910000
-0.249469 -0.031341 23.910000
-0.240745 -0.046793 23.910000
-0.231966 -0.062213 23.910000
-0.223154 -0.077615 23.910000
-0.214319 -0.093003 23.910000
-0.205464 -0.108380 23.910000
-0.196592 -0.123747 23.910000
-0.187702 -0.139104 23.910000
-0.178794 -0.154450 23.910000
-0.169861 -0.169782 23.910000
-0.160896 -0.185095 23.910000
-0.151877 -0.200376 23.910000
-0.142735 -0.215585 23.910000
-0.133053 -0.230455 23.910000
-0.115334 -0.231405 23.910000
-0.097593 -0.231717 23.910000
-0.079849 -0.231888 23.910000
-0.062105 -0.231995 23.910000
-0.044361 -0.232065 23.910000
-0.026617 -0.232107 23.910000
-0.008872 -0.232127 23.910000
0.008872 -0.232127 23.910000
0.026617 -0.232107 23.910000
0.044361 -0.232065 23.910000
0.062105 -0.231995 23.910000
0.079849 -0.231888 23.910000
0.097593 -0.231717 23.910000
0.115334 -0.231405 23.910000
0.133053 -0.230455 23.910000
0.142735 -0.215585 23.910000
0.151877 -0.200376 23.910000
0.160896 -0.185095 23.910000
0.169861 -0.169782 23.910000
0.178794 -0.154450 23.910000
0.187702 -0.139104 23.910000
0.196592 -0.123747 23.910000
0.205464 -0.108380 23.910000
0.214319 -0.093003 23.910000
0.223154 -0.077615 23.910000
0.231966 -0.062213 23.910000
0.240745 -0.046793 23.910000
0.249469 -0.031341 23.910000
0.258070 -0.015820 23.910000
0.266106 0.000000 23.910000

