0.344510 0.000000 37.480000
0.334037 0.020445 37.480000
0.322871 0.040521 37.480000
0.311555 0.060512 37.480000
0.300174 0.080466 37.480000
0.288753 0.100398 37.480000
0.277305 0.120314 37.480000
0.265837 0.140218 37.480000
0.254351 0.160112 37.480000
0.242847 0.179996 37.480000
0.231323 0.199868 37.480000
0.219772 0.219725 37.480000
0.208183 0.239559 37.480000
0.196528 0.259354 37.480000
0.184724 0.279062 37.480000
0.172255 0.298355 37.480000
0.149312 0.299507 37.480000
0.126343 0.299875 37.480000
0.103373 0.300071 37.480000
0.080401 0.300191 37.480000
0.057429 0.300266 37.480000
0.034458 0.300310 37.480000
0.011486 0.300331 37.480000
-0.011486 0.300331 37.480000
-0.034458 0.300310 37.480000
-0.057429 0.300266 37.480000
-0.080401 0.300191 37.480000
-0.103373 0.300071 37.480000
-0.126343 0.299875 37.480000
-0.149312 0.299507 37.480000
-0.172255 0.298355 37.480000
-0.184724 0.279062 37.480000
-0.196528 0.259354 37.480000
-0.208183 0.239559 37.480000
-0.219772 0.219725 37.480000
-0.231323 0.199868 37.480000
-0.242847 0.179996 37.480000
-0.254351 0.160112 37.480000
-0.265837 0.140218 37.480000
-0.277305 0.120314 37.480000
-0.288753 0.100398 37.480000
-0.300174 0.080466 37.480000
-0.311555 0.060512 37.480000
-0.322871 0.040521 37.480000
-0.334037 0.020445 37.480000
-0.344510 0.000000 37.480000
-0.334037 -0.020445 37.480000
-0.322871 -0.040521 37.480000
-0.311555 -0.060512 37.480000
-0.300174 -0.080466 37.480000
-0.288753 -0.100398 37.480000
-0.277305 -0.120314 37.480000
-0.265837 -0.140218 37.480000
-0.254351 -0.160112 37.480000
-0.242847 -0.179996 37.480000
-0.231323 -0.199868 37.480000
-0.219772 -0.219725 37.480000
-0.208183 -0.239559 37.480000
-0.196528 -0.259354 37.480000
-0.184724 -0.279062 37.480000
-0.172255 -0.298355 37.480000
-0.149312 -0.299507 37.480000
-0.126343 -0.299875 37.480000
-0.103373 -0.300071 37.480000
-0.080401 -0.300191 37.480000
-0.057429 -0.300266 37.480000
-0.034458 -0.300310 37.480000
-0.011486 -0.300331 37.480000
0.011486 -0.300331 37.480000
0.034458 -0.300310 37.480000
0.057429 -0.300266 37.480000
0.080401 -0.300191 37.480000
0.103373 -0.300071 37.480000
0.126343 -0.299875 37.480000
0.149312 -0.299507 37.480000
0.172255 -0.298355 37.480000
0.184724 -0.279062 37.480000
0.196528 -0.259354 37.480000
0.208183 -0.239559 37.480000
0.219772 -0.219725 37.480000
0.231323 -0.199868 37.480000
0.242847 -0.179996 37.480000
0.254351 -0.160112 37.480000
0.265837 -0.140218 37.480000
0.277305 -0.120314 37.480000
0.288753 -0.100398 37.480000
0.300174 -0.080466 37.480000
0.311555 -0.060512 37.480000
0.322871 -0.040521 37.480000
0.334037 -0.020445 37.480000
0.344510 0.000000 37.480000

