0.269544 0.000000 24.460000
0.261401 0.016023 24.460000
0.252688 0.031744 24.460000
0.243851 0.047395 24.460000
0.234958 0.063014 24.460000
0.226032 0.078614 24.460000
0.217082 0.094201 24.460000
0.208112 0.109777 24.460000
0.199126 0.125342 24.460000
0.190121 0.140898 24.460000
0.181098 0.156442 24.460000
0.172051 0.171972 24.460000
0.162970 0.187484 24.460000
0.153835 0.202962 24.460000
0.144577 0.218368 24.460000
0.134772 0.233432 24.460000
0.116824 0.234391 24.460000
0.098853 0.234706 24.460000
0.080880 0.234878 24.460000
0.062907 0.234986 24.460000
0.044934 0.235056 24.460000
0.026960 0.235099 24.460000
0.008987 0.235119 24.460000
-0.008987 0.235119 24.460000
-0.026960 0.235099 24.460000
-0.044934 0.235056 24.460000
-0.062907 0.234986 24.460000
-0.080880 0.234878 24.460000
-0.098853 0.234706 24.460000
-0.116824 0.234391 24.460000
-0.134772 0.233432 24.460000
-0.144577 0.218368 24.460000
-0.153835 0.202962 24.460000
-0.162970 0.187484 24.460000
-0.172051 0.171972 24.460000
-0.181098 0.156442 24.460000
-0.190121 0.140898 24.460000
-0.199126 0.125342 24.460000
-0.208112 0.109777 24.460000
-0.217082 0.094201 24.460000
-0.226032 0.078614 24.460000
-0.234958 0.063014 24.460000
-0.243851 0.047395 24.460000
-0.252688 0.031744 24.460000
-0.261401 0.016023 24.460000
-0.269544 0.000000 24.460000
-0.261401 -0.016023 24.460000
-0.252688 -0.031744 24.460000
-0.243851 -0.047395 24.460000
-0.234958 -0.063014 24.460000
-0.226032 -0.078614 24.460000
-0.217082 -0.094201 24.460000
-0.208112 -0.109777 24.460000
-0.199126 -0.125342 24.460000
-0.190121 -0.140898 24.460000
-0.181098 -0.156442 24.460000
-0.172051 -0.171972 24.460000
-0.162970 -0.187484 24.460000
-0.153835 -0.202962 24.460000
-0.144577 -0.218368 24.460000
-0.134772 -0.233432 24.460000
-0.116824 -0.234391 24.460000
-0.098853 -0.234706 24.460000
-0.080880 -0.234878 24.460000
-0.062907 -0.234986 24.460000
-0.044934 -0.235056 24.460000
-0.026960 -0.235099 24.460000
-0.008987 -0.235119 24.460000
0.008987 -0.235119 24.460000
0.026960 -0.235099 24.460000
0.044934 -0.235056 24.460000
0.062907 -0.234986 24.460000
0.080880 -0.234878 24.460000
0.098853 -0.234706 24.460000
0.116824 -0.234391 24.460000
0.134772 -0.233432 24.460000
0.144577 -0.218368 24.460000
0.153835 -0.202962 24.460000
0.162970 -0.187484 24.460000
0.172051 -0.171972 24.460000
0.181098 -0.156442 24.460000
0.190121 -0.140898 24.460000
0.199126 -0.125342 24.460000
0.208112 -0.109777 24.460000
0.217082 -0.094201 24.460000
0.226032 -0.078614 24.460000
0.234958 -0.063014 24.460000
0.243851 -0.047395 24.460000
0.252688 -0.031744 24.460000
0.261401 -0.016023 24.460000
0.269544 0.000000 24.460000

