0.262894 0.000000 23.400000
0.254957 0.015630 23.400000
0.246461 0.030964 23.400000
0.237843 0.046230 23.400000
0.229171 0.061465 23.400000
0.220466 0.076681 23.400000
0.211737 0.091883 23.400000
0.202989 0.107075 23.400000
0.194224 0.122256 23.400000
0.185442 0.137428 23.400000
0.176640 0.152589 23.400000
0.167815 0.167736 23.400000
0.158958 0.182863 23.400000
0.150047 0.197960 23.400000
0.141015 0.212984 23.400000
0.131447 0.227673 23.400000
0.113942 0.228614 23.400000
0.096415 0.228924 23.400000
0.078885 0.229093 23.400000
0.061355 0.229200 23.400000
0.043825 0.229269 23.400000
0.026295 0.229311 23.400000
0.008765 0.229331 23.400000
-0.008765 0.229331 23.400000
-0.026295 0.229311 23.400000
-0.043825 0.229269 23.400000
-0.061355 0.229200 23.400000
-0.078885 0.229093 23.400000
-0.096415 0.228924 23.400000
-0.113942 0.228614 23.400000
-0.131447 0.227673 23.400000
-0.141015 0.212984 23.400000
-0.150047 0.197960 23.400000
-0.158958 0.182863 23.400000
-0.167815 0.167736 23.400000
-0.176640 0.152589 23.400000
-0.185442 0.137428 23.400000
-0.194224 0.122256 23.400000
-0.202989 0.107075 23.400000
-0.211737 0.091883 23.400000
-0.220466 0.076681 23.400000
-0.229171 0.061465 23.400000
-0.237843 0.046230 23.400000
-0.246461 0.030964 23.400000
-0.254957 0.015630 23.400000
-0.262894 0.000000 23.400000
-0.254957 -0.015630 23.400000
-0.246461 -0.030964 23.400000
-0.237843 -0.046230 23.400000
-0.229171 -0.061465 23.400000
-0.220466 -0.076681 23.400000
-0.211737 -0.091883 23.400000
-0.202989 -0.107075 23.400000
-0.194224 -0.122256 23.400000
-0.185442 -0.137428 23.400000
-0.176640 -0.152589 23.400000
-0.167815 -0.167736 23.400000
-0.158958 -0.182863 23.400000
-0.150047 -0.197960 23.400000
-0.141015 -0.212984 23.400000
-0.131447 -0.227673 23.400000
-0.113942 -0.228614 23.400000
-0.096415 -0.228924 23.400000
-0.078885 -0.229093 23.400000
-0.061355 -0.229200 23.400000
-0.043825 -0.229269 23.400000
-0.026295 -0.229311 23.400000
-0.008765 -0.229331 23.400000
0.008765 -0.229331 23.400000
0.026295 -0.229311 23.400000
0.043825 -0.229269 23.400000
0.061355 -0.229200 23.400000
0.078885 -0.229093 23.400000
0.096415 -0.228924 23.400000
0.113942 -0.228614 23.400000
0.131447 -0.227673 23.400000
0.141015 -0.212984 23.400000
0.150047 -0.197960 23.400000
0.158958 -0.182863 23.400000
0.167815 -0.167736 23.400000
0.176640 -0.152589 23.400000
0.185442 -0.137428 23.400000
0.194224 -0.122256 23.400000
0.202989 -0.107075 23.400000
0.211737 -0.091883 23.400000
0.220466 -0.076681 23.400000
0.229171 -0.061465 23.400000
0.237843 -0.046230 23.400000
0.246461 -0.030964 23.400000
0.254957 -0.015630 23.400000
0.262894 0.000000 23.400000

