0.312625 0.000000 31.710000
0.303145 0.018566 31.710000
0.293024 0.036790 31.710000
0.282764 0.054936 31.710000
0.272441 0.073047 31.710000
0.262082 0.091136 31.710000
0.251698 0.109212 31.710000
0.241293 0.127275 31.710000
0.230870 0.145328 31.710000
0.220429 0.163371 31.710000
0.209968 0.181402 31.710000
0.199481 0.199418 31.710000
0.188958 0.217413 31.710000
0.178373 0.235372 31.710000
0.167651 0.253249 31.710000
0.156312 0.270741 31.710000
0.135494 0.271814 31.710000
0.114651 0.272162 31.710000
0.093806 0.272348 31.710000
0.072961 0.272464 31.710000
0.052115 0.272538 31.710000
0.031269 0.272582 31.710000
0.010423 0.272603 31.710000
-0.010423 0.272603 31.710000
-0.031269 0.272582 31.710000
-0.052115 0.272538 31.710000
-0.072961 0.272464 31.710000
-0.093806 0.272348 31.710000
-0.114651 0.272162 31.710000
-0.135494 0.271814 31.710000
-0.156312 0.270741 31.710000
-0.167651 0.253249 31.710000
-0.178373 0.235372 31.710000
-0.188958 0.217413 31.710000
-0.199481 0.199418 31.710000
-0.209968 0.181402 31.710000
-0.220429 0.163371 31.710000
-0.230870 0.145328 31.710000
-0.241293 0.127275 31.710000
-0.251698 0.109212 31.710000
-0.262082 0.091136 31.710000
-0.272441 0.073047 31.710000
-0.282764 0.054936 31.710000
-0.293024 0.036790 31.710000
-0.303145 0.018566 31.710000
-0.312625 0.000000 31.710000
-0.303145 -0.018566 31.710000
-0.293024 -0.036790 31.710000
-0.282764 -0.054936 31.710000
-0.272441 -0.073047 31.710000
-0.262082 -0.091136 31.710000
-0.251698 -0.109212 31.710000
-0.241293 -0.127275 31.710000
-0.230870 -0.145328 31.710000
-0.220429 -0.163371 31.710000
-0.209968 -0.181402 31.710000
-0.199481 -0.199418 31.710000
-0.188958 -0.217413 31.710000
-0.178373 -0.235372 31.710000
-0.167651 -0.253249 31.710000
-0.156312 -0.270741 31.710000
-0.135494 -0.271814 31.710000
-0.114651 -0.272162 31.710000
-0.093806 -0.272348 31.710000
-0.072961 -0.272464 31.710000
-0.052115 -0.272538 31.710000
-0.031269 -0.272582 31.710000
-0.010423 -0.272603 31.710000
0.010423 -0.272603 31.710000
0.031269 -0.272582 31.710000
0.052115 -0.272538 31.710000
0.072961 -0.272464 31.710000
0.093806 -0.272348 31.710000
0.114651 -0.272162 31.710000
0.135494 -0.271814 31.710000
0.156312 -0.270741 31.710000
0.167651 -0.253249 31.710000
0.178373 -0.235372 31.710000
0.188958 -0.217413 31.710000
0.199481 -0.199418 31.710000
0.209968 -0.181402 31.710000
0.220429 -0.163371 31.710000
0.230870 -0.145328 31.710000
0.241293 -0.127275 31.710000
0.251698 -0.109212 31.710000
0.262082 -0.091136 31.710000
0.272441 -0.073047 31.710000
0.282764 -0.054936 31.710000
0.293024 -0.036790 31.710000
0.303145 -0.018566 31.710000
0.312625 0.000000 31.710000

