0.342465 0.000000 37.100000
0.332055 0.020325 37.100000
0.320957 0.040282 37.100000
0.309709 0.060155 37.100000
0.298395 0.079990 37.100000
0.287042 0.099804 37.100000
0.275663 0.119602 37.100000
0.264263 0.139388 37.100000
0.252845 0.159164 37.100000
0.241410 0.178930 37.100000
0.229954 0.198684 37.100000
0.218471 0.218422 37.100000
0.206950 0.238138 37.100000
0.195363 0.257816 37.100000
0.183629 0.277406 37.100000
0.171232 0.296583 37.100000
0.148426 0.297730 37.100000
0.125593 0.298097 37.100000
0.102759 0.298293 37.100000
0.079924 0.298413 37.100000
0.057088 0.298488 37.100000
0.034253 0.298532 37.100000
0.011418 0.298552 37.100000
-0.011418 0.298552 37.100000
-0.034253 0.298532 37.100000
-0.057088 0.298488 37.100000
-0.079924 0.298413 37.100000
-0.102759 0.298293 37.100000
-0.125593 0.298097 37.100000
-0.148426 0.297730 37.100000
-0.171232 0.296583 37.100000
-0.183629 0.277406 37.100000
-0.195363 0.257816 37.100000
-0.206950 0.238138 37.100000
-0.218471 0.218422 37.100000
-0.229954 0.198684 37.100000
-0.241410 0.178930 37.100000
-0.252845 0.159164 37.100000
-0.264263 0.139388 37.100000
-0.275663 0.119602 37.100000
-0.287042 0.099804 37.100000
-0.298395 0.079990 37.100000
-0.309709 0.060155 37.100000
-0.320957 0.040282 37.100000
-0.332055 0.020325 37.100000
-0.342465 0.000000 37.100000
-0.332055 -0.020325 37.100000
-0.320957 -0.040282 37.100000
-0.309709 -0.060155 37.100000
-0.298395 -0.079990 37.100000
-0.287042 -0.099804 37.100000
-0.275663 -0.119602 37.100000
-0.264263 -0.139388 37.100000
-0.252845 -0.159164 37.100000
-0.241410 -0.178930 37.100000
-0.229954 -0.198684 37.100000
-0.218471 -0.218422 37.100000
-0.206950 -0.238138 37.100000
-0.195363 -0.257816 37.100000
-0.183629 -0.277406 37.100000
-0.171232 -0.296583 37.100000
-0.148426 -0.297730 37.100000
-0.125593 -0.298097 37.100000
-0.102759 -0.298293 37.100000
-0.079924 -0.298413 37.100000
-0.057088 -0.298488 37.100000
-0.034253 -0.298532 37.100000
-0.011418 -0.298552 37.100000
0.011418 -0.298552 37.100000
0.034253 -0.298532 37.100000
0.057088 -0.298488 37.100000
0.079924 -0.298413 37.100000
0.102759 -0.298293 37.100000
0.125593 -0.298097 37.100000
0.148426 -0.297730 37.100000
0.171232 -0.296583 37.100000
0.183629 -0.277406 37.100000
0.195363 -0.257816 37.100000
0.206950 -0.238138 37.100000
0.218471 -0.218422 37.100000
0.229954 -0.198684 37.100000
0.241410 -0.178930 37.100000
0.252845 -0.159164 37.100000
0.264263 -0.139388 37.100000
0.275663 -0.119602 37.100000
0.287042 -0.099804 37.100000
0.298395 -0.079990 37.100000
0.309709 -0.060155 37.100000
0.320957 -0.040282 37.100000
0.332055 -0.020325 37.100000
0.342465 0.000000 37.100000

