0.401499 0.000000 48.580000
0.389240 0.023800 48.580000
0.376203 0.047182 48.580000
0.362998 0.070470 48.580000
0.349719 0.093716 48.580000
0.336398 0.116937 48.580000
0.323049 0.140143 48.580000
0.309679 0.163337 48.580000
0.296294 0.186522 48.580000
0.282892 0.209697 48.580000
0.269470 0.232860 48.580000
0.256020 0.256008 48.580000
0.242528 0.279131 48.580000
0.228963 0.302211 48.580000
0.215231 0.325192 48.580000
0.200749 0.347708 48.580000
0.174009 0.348992 48.580000
0.147241 0.349393 48.580000
0.120470 0.349601 48.580000
0.093699 0.349724 48.580000
0.066928 0.349798 48.580000
0.040157 0.349840 48.580000
0.013386 0.349859 48.580000
-0.013386 0.349859 48.580000
-0.040157 0.349840 48.580000
-0.066928 0.349798 48.580000
-0.093699 0.349724 48.580000
-0.120470 0.349601 48.580000
-0.147241 0.349393 48.580000
-0.174009 0.348992 48.580000
-0.200749 0.347708 48.580000
-0.215231 0.325192 48.580000
-0.228963 0.302211 48.580000
-0.242528 0.279131 48.580000
-0.256020 0.256008 48.580000
-0.269470 0.232860 48.580000
-0.282892 0.209697 48.580000
-0.296294 0.186522 48.580000
-0.309679 0.163337 48.580000
-0.323049 0.140143 48.580000
-0.336398 0.116937 48.580000
-0.349719 0.093716 48.580000
-0.362998 0.070470 48.580000
-0.376203 0.047182 48.580000
-0.389240 0.023800 48.580000
-0.401499 0.000000 48.580000
-0.389240 -0.023800 48.580000
-0.376203 -0.047182 48.580000
-0.362998 -0.070470 48.580000
-0.349719 -0.093716 48.580000
-0.336398 -0.116937 48.580000
-0.323049 -0.140143 48.580000
-0.309679 -0.163337 48.580000
-0.296294 -0.186522 48.580000
-0.282892 -0.209697 48.580000
-0.269470 -0.232860 48.580000
-0.256020 -0.256008 48.580000
-0.242528 -0.279131 48.580000
-0.228963 -0.302211 48.580000
-0.215231 -0.325192 48.580000
-0.200749 -0.347708 48.580000
-0.174009 -0.348992 48.580000
-0.147241 -0.349393 48.580000
-0.120470 -0.349601 48.580000
-0.093699 -0.349724 48.580000
-0.066928 -0.349798 48.580000
-0.040157 -0.349840 48.580000
-0.013386 -0.349859 48.580000
0.013386 -0.349859 48.580000
0.040157 -0.349840 48.580000
0.066928 -0.349798 48.580000
0.093699 -0.349724 48.580000
0.120470 -0.349601 48.580000
0.147241 -0.349393 48.580000
0.174009 -0.348992 48.580000
0.200749 -0.347708 48.580000
0.215231 -0.325192 48.580000
0.228963 -0.302211 48.580000
0.242528 -0.279131 48.580000
0.256020 -0.256008 48.580000
0.269470 -0.232860 48.580000
0.282892 -0.209697 48.580000
0.296294 -0.186522 48.580000
0.309679 -0.163337 48.580000
0.323049 -0.140143 48.580000
0.336398 -0.116937 48.580000
0.349719 -0.093716 48.580000
0.362998 -0.070470 48.580000
0.376203 -0.047182 48.580000
0.389240 -0.023800 48.580000
0.401499 0.000000 48.580000

