0.210060 0.000000 15.580000
0.203749 0.012505 15.580000
0.196975 0.024766 15.580000
0.190098 0.036969 15.580000
0.183175 0.049146 15.580000
0.176224 0.061307 15.580000
0.169253 0.073457 15.580000
0.162264 0.085596 15.580000
0.155261 0.097727 15.580000
0.148242 0.109849 15.580000
0.141205 0.121961 15.580000
0.134149 0.134061 15.580000
0.127065 0.146145 15.580000
0.119935 0.158202 15.580000
0.112705 0.170199 15.580000
0.105030 0.181917 15.580000
0.091044 0.182705 15.580000
0.077040 0.182968 15.580000
0.063033 0.183114 15.580000
0.049026 0.183207 15.580000
0.035018 0.183268 15.580000
0.021011 0.183305 15.580000
0.007004 0.183323 15.580000
-0.007004 0.183323 15.580000
-0.021011 0.183305 15.580000
-0.035018 0.183268 15.580000
-0.049026 0.183207 15.580000
-0.063033 0.183114 15.580000
-0.077040 0.182968 15.580000
-0.091044 0.182705 15.580000
-0.105030 0.181917 15.580000
-0.112705 0.170199 15.580000
-0.119935 0.158202 15.580000
-0.127065 0.146145 15.580000
-0.134149 0.134061 15.580000
-0.141205 0.121961 15.580000
-0.148242 0.109849 15.580000
-0.155261 0.097727 15.580000
-0.162264 0.085596 15.580000
-0.169253 0.073457 15.580000
-0.176224 0.061307 15.580000
-0.183175 0.049146 15.580000
-0.190098 0.036969 15.580000
-0.196975 0.024766 15.580000
-0.203749 0.012505 15.580000
-0.210060 0.000000 15.580000
-0.203749 -0.012505 15.580000
-0.196975 -0.024766 15.580000
-0.190098 -0.036969 15.580000
-0.183175 -0.049146 15.580000
-0.176224 -0.061307 15.580000
-0.169253 -0.073457 15.580000
-0.162264 -0.085596 15.580000
-0.155261 -0.097727 15.580000
-0.148242 -0.109849 15.580000
-0.141205 -0.121961 15.580000
-0.134149 -0.134061 15.580000
-0.127065 -0.146145 15.580000
-0.119935 -0.158202 15.580000
-0.112705 -0.170199 15.580000
-0.105030 -0.181917 15.580000
-0.091044 -0.182705 15.580000
-0.077040 -0.182968 15.580000
-0.063033 -0.183114 15.580000
-0.049026 -0.183207 15.580000
-0.035018 -0.183268 15.580000
-0.021011 -0.183305 15.580000
-0.007004 -0.183323 15.580000
0.007004 -0.183323 15.580000
0.021011 -0.183305 15.580000
0.035018 -0.183268 15.580000
0.049026 -0.183207 15.580000
0.063033 -0.183114 15.580000
0.077040 -0.182968 15.580000
0.091044 -0.182705 15.580000
0.105030 -0.181917 15.580000
0.112705 -0.170199 15.580000
0.119935 -0.158202 15.580000
0.127065 -0.146145 15.580000
0.134149 -0.134061 15.580000
0.141205 -0.121961 15.580000
0.148242 -0.109849 15.580000
0.155261 -0.097727 15.580000
0.162264 -0.085596 15.580000
0.169253 -0.073457 15.580000
0.176224 -0.061307 15.580000
0.183175 -0.049146 15.580000
0.190098 -0.036969 15.580000
0.196975 -0.024766 15.580000
0.203749 -0.012505 15.580000
0.210060 0.000000 15.580000

