0.375113 0.000000 43.320000
0.363682 0.022247 43.320000
0.351513 0.044099 43.320000
0.339183 0.065861 43.320000
0.326783 0.087583 43.320000
0.314342 0.109282 43.320000
0.301873 0.130964 43.320000
0.289384 0.152635 43.320000
0.276878 0.174297 43.320000
0.264355 0.195948 43.320000
0.251811 0.217587 43.320000
0.239240 0.239211 43.320000
0.226629 0.260810 43.320000
0.213947 0.282369 43.320000
0.201108 0.303834 43.320000
0.187557 0.324857 43.320000
0.162574 0.326082 43.320000
0.137565 0.326468 43.320000
0.112554 0.326671 43.320000
0.087542 0.326794 43.320000
0.062530 0.326869 43.320000
0.037518 0.326912 43.320000
0.012506 0.326932 43.320000
-0.012506 0.326932 43.320000
-0.037518 0.326912 43.320000
-0.062530 0.326869 43.320000
-0.087542 0.326794 43.320000
-0.112554 0.326671 43.320000
-0.137565 0.326468 43.320000
-0.162574 0.326082 43.320000
-0.187557 0.324857 43.320000
-0.201108 0.303834 43.320000
-0.213947 0.282369 43.320000
-0.226629 0.260810 43.320000
-0.239240 0.239211 43.320000
-0.251811 0.217587 43.320000
-0.264355 0.195948 43.320000
-0.276878 0.174297 43.320000
-0.289384 0.152635 43.320000
-0.301873 0.130964 43.320000
-0.314342 0.109282 43.320000
-0.326783 0.087583 43.320000
-0.339183 0.065861 43.320000
-0.351513 0.044099 43.320000
-0.363682 0.022247 43.320000
-0.375113 0.000000 43.320000
-0.363682 -0.022247 43.320000
-0.351513 -0.044099 43.320000
-0.339183 -0.065861 43.320000
-0.326783 -0.087583 43.320000
-0.314342 -0.109282 43.320000
-0.301873 -0.130964 43.320000
-0.289384 -0.152635 43.320000
-0.276878 -0.174297 43.320000
-0.264355 -0.195948 43.320000
-0.251811 -0.217587 43.320000
-0.239240 -0.239211 43.320000
-0.226629 -0.260810 43.320000
-0.213947 -0.282369 43.320000
-0.201108 -0.303834 43.320000
-0.187557 -0.324857 43.320000
-0.162574 -0.326082 43.320000
-0.137565 -0.326468 43.320000
-0.112554 -0.326671 43.320000
-0.087542 -0.326794 43.320000
-0.062530 -0.326869 43.320000
-0.037518 -0.326912 43.320000
-0.012506 -0.326932 43.320000
0.012506 -0.326932 43.320000
0.037518 -0.326912 43.320000
0.062530 -0.326869 43.320000
0.087542 -0.326794 43.320000
0.112554 -0.326671 43.320000
0.137565 -0.326468 43.320000
0.162574 -0.326082 43.320000
0.187557 -0.324857 43.320000
0.201108 -0.303834 43.320000
0.213947 -0.282369 43.320000
0.226629 -0.260810 43.320000
0.239240 -0.239211 43.320000
0.251811 -0.217587 43.320000
0.264355 -0.195948 43.320000
0.276878 -0.174297 43.320000
0.289384 -0.152635 43.320000
0.301873 -0.130964 43.320000
0.314342 -0.109282 43.320000
0.326783 -0.087583 43.320000
0.339183 -0.065861 43.320000
0.351513 -0.044099 43.320000
0.363682 -0.022247 43.320000
0.375113 0.000000 43.320000

