0.173072 0.000000 10.790000
0.167892 0.010313 10.790000
0.162319 0.020420 10.790000
0.156658 0.030477 10.790000
0.150957 0.040512 10.790000
0.145233 0.050534 10.790000
0.139491 0.060545 10.790000
0.133734 0.070548 10.790000
0.127964 0.080543 10.790000
0.122179 0.090530 10.790000
0.116380 0.100509 10.790000
0.110564 0.110477 10.790000
0.104723 0.120431 10.790000
0.098843 0.130362 10.790000
0.092878 0.140242 10.790000
0.086536 0.149884 10.790000
0.075014 0.150555 10.790000
0.063475 0.150782 10.790000
0.051935 0.150908 10.790000
0.040394 0.150989 10.790000
0.028853 0.151043 10.790000
0.017312 0.151075 10.790000
0.005771 0.151091 10.790000
-0.005771 0.151091 10.790000
-0.017312 0.151075 10.790000
-0.028853 0.151043 10.790000
-0.040394 0.150989 10.790000
-0.051935 0.150908 10.790000
-0.063475 0.150782 10.790000
-0.075014 0.150555 10.790000
-0.086536 0.149884 10.790000
-0.092878 0.140242 10.790000
-0.098843 0.130362 10.790000
-0.104723 0.120431 10.790000
-0.110564 0.110477 10.790000
-0.116380 0.100509 10.790000
-0.122179 0.090530 10.790000
-0.127964 0.080543 10.790000
-0.133734 0.070548 10.790000
-0.139491 0.060545 10.790000
-0.145233 0.050534 10.790000
-0.150957 0.040512 10.790000
-0.156658 0.030477 10.790000
-0.162319 0.020420 10.790000
-0.167892 0.010313 10.790000
-0.173072 0.000000 10.790000
-0.167892 -0.010313 10.790000
-0.162319 -0.020420 10.790000
-0.156658 -0.030477 10.790000
-0.150957 -0.040512 10.790000
-0.145233 -0.050534 10.790000
-0.139491 -0.060545 10.790000
-0.133734 -0.070548 10.790000
-0.127964 -0.080543 10.790000
-0.122179 -0.090530 10.790000
-0.116380 -0.100509 10.790000
-0.110564 -0.110477 10.790000
-0.104723 -0.120431 10.790000
-0.098843 -0.130362 10.790000
-0.092878 -0.140242 10.790000
-0.086536 -0.149884 10.790000
-0.075014 -0.150555 10.790000
-0.063475 -0.150782 10.790000
-0.051935 -0.150908 10.790000
-0.040394 -0.150989 10.790000
-0.028853 -0.151043 10.790000
-0.017312 -0.151075 10.790000
-0.005771 -0.151091 10.790000
0.005771 -0.151091 10.790000
0.017312 -0.151075 10.790000
0.028853 -0.151043 10.790000
0.040394 -0.150989 10.790000
0.051935 -0.150908 10.790000
0.063475 -0.150782 10.790000
0.075014 -0.150555 10.790000
0.086536 -0.149884 10.790000
0.092878 -0.140242 10.790000
0.098843 -0.130362 10.790000
0.104723 -0.120431 10.790000
0.110564 -0.110477 10.790000
0.116380 -0.100509 10.790000
0.122179 -0.090530 10.790000
0.127964 -0.080543 10.790000
0.133734 -0.070548 10.790000
0.139491 -0.060545 10.790000
0.145233 -0.050534 10.790000
0.150957 -0.040512 10.790000
0.156658 -0.030477 10.790000
0.162319 -0.020420 10.790000
0.167892 -0.010313 10.790000
0.173072 0.000000 10.790000

