0.133911 -0.000000 6.400000
0.129920 0.007988 6.400000
0.125614 0.015812 6.400000
0.121239 0.023596 6.400000
0.116831 0.031363 6.400000
0.112404 0.039118 6.400000
0.107963 0.046865 6.400000
0.103509 0.054605 6.400000
0.099044 0.062339 6.400000
0.094568 0.070066 6.400000
0.090079 0.077786 6.400000
0.085577 0.085497 6.400000
0.081054 0.093198 6.400000
0.076501 0.100879 6.400000
0.071878 0.108520 6.400000
0.066955 0.115970 6.400000
0.058042 0.116508 6.400000
0.049114 0.116691 6.400000
0.040184 0.116794 6.400000
0.031255 0.116860 6.400000
0.022325 0.116904 6.400000
0.013395 0.116931 6.400000
0.004465 0.116944 6.400000
-0.004465 0.116944 6.400000
-0.013395 0.116931 6.400000
-0.022325 0.116904 6.400000
-0.031255 0.116860 6.400000
-0.040184 0.116794 6.400000
-0.049114 0.116691 6.400000
-0.058042 0.116508 6.400000
-0.066955 0.115970 6.400000
-0.071878 0.108520 6.400000
-0.076501 0.100879 6.400000
-0.081054 0.093198 6.400000
-0.085577 0.085497 6.400000
-0.090079 0.077786 6.400000
-0.094568 0.070066 6.400000
-0.099044 0.062339 6.400000
-0.103509 0.054605 6.400000
-0.107963 0.046865 6.400000
-0.112404 0.039118 6.400000
-0.116831 0.031363 6.400000
-0.121239 0.023596 6.400000
-0.125614 0.015812 6.400000
-0.129920 0.007988 6.400000
-0.133911 -0.000000 6.400000
-0.129920 -0.007988 6.400000
-0.125614 -0.015812 6.400000
-0.121239 -0.023596 6.400000
-0.116831 -0.031363 6.400000
-0.112404 -0.039118 6.400000
-0.107963 -0.046865 6.400000
-0.103509 -0.054605 6.400000
-0.099044 -0.062339 6.400000
-0.094568 -0.070066 6.400000
-0.090079 -0.077786 6.400000
-0.085577 -0.085497 6.400000
-0.081054 -0.093198 6.400000
-0.076501 -0.100879 6.400000
-0.071878 -0.108520 6.400000
-0.066955 -0.115970 6.400000
-0.058042 -0.116508 6.400000
-0.049114 -0.116691 6.400000
-0.040184 -0.116794 6.400000
-0.031255 -0.116860 6.400000
-0.022325 -0.116904 6.400000
-0.013395 -0.116931 6.400000
-0.004465 -0.116944 6.400000
0.004465 -0.116944 6.400000
0.013395 -0.116931 6.400000
0.022325 -0.116904 6.400000
0.031255 -0.116860 6.400000
0.040184 -0.116794 6.400000
0.049114 -0.116691 6.400000
0.058042 -0.116508 6.400000
0.066955 -0.115970 6.400000
0.071878 -0.108520 6.400000
0.076501 -0.100879 6.400000
0.081054 -0.093198 6.400000
0.085577 -0.085497 6.400000
0.090079 -0.077786 6.400000
0.094568 -0.070066 6.400000
0.099044 -0.062339 6.400000
0.103509 -0.054605 6.400000
0.107963 -0.046865 6.400000
0.112404 -0.039118 6.400000
0.116831 -0.031363 6.400000
0.121239 -0.023596 6.400000
0.125614 -0.015812 6.400000
0.129920 -0.007988 6.400000
0.133911 -0.000000 6.400000

