0.073946 -0.000000 1.220000
0.071757 0.004419 1.220000
0.069385 0.008742 1.220000
0.066972 0.013043 1.220000
0.064541 0.017333 1.220000
0.062098 0.021617 1.220000
0.059646 0.025895 1.220000
0.057187 0.030170 1.220000
0.054721 0.034440 1.220000
0.052249 0.038707 1.220000
0.049769 0.042970 1.220000
0.047281 0.047227 1.220000
0.044782 0.051478 1.220000
0.042264 0.055718 1.220000
0.039705 0.059934 1.220000
0.036973 0.064039 1.220000
0.032052 0.064352 1.220000
0.027122 0.064460 1.220000
0.022191 0.064521 1.220000
0.017259 0.064560 1.220000
0.012328 0.064586 1.220000
0.007397 0.064602 1.220000
0.002466 0.064610 1.220000
-0.002466 0.064610 1.220000
-0.007397 0.064602 1.220000
-0.012328 0.064586 1.220000
-0.017259 0.064560 1.220000
-0.022191 0.064521 1.220000
-0.027122 0.064460 1.220000
-0.032052 0.064352 1.220000
-0.036973 0.064039 1.220000
-0.039705 0.059934 1.220000
-0.042264 0.055718 1.220000
-0.044782 0.051478 1.220000
-0.047281 0.047227 1.220000
-0.049769 0.042970 1.220000
-0.052249 0.038707 1.220000
-0.054721 0.034440 1.220000
-0.057187 0.030170 1.220000
-0.059646 0.025895 1.220000
-0.062098 0.021617 1.220000
-0.064541 0.017333 1.220000
-0.066972 0.013043 1.220000
-0.069385 0.008742 1.220000
-0.071757 0.004419 1.220000
-0.073946 -0.000000 1.220000
-0.071757 -0.004419 1.220000
-0.069385 -0.008742 1.220000
-0.066972 -0.013043 1.220000
-0.064541 -0.017333 1.220000
-0.062098 -0.021617 1.220000
-0.059646 -0.025895 1.220000
-0.057187 -0.030170 1.220000
-0.054721 -0.034440 1.220000
-0.052249 -0.038707 1.220000
-0.049769 -0.042970 1.220000
-0.047281 -0.047227 1.220000
-0.044782 -0.051478 1.220000
-0.042264 -0.055718 1.220000
-0.039705 -0.059934 1.220000
-0.036973 -0.064039 1.220000
-0.032052 -0.064352 1.220000
-0.027122 -0.064460 1.220000
-0.022191 -0.064521 1.220000
-0.017259 -0.064560 1.220000
-0.012328 -0.064586 1.220000
-0.007397 -0.064602 1.220000
-0.002466 -0.064610 1.220000
0.002466 -0.064610 1.220000
0.007397 -0.064602 1.220000
0.012328 -0.064586 1.220000
0.017259 -0.064560 1.220000
0.022191 -0.064521 1.220000
0.027122 -0.064460 1.220000
0.032052 -0.064352 1.220000
0.036973 -0.064039 1.220000
0.039705 -0.059934 1.220000
0.042264 -0.055718 1.220000
0.044782 -0.051478 1.220000
0.047281 -0.047227 1.220000
0.049769 -0.042970 1.220000
0.052249 -0.038707 1.220000
0.054721 -0.034440 1.220000
0.057187 -0.030170 1.220000
0.059646 -0.025895 1.220000
0.062098 -0.021617 1.220000
0.064541 -0.017333 1.220000
0.066972 -0.013043 1.220000
0.069385 -0.008742 1.220000
0.071757 -0.004419 1.220000
0.073946 -0.000000 1.220000

