0.238074 0.000000 19.590000
0.230902 0.014163 19.590000
0.223216 0.028054 19.590000
0.215416 0.041881 19.590000
0.207566 0.055679 19.590000
0.199686 0.069461 19.590000
0.191783 0.083229 19.590000
0.183862 0.096987 19.590000
0.175924 0.110735 19.590000
0.167970 0.124474 19.590000
0.159998 0.138203 19.590000
0.152003 0.151918 19.590000
0.143978 0.165616 19.590000
0.135903 0.179284 19.590000
0.127717 0.192886 19.590000
0.119037 0.206178 19.590000
0.103185 0.207049 19.590000
0.087313 0.207338 19.590000
0.071438 0.207496 19.590000
0.055563 0.207597 19.590000
0.039688 0.207663 19.590000
0.023813 0.207703 19.590000
0.007938 0.207722 19.590000
-0.007938 0.207722 19.590000
-0.023813 0.207703 19.590000
-0.039688 0.207663 19.590000
-0.055563 0.207597 19.590000
-0.071438 0.207496 19.590000
-0.087313 0.207338 19.590000
-0.103185 0.207049 19.590000
-0.119037 0.206178 19.590000
-0.127717 0.192886 19.590000
-0.135903 0.179284 19.590000
-0.143978 0.165616 19.590000
-0.152003 0.151918 19.590000
-0.159998 0.138203 19.590000
-0.167970 0.124474 19.590000
-0.175924 0.110735 19.590000
-0.183862 0.096987 19.590000
-0.191783 0.083229 19.590000
-0.199686 0.069461 19.590000
-0.207566 0.055679 19.590000
-0.215416 0.041881 19.590000
-0.223216 0.028054 19.590000
-0.230902 0.014163 19.590000
-0.238074 0.000000 19.590000
-0.230902 -0.014163 19.590000
-0.223216 -0.028054 19.590000
-0.215416 -0.041881 19.590000
-0.207566 -0.055679 19.590000
-0.199686 -0.069461 19.590000
-0.191783 -0.083229 19.590000
-0.183862 -0.096987 19.590000
-0.175924 -0.110735 19.590000
-0.167970 -0.124474 19.590000
-0.159998 -0.138203 19.590000
-0.152003 -0.151918 19.590000
-0.143978 -0.165616 19.590000
-0.135903 -0.179284 19.590000
-0.127717 -0.192886 19.590000
-0.119037 -0.206178 19.590000
-0.103185 -0.207049 19.590000
-0.087313 -0.207338 19.590000
-0.071438 -0.207496 19.590000
-0.055563 -0.207597 19.590000
-0.039688 -0.207663 19.590000
-0.023813 -0.207703 19.590000
-0.007938 -0.207722 19.590000
0.007938 -0.207722 19.590000
0.023813 -0.207703 19.590000
0.039688 -0.207663 19.590000
0.055563 -0.207597 19.590000
0.071438 -0.207496 19.590000
0.087313 -0.207338 19.590000
0.103185 -0.207049 19.590000
0.119037 -0.206178 19.590000
0.127717 -0.192886 19.590000
0.135903 -0.179284 19.590000
0.143978 -0.165616 19.590000
0.152003 -0.151918 19.590000
0.159998 -0.138203 19.590000
0.167970 -0.124474 19.590000
0.175924 -0.110735 19.590000
0.183862 -0.096987 19.590000
0.191783 -0.083229 19.590000
0.199686 -0.069461 19.590000
0.207566 -0.055679 19.590000
0.215416 -0.041881 19.590000
0.223216 -0.028054 19.590000
0.230902 -0.014163 19.590000
0.238074 0.000000 19.590000

