0.350552 0.000000 38.610000
0.339889 0.020801 38.610000
0.328526 0.041228 38.610000
0.317010 0.061569 38.610000
0.305427 0.081871 38.610000
0.293805 0.102152 38.610000
0.282156 0.122417 38.610000
0.270486 0.142670 38.610000
0.258799 0.162913 38.610000
0.247094 0.183146 38.610000
0.235369 0.203367 38.610000
0.223616 0.223572 38.610000
0.211825 0.243754 38.610000
0.199967 0.263898 38.610000
0.187959 0.283952 38.610000
0.175276 0.303587 38.610000
0.151930 0.304753 38.610000
0.128559 0.305125 38.610000
0.105185 0.305323 38.610000
0.081811 0.305443 38.610000
0.058436 0.305518 38.610000
0.035062 0.305563 38.610000
0.011687 0.305583 38.610000
-0.011687 0.305583 38.610000
-0.035062 0.305563 38.610000
-0.058436 0.305518 38.610000
-0.081811 0.305443 38.610000
-0.105185 0.305323 38.610000
-0.128559 0.305125 38.610000
-0.151930 0.304753 38.610000
-0.175276 0.303587 38.610000
-0.187959 0.283952 38.610000
-0.199967 0.263898 38.610000
-0.211825 0.243754 38.610000
-0.223616 0.223572 38.610000
-0.235369 0.203367 38.610000
-0.247094 0.183146 38.610000
-0.258799 0.162913 38.610000
-0.270486 0.142670 38.610000
-0.282156 0.122417 38.610000
-0.293805 0.102152 38.610000
-0.305427 0.081871 38.610000
-0.317010 0.061569 38.610000
-0.328526 0.041228 38.610000
-0.339889 0.020801 38.610000
-0.350552 0.000000 38.610000
-0.339889 -0.020801 38.610000
-0.328526 -0.041228 38.610000
-0.317010 -0.061569 38.610000
-0.305427 -0.081871 38.610000
-0.293805 -0.102152 38.610000
-0.282156 -0.122417 38.610000
-0.270486 -0.142670 38.610000
-0.258799 -0.162913 38.610000
-0.247094 -0.183146 38.610000
-0.235369 -0.203367 38.610000
-0.223616 -0.223572 38.610000
-0.211825 -0.243754 38.610000
-0.199967 -0.263898 38.610000
-0.187959 -0.283952 38.610000
-0.175276 -0.303587 38.610000
-0.151930 -0.304753 38.610000
-0.128559 -0.305125 38.610000
-0.105185 -0.305323 38.610000
-0.081811 -0.305443 38.610000
-0.058436 -0.305518 38.610000
-0.035062 -0.305563 38.610000
-0.011687 -0.305583 38.610000
0.011687 -0.305583 38.610000
0.035062 -0.305563 38.610000
0.058436 -0.305518 38.610000
0.081811 -0.305443 38.610000
0.105185 -0.305323 38.610000
0.128559 -0.305125 38.610000
0.151930 -0.304753 38.610000
0.175276 -0.303587 38.610000
0.187959 -0.283952 38.610000
0.199967 -0.263898 38.610000
0.211825 -0.243754 38.610000
0.223616 -0.223572 38.610000
0.235369 -0.203367 38.610000
0.247094 -0.183146 38.610000
0.258799 -0.162913 38.610000
0.270486 -0.142670 38.610000
0.282156 -0.122417 38.610000
0.293805 -0.102152 38.610000
0.305427 -0.081871 38.610000
0.317010 -0.061569 38.610000
0.328526 -0.041228 38.610000
0.339889 -0.020801 38.610000
0.350552 0.000000 38.610000

