0.358794 0.000000 40.170000
0.347874 0.021286 40.170000
0.336240 0.042191 40.170000
0.324451 0.063009 40.170000
0.312594 0.083788 40.170000
0.300697 0.104545 40.170000
0.288773 0.125286 40.170000
0.276829 0.146015 40.170000
0.264867 0.166733 40.170000
0.252887 0.187442 40.170000
0.240887 0.208139 40.170000
0.228860 0.228820 40.170000
0.216793 0.249478 40.170000
0.204659 0.270097 40.170000
0.192372 0.290624 40.170000
0.179397 0.310725 40.170000
0.155502 0.311911 40.170000
0.131581 0.312288 40.170000
0.107658 0.312487 40.170000
0.083734 0.312609 40.170000
0.059810 0.312684 40.170000
0.035886 0.312728 40.170000
0.011962 0.312748 40.170000
-0.011962 0.312748 40.170000
-0.035886 0.312728 40.170000
-0.059810 0.312684 40.170000
-0.083734 0.312609 40.170000
-0.107658 0.312487 40.170000
-0.131581 0.312288 40.170000
-0.155502 0.311911 40.170000
-0.179397 0.310725 40.170000
-0.192372 0.290624 40.170000
-0.204659 0.270097 40.170000
-0.216793 0.249478 40.170000
-0.228860 0.228820 40.170000
-0.240887 0.208139 40.170000
-0.252887 0.187442 40.170000
-0.264867 0.166733 40.170000
-0.276829 0.146015 40.170000
-0.288773 0.125286 40.170000
-0.300697 0.104545 40.170000
-0.312594 0.083788 40.170000
-0.324451 0.063009 40.170000
-0.336240 0.042191 40.170000
-0.347874 0.021286 40.170000
-0.358794 0.000000 40.170000
-0.347874 -0.021286 40.170000
-0.336240 -0.042191 40.170000
-0.324451 -0.063009 40.170000
-0.312594 -0.083788 40.170000
-0.300697 -0.104545 40.170000
-0.288773 -0.125286 40.170000
-0.276829 -0.146015 40.170000
-0.264867 -0.166733 40.170000
-0.252887 -0.187442 40.170000
-0.240887 -0.208139 40.170000
-0.228860 -0.228820 40.170000
-0.216793 -0.249478 40.170000
-0.204659 -0.270097 40.170000
-0.192372 -0.290624 40.170000
-0.179397 -0.310725 40.170000
-0.155502 -0.311911 40.170000
-0.131581 -0.312288 40.170000
-0.107658 -0.312487 40.170000
-0.083734 -0.312609 40.170000
-0.059810 -0.312684 40.170000
-0.035886 -0.312728 40.170000
-0.011962 -0.312748 40.170000
0.011962 -0.312748 40.170000
0.035886 -0.312728 40.170000
0.059810 -0.312684 40.170000
0.083734 -0.312609 40.170000
0.107658 -0.312487 40.170000
0.131581 -0.312288 40.170000
0.155502 -0.311911 40.170000
0.179397 -0.310725 40.170000
0.192372 -0.290624 40.170000
0.204659 -0.270097 40.170000
0.216793 -0.249478 40.170000
0.228860 -0.228820 40.170000
0.240887 -0.208139 40.170000
0.252887 -0.187442 40.170000
0.264867 -0.166733 40.170000
0.276829 -0.146015 40.170000
0.288773 -0.125286 40.170000
0.300697 -0.104545 40.170000
0.312594 -0.083788 40.170000
0.324451 -0.063009 40.170000
0.336240 -0.042191 40.170000
0.347874 -0.021286 40.170000
0.358794 0.000000 40.170000

