0.286226 0.000000 27.190000
0.277566 0.017008 27.190000
0.268308 0.033699 27.190000
0.258920 0.050316 27.190000
0.249474 0.066900 27.190000
0.239993 0.083464 27.190000
0.230488 0.100015 27.190000
0.220963 0.116554 27.190000
0.211420 0.133083 27.190000
0.201859 0.149601 27.190000
0.192279 0.166108 27.190000
0.182674 0.182601 27.190000
0.173035 0.199074 27.190000
0.163338 0.215513 27.190000
0.153512 0.231875 27.190000
0.143113 0.247879 27.190000
0.124053 0.248883 27.190000
0.104970 0.249211 27.190000
0.085886 0.249389 27.190000
0.066800 0.249501 27.190000
0.047714 0.249573 27.190000
0.028629 0.249616 27.190000
0.009543 0.249636 27.190000
-0.009543 0.249636 27.190000
-0.028629 0.249616 27.190000
-0.047714 0.249573 27.190000
-0.066800 0.249501 27.190000
-0.085886 0.249389 27.190000
-0.104970 0.249211 27.190000
-0.124053 0.248883 27.190000
-0.143113 0.247879 27.190000
-0.153512 0.231875 27.190000
-0.163338 0.215513 27.190000
-0.173035 0.199074 27.190000
-0.182674 0.182601 27.190000
-0.192279 0.166108 27.190000
-0.201859 0.149601 27.190000
-0.211420 0.133083 27.190000
-0.220963 0.116554 27.190000
-0.230488 0.100015 27.190000
-0.239993 0.083464 27.190000
-0.249474 0.066900 27.190000
-0.258920 0.050316 27.190000
-0.268308 0.033699 27.190000
-0.277566 0.017008 27.190000
-0.286226 0.000000 27.190000
-0.277566 -0.017008 27.190000
-0.268308 -0.033699 27.190000
-0.258920 -0.050316 27.190000
-0.249474 -0.066900 27.190000
-0.239993 -0.083464 27.190000
-0.230488 -0.100015 27.190000
-0.220963 -0.116554 27.190000
-0.211420 -0.133083 27.190000
-0.201859 -0.149601 27.190000
-0.192279 -0.166108 27.190000
-0.182674 -0.182601 27.190000
-0.173035 -0.199074 27.190000
-0.163338 -0.215513 27.190000
-0.153512 -0.231875 27.190000
-0.143113 -0.247879 27.190000
-0.124053 -0.248883 27.190000
-0.104970 -0.249211 27.190000
-0.085886 -0.249389 27.190000
-0.066800 -0.249501 27.190000
-0.047714 -0.249573 27.190000
-0.028629 -0.249616 27.190000
-0.009543 -0.249636 27.190000
0.009543 -0.249636 27.190000
0.028629 -0.249616 27.190000
0.047714 -0.249573 27.190000
0.066800 -0.249501 27.190000
0.085886 -0.249389 27.190000
0.104970 -0.249211 27.190000
0.124053 -0.248883 27.190000
0.143113 -0.247879 27.190000
0.153512 -0.231875 27.190000
0.163338 -0.215513 27.190000
0.173035 -0.199074 27.190000
0.182674 -0.182601 27.190000
0.192279 -0.166108 27.190000
0.201859 -0.149601 27.190000
0.211420 -0.133083 27.190000
0.220963 -0.116554 27.190000
0.230488 -0.100015 27.190000
0.239993 -0.083464 27.190000
0.249474 -0.066900 27.190000
0.258920 -0.050316 27.190000
0.268308 -0.033699 27.190000
0.277566 -0.017008 27.190000
0.286226 0.000000 27.190000

