0.141569 -0.000000 7.200000
0.137346 0.008443 7.200000
0.132793 0.016714 7.200000
0.128166 0.024943 7.200000
0.123506 0.033153 7.200000
0.118825 0.041351 7.200000
0.114130 0.049541 7.200000
0.109421 0.057724 7.200000
0.104701 0.065900 7.200000
0.099969 0.074069 7.200000
0.095224 0.082230 7.200000
0.090464 0.090383 7.200000
0.085684 0.098524 7.200000
0.080871 0.106645 7.200000
0.075985 0.114723 7.200000
0.070784 0.122602 7.200000
0.061361 0.123167 7.200000
0.051922 0.123359 7.200000
0.042482 0.123466 7.200000
0.033042 0.123536 7.200000
0.023601 0.123582 7.200000
0.014161 0.123610 7.200000
0.004720 0.123623 7.200000
-0.004720 0.123623 7.200000
-0.014161 0.123610 7.200000
-0.023601 0.123582 7.200000
-0.033042 0.123536 7.200000
-0.042482 0.123466 7.200000
-0.051922 0.123359 7.200000
-0.061361 0.123167 7.200000
-0.070784 0.122602 7.200000
-0.075985 0.114723 7.200000
-0.080871 0.106645 7.200000
-0.085684 0.098524 7.200000
-0.090464 0.090383 7.200000
-0.095224 0.082230 7.200000
-0.099969 0.074069 7.200000
-0.104701 0.065900 7.200000
-0.109421 0.057724 7.200000
-0.114130 0.049541 7.200000
-0.118825 0.041351 7.200000
-0.123506 0.033153 7.200000
-0.128166 0.024943 7.200000
-0.132793 0.016714 7.200000
-0.137346 0.008443 7.200000
-0.141569 -0.000000 7.200000
-0.137346 -0.008443 7.200000
-0.132793 -0.016714 7.200000
-0.128166 -0.024943 7.200000
-0.123506 -0.033153 7.200000
-0.118825 -0.041351 7.200000
-0.114130 -0.049541 7.200000
-0.109421 -0.057724 7.200000
-0.104701 -0.065900 7.200000
-0.099969 -0.074069 7.200000
-0.095224 -0.082230 7.200000
-0.090464 -0.090383 7.200000
-0.085684 -0.098524 7.200000
-0.080871 -0.106645 7.200000
-0.075985 -0.114723 7.200000
-0.070784 -0.122602 7.200000
-0.061361 -0.123167 7.200000
-0.051922 -0.123359 7.200000
-0.042482 -0.123466 7.200000
-0.033042 -0.123536 7.200000
-0.023601 -0.123582 7.200000
-0.014161 -0.123610 7.200000
-0.004720 -0.123623 7.200000
0.004720 -0.123623 7.200000
0.014161 -0.123610 7.200000
0.023601 -0.123582 7.200000
0.033042 -0.123536 7.200000
0.042482 -0.123466 7.200000
0.051922 -0.123359 7.200000
0.061361 -0.123167 7.200000
0.070784 -0.122602 7.200000
0.075985 -0.114723 7.200000
0.080871 -0.106645 7.200000
0.085684 -0.098524 7.200000
0.090464 -0.090383 7.200000
0.095224 -0.082230 7.200000
0.099969 -0.074069 7.200000
0.104701 -0.065900 7.200000
0.109421 -0.057724 7.200000
0.114130 -0.049541 7.200000
0.118825 -0.041351 7.200000
0.123506 -0.033153 7.200000
0.128166 -0.024943 7.200000
0.132793 -0.016714 7.200000
0.137346 -0.008443 7.200000
0.141569 -0.000000 7.200000

