0.251163 0.000000 21.570000
0.243588 0.014937 21.570000
0.235475 0.029589 21.570000
0.227244 0.044175 21.570000
0.218960 0.058731 21.570000
0.210645 0.073269 21.570000
0.202307 0.087793 21.570000
0.193950 0.102307 21.570000
0.185576 0.116812 21.570000
0.177185 0.131306 21.570000
0.168775 0.145790 21.570000
0.160342 0.160260 21.570000
0.151878 0.174712 21.570000
0.143362 0.189133 21.570000
0.134730 0.203485 21.570000
0.125581 0.217513 21.570000
0.108858 0.218422 21.570000
0.092113 0.218722 21.570000
0.075366 0.218886 21.570000
0.058618 0.218991 21.570000
0.041870 0.219058 21.570000
0.025122 0.219099 21.570000
0.008374 0.219119 21.570000
-0.008374 0.219119 21.570000
-0.025122 0.219099 21.570000
-0.041870 0.219058 21.570000
-0.058618 0.218991 21.570000
-0.075366 0.218886 21.570000
-0.092113 0.218722 21.570000
-0.108858 0.218422 21.570000
-0.125581 0.217513 21.570000
-0.134730 0.203485 21.570000
-0.143362 0.189133 21.570000
-0.151878 0.174712 21.570000
-0.160342 0.160260 21.570000
-0.168775 0.145790 21.570000
-0.177185 0.131306 21.570000
-0.185576 0.116812 21.570000
-0.193950 0.102307 21.570000
-0.202307 0.087793 21.570000
-0.210645 0.073269 21.570000
-0.218960 0.058731 21.570000
-0.227244 0.044175 21.570000
-0.235475 0.029589 21.570000
-0.243588 0.014937 21.570000
-0.251163 0.000000 21.570000
-0.243588 -0.014937 21.570000
-0.235475 -0.029589 21.570000
-0.227244 -0.044175 21.570000
-0.218960 -0.058731 21.570000
-0.210645 -0.073269 21.570000
-0.202307 -0.087793 21.570000
-0.193950 -0.102307 21.570000
-0.185576 -0.116812 21.570000
-0.177185 -0.131306 21.570000
-0.168775 -0.145790 21.570000
-0.160342 -0.160260 21.570000
-0.151878 -0.174712 21.570000
-0.143362 -0.189133 21.570000
-0.134730 -0.203485 21.570000
-0.125581 -0.217513 21.570000
-0.108858 -0.218422 21.570000
-0.092113 -0.218722 21.570000
-0.075366 -0.218886 21.570000
-0.058618 -0.218991 21.570000
-0.041870 -0.219058 21.570000
-0.025122 -0.219099 21.570000
-0.008374 -0.219119 21.570000
0.008374 -0.219119 21.570000
0.025122 -0.219099 21.570000
0.041870 -0.219058 21.570000
0.058618 -0.218991 21.570000
0.075366 -0.218886 21.570000
0.092113 -0.218722 21.570000
0.108858 -0.218422 21.570000
0.125581 -0.217513 21.570000
0.134730 -0.203485 21.570000
0.143362 -0.189133 21.570000
0.151878 -0.174712 21.570000
0.160342 -0.160260 21.570000
0.168775 -0.145790 21.570000
0.177185 -0.131306 21.570000
0.185576 -0.116812 21.570000
0.193950 -0.102307 21.570000
0.202307 -0.087793 21.570000
0.210645 -0.073269 21.570000
0.218960 -0.058731 21.570000
0.227244 -0.044175 21.570000
0.235475 -0.029589 21.570000
0.243588 -0.014937 21.570000
0.251163 0.000000 21.570000

