0.178538 0.000000 11.460000
0.173191 0.010638 11.460000
0.167441 0.021062 11.460000
0.161600 0.031437 11.460000
0.155720 0.041789 11.460000
0.149814 0.052127 11.460000
0.143890 0.062454 11.460000
0.137952 0.072773 11.460000
0.131999 0.083083 11.460000
0.126032 0.093386 11.460000
0.120050 0.103680 11.460000
0.114050 0.113963 11.460000
0.108025 0.124231 11.460000
0.101961 0.134477 11.460000
0.095808 0.144669 11.460000
0.089269 0.154618 11.460000
0.077383 0.155307 11.460000
0.065480 0.155539 11.460000
0.053575 0.155669 11.460000
0.041670 0.155752 11.460000
0.029764 0.155806 11.460000
0.017858 0.155840 11.460000
0.005953 0.155856 11.460000
-0.005953 0.155856 11.460000
-0.017858 0.155840 11.460000
-0.029764 0.155806 11.460000
-0.041670 0.155752 11.460000
-0.053575 0.155669 11.460000
-0.065480 0.155539 11.460000
-0.077383 0.155307 11.460000
-0.089269 0.154618 11.460000
-0.095808 0.144669 11.460000
-0.101961 0.134477 11.460000
-0.108025 0.124231 11.460000
-0.114050 0.113963 11.460000
-0.120050 0.103680 11.460000
-0.126032 0.093386 11.460000
-0.131999 0.083083 11.460000
-0.137952 0.072773 11.460000
-0.143890 0.062454 11.460000
-0.149814 0.052127 11.460000
-0.155720 0.041789 11.460000
-0.161600 0.031437 11.460000
-0.167441 0.021062 11.460000
-0.173191 0.010638 11.460000
-0.178538 0.000000 11.460000
-0.173191 -0.010638 11.460000
-0.167441 -0.021062 11.460000
-0.161600 -0.031437 11.460000
-0.155720 -0.041789 11.460000
-0.149814 -0.052127 11.460000
-0.143890 -0.062454 11.460000
-0.137952 -0.072773 11.460000
-0.131999 -0.083083 11.460000
-0.126032 -0.093386 11.460000
-0.120050 -0.103680 11.460000
-0.114050 -0.113963 11.460000
-0.108025 -0.124231 11.460000
-0.101961 -0.134477 11.460000
-0.095808 -0.144669 11.460000
-0.089269 -0.154618 11.460000
-0.077383 -0.155307 11.460000
-0.065480 -0.155539 11.460000
-0.053575 -0.155669 11.460000
-0.041670 -0.155752 11.460000
-0.029764 -0.155806 11.460000
-0.017858 -0.155840 11.460000
-0.005953 -0.155856 11.460000
0.005953 -0.155856 11.460000
0.017858 -0.155840 11.460000
0.029764 -0.155806 11.460000
0.041670 -0.155752 11.460000
0.053575 -0.155669 11.460000
0.065480 -0.155539 11.460000
0.077383 -0.155307 11.460000
0.089269 -0.154618 11.460000
0.095808 -0.144669 11.460000
0.101961 -0.134477 11.460000
0.108025 -0.124231 11.460000
0.114050 -0.113963 11.460000
0.120050 -0.103680 11.460000
0.126032 -0.093386 11.460000
0.131999 -0.083083 11.460000
0.137952 -0.072773 11.460000
0.143890 -0.062454 11.460000
0.149814 -0.052127 11.460000
0.155720 -0.041789 11.460000
0.161600 -0.031437 11.460000
0.167441 -0.021062 11.460000
0.173191 -0.010638 11.460000
0.178538 0.000000 11.460000

