0.155063 -0.000000 8.680000
0.150431 0.009245 8.680000
0.145441 0.018302 8.680000
0.140372 0.027314 8.680000
0.135266 0.036306 8.680000
0.130139 0.045286 8.680000
0.124995 0.054256 8.680000
0.119837 0.063218 8.680000
0.114667 0.072173 8.680000
0.109484 0.081121 8.680000
0.104288 0.090061 8.680000
0.099075 0.098991 8.680000
0.093840 0.107908 8.680000
0.088570 0.116805 8.680000
0.083222 0.125655 8.680000
0.077532 0.134289 8.680000
0.067209 0.134900 8.680000
0.056871 0.135107 8.680000
0.046531 0.135222 8.680000
0.036191 0.135297 8.680000
0.025851 0.135346 8.680000
0.015511 0.135377 8.680000
0.005170 0.135391 8.680000
-0.005170 0.135391 8.680000
-0.015511 0.135377 8.680000
-0.025851 0.135346 8.680000
-0.036191 0.135297 8.680000
-0.046531 0.135222 8.680000
-0.056871 0.135107 8.680000
-0.067209 0.134900 8.680000
-0.077532 0.134289 8.680000
-0.083222 0.125655 8.680000
-0.088570 0.116805 8.680000
-0.093840 0.107908 8.680000
-0.099075 0.098991 8.680000
-0.104288 0.090061 8.680000
-0.109484 0.081121 8.680000
-0.114667 0.072173 8.680000
-0.119837 0.063218 8.680000
-0.124995 0.054256 8.680000
-0.130139 0.045286 8.680000
-0.135266 0.036306 8.680000
-0.140372 0.027314 8.680000
-0.145441 0.018302 8.680000
-0.150431 0.009245 8.680000
-0.155063 -0.000000 8.680000
-0.150431 -0.009245 8.680000
-0.145441 -0.018302 8.680000
-0.140372 -0.027314 8.680000
-0.135266 -0.036306 8.680000
-0.130139 -0.045286 8.680000
-0.124995 -0.054256 8.680000
-0.119837 -0.063218 8.680000
-0.114667 -0.072173 8.680000
-0.109484 -0.081121 8.680000
-0.104288 -0.090061 8.680000
-0.099075 -0.098991 8.680000
-0.093840 -0.107908 8.680000
-0.088570 -0.116805 8.680000
-0.083222 -0.125655 8.680000
-0.077532 -0.134289 8.680000
-0.067209 -0.134900 8.680000
-0.056871 -0.135107 8.680000
-0.046531 -0.135222 8.680000
-0.036191 -0.135297 8.680000
-0.025851 -0.135346 8.680000
-0.015511 -0.135377 8.680000
-0.005170 -0.135391 8.680000
0.005170 -0.135391 8.680000
0.015511 -0.135377 8.680000
0.025851 -0.135346 8.680000
0.036191 -0.135297 8.680000
0.046531 -0.135222 8.680000
0.056871 -0.135107 8.680000
0.067209 -0.134900 8.680000
0.077532 -0.134289 8.680000
0.083222 -0.125655 8.680000
0.088570 -0.116805 8.680000
0.093840 -0.107908 8.680000
0.099075 -0.098991 8.680000
0.104288 -0.090061 8.680000
0.109484 -0.081121 8.680000
0.114667 -0.072173 8.680000
0.119837 -0.063218 8.680000
0.124995 -0.054256 8.680000
0.130139 -0.045286 8.680000
0.135266 -0.036306 8.680000
0.140372 -0.027314 8.680000
0.145441 -0.018302 8.680000
0.150431 -0.009245 8.680000
0.155063 -0.000000 8.680000

