0.377615 0.000000 43.810000
0.366106 0.022394 43.810000
0.353854 0.044392 43.810000
0.341441 0.066298 43.810000
0.328958 0.088165 43.810000
0.316433 0.110008 43.810000
0.303881 0.131835 43.810000
0.291309 0.153650 43.810000
0.278720 0.175456 43.810000
0.266113 0.197252 43.810000
0.253486 0.219035 43.810000
0.240832 0.240803 43.810000
0.228137 0.262548 43.810000
0.215371 0.284251 43.810000
0.202447 0.305860 43.810000
0.188807 0.327024 43.810000
0.163659 0.328254 43.810000
0.138483 0.328642 43.810000
0.113305 0.328846 43.810000
0.088126 0.328968 43.810000
0.062947 0.329043 43.810000
0.037768 0.329086 43.810000
0.012589 0.329106 43.810000
-0.012589 0.329106 43.810000
-0.037768 0.329086 43.810000
-0.062947 0.329043 43.810000
-0.088126 0.328968 43.810000
-0.113305 0.328846 43.810000
-0.138483 0.328642 43.810000
-0.163659 0.328254 43.810000
-0.188807 0.327024 43.810000
-0.202447 0.305860 43.810000
-0.215371 0.284251 43.810000
-0.228137 0.262548 43.810000
-0.240832 0.240803 43.810000
-0.253486 0.219035 43.810000
-0.266113 0.197252 43.810000
-0.278720 0.175456 43.810000
-0.291309 0.153650 43.810000
-0.303881 0.131835 43.810000
-0.316433 0.110008 43.810000
-0.328958 0.088165 43.810000
-0.341441 0.066298 43.810000
-0.353854 0.044392 43.810000
-0.366106 0.022394 43.810000
-0.377615 0.000000 43.810000
-0.366106 -0.022394 43.810000
-0.353854 -0.044392 43.810000
-0.341441 -0.066298 43.810000
-0.328958 -0.088165 43.810000
-0.316433 -0.110008 43.810000
-0.303881 -0.131835 43.810000
-0.291309 -0.153650 43.810000
-0.278720 -0.175456 43.810000
-0.266113 -0.197252 43.810000
-0.253486 -0.219035 43.810000
-0.240832 -0.240803 43.810000
-0.228137 -0.262548 43.810000
-0.215371 -0.284251 43.810000
-0.202447 -0.305860 43.810000
-0.188807 -0.327024 43.810000
-0.163659 -0.328254 43.810000
-0.138483 -0.328642 43.810000
-0.113305 -0.328846 43.810000
-0.088126 -0.328968 43.810000
-0.062947 -0.329043 43.810000
-0.037768 -0.329086 43.810000
-0.012589 -0.329106 43.810000
0.012589 -0.329106 43.810000
0.037768 -0.329086 43.810000
0.062947 -0.329043 43.810000
0.088126 -0.328968 43.810000
0.113305 -0.328846 43.810000
0.138483 -0.328642 43.810000
0.163659 -0.328254 43.810000
0.188807 -0.327024 43.810000
0.202447 -0.305860 43.810000
0.215371 -0.284251 43.810000
0.228137 -0.262548 43.810000
0.240832 -0.240803 43.810000
0.253486 -0.219035 43.810000
0.266113 -0.197252 43.810000
0.278720 -0.175456 43.810000
0.291309 -0.153650 43.810000
0.303881 -0.131835 43.810000
0.316433 -0.110008 43.810000
0.328958 -0.088165 43.810000
0.341441 -0.066298 43.810000
0.353854 -0.044392 43.810000
0.366106 -0.022394 43.810000
0.377615 0.000000 43.810000

