0.256204 0.000000 22.350000
0.248473 0.015235 22.350000
0.240196 0.030180 22.350000
0.231798 0.045058 22.350000
0.223348 0.059906 22.350000
0.214865 0.074735 22.350000
0.206359 0.089551 22.350000
0.197834 0.104356 22.350000
0.189292 0.119151 22.350000
0.180733 0.133937 22.350000
0.172155 0.148711 22.350000
0.163554 0.163472 22.350000
0.154921 0.178214 22.350000
0.146235 0.192926 22.350000
0.137430 0.207567 22.350000
0.128102 0.221879 22.350000
0.111043 0.222802 22.350000
0.093961 0.223106 22.350000
0.076878 0.223272 22.350000
0.059794 0.223378 22.350000
0.042710 0.223446 22.350000
0.025626 0.223488 22.350000
0.008542 0.223507 22.350000
-0.008542 0.223507 22.350000
-0.025626 0.223488 22.350000
-0.042710 0.223446 22.350000
-0.059794 0.223378 22.350000
-0.076878 0.223272 22.350000
-0.093961 0.223106 22.350000
-0.111043 0.222802 22.350000
-0.128102 0.221879 22.350000
-0.137430 0.207567 22.350000
-0.146235 0.192926 22.350000
-0.154921 0.178214 22.350000
-0.163554 0.163472 22.350000
-0.172155 0.148711 22.350000
-0.180733 0.133937 22.350000
-0.189292 0.119151 22.350000
-0.197834 0.104356 22.350000
-0.206359 0.089551 22.350000
-0.214865 0.074735 22.350000
-0.223348 0.059906 22.350000
-0.231798 0.045058 22.350000
-0.240196 0.030180 22.350000
-0.248473 0.015235 22.350000
-0.256204 0.000000 22.350000
-0.248473 -0.015235 22.350000
-0.240196 -0.030180 22.350000
-0.231798 -0.045058 22.350000
-0.223348 -0.059906 22.350000
-0.214865 -0.074735 22.350000
-0.206359 -0.089551 22.350000
-0.197834 -0.104356 22.350000
-0.189292 -0.119151 22.350000
-0.180733 -0.133937 22.350000
-0.172155 -0.148711 22.350000
-0.163554 -0.163472 22.350000
-0.154921 -0.178214 22.350000
-0.146235 -0.192926 22.350000
-0.137430 -0.207567 22.350000
-0.128102 -0.221879 22.350000
-0.111043 -0.222802 22.350000
-0.093961 -0.223106 22.350000
-0.076878 -0.223272 22.350000
-0.059794 -0.223378 22.350000
-0.042710 -0.223446 22.350000
-0.025626 -0.223488 22.350000
-0.008542 -0.223507 22.350000
0.008542 -0.223507 22.350000
0.025626 -0.223488 22.350000
0.042710 -0.223446 22.350000
0.059794 -0.223378 22.350000
0.076878 -0.223272 22.350000
0.093961 -0.223106 22.350000
0.111043 -0.222802 22.350000
0.128102 -0.221879 22.350000
0.137430 -0.207567 22.350000
0.146235 -0.192926 22.350000
0.154921 -0.178214 22.350000
0.163554 -0.163472 22.350000
0.172155 -0.148711 22.350000
0.180733 -0.133937 22.350000
0.189292 -0.119151 22.350000
0.197834 -0.104356 22.350000
0.206359 -0.089551 22.350000
0.214865 -0.074735 22.350000
0.223348 -0.059906 22.350000
0.231798 -0.045058 22.350000
0.240196 -0.030180 22.350000
0.248473 -0.015235 22.350000
0.256204 0.000000 22.350000

