0.076520 -0.000000 1.400000
0.074254 0.004572 1.400000
0.071800 0.009046 1.400000
0.069303 0.013496 1.400000
0.066786 0.017936 1.400000
0.064258 0.022369 1.400000
0.061721 0.026796 1.400000
0.059177 0.031219 1.400000
0.056625 0.035639 1.400000
0.054067 0.040054 1.400000
0.051501 0.044465 1.400000
0.048926 0.048871 1.400000
0.046340 0.053270 1.400000
0.043734 0.057657 1.400000
0.041087 0.062020 1.400000
0.038260 0.066269 1.400000
0.033167 0.066592 1.400000
0.028066 0.066704 1.400000
0.022963 0.066766 1.400000
0.017860 0.066807 1.400000
0.012757 0.066834 1.400000
0.007654 0.066850 1.400000
0.002551 0.066858 1.400000
-0.002551 0.066858 1.400000
-0.007654 0.066850 1.400000
-0.012757 0.066834 1.400000
-0.017860 0.066807 1.400000
-0.022963 0.066766 1.400000
-0.028066 0.066704 1.400000
-0.033167 0.066592 1.400000
-0.038260 0.066269 1.400000
-0.041087 0.062020 1.400000
-0.043734 0.057657 1.400000
-0.046340 0.053270 1.400000
-0.048926 0.048871 1.400000
-0.051501 0.044465 1.400000
-0.054067 0.040054 1.400000
-0.056625 0.035639 1.400000
-0.059177 0.031219 1.400000
-0.061721 0.026796 1.400000
-0.064258 0.022369 1.400000
-0.066786 0.017936 1.400000
-0.069303 0.013496 1.400000
-0.071800 0.009046 1.400000
-0.074254 0.004572 1.400000
-0.076520 -0.000000 1.400000
-0.074254 -0.004572 1.400000
-0.071800 -0.009046 1.400000
-0.069303 -0.013496 1.400000
-0.066786 -0.017936 1.400000
-0.064258 -0.022369 1.400000
-0.061721 -0.026796 1.400000
-0.059177 -0.031219 1.400000
-0.056625 -0.035639 1.400000
-0.054067 -0.040054 1.400000
-0.051501 -0.044465 1.400000
-0.048926 -0.048871 1.400000
-0.046340 -0.053270 1.400000
-0.043734 -0.057657 1.400000
-0.041087 -0.062020 1.400000
-0.038260 -0.066269 1.400000
-0.033167 -0.066592 1.400000
-0.028066 -0.066704 1.400000
-0.022963 -0.066766 1.400000
-0.017860 -0.066807 1.400000
-0.012757 -0.066834 1.400000
-0.007654 -0.066850 1.400000
-0.002551 -0.066858 1.400000
0.002551 -0.066858 1.400000
0.007654 -0.066850 1.400000
0.012757 -0.066834 1.400000
0.017860 -0.066807 1.400000
0.022963 -0.066766 1.400000
0.028066 -0.066704 1.400000
0.033167 -0.066592 1.400000
0.038260 -0.066269 1.400000
0.041087 -0.062020 1.400000
0.043734 -0.057657 1.400000
0.046340 -0.053270 1.400000
0.048926 -0.048871 1.400000
0.051501 -0.044465 1.400000
0.054067 -0.040054 1.400000
0.056625 -0.035639 1.400000
0.059177 -0.031219 1.400000
0.061721 -0.026796 1.400000
0.064258 -0.022369 1.400000
0.066786 -0.017936 1.400000
0.069303 -0.013496 1.400000
0.071800 -0.009046 1.400000
0.074254 -0.004572 1.400000
0.076520 -0.000000 1.400000

