0.286286 0.000000 27.200000
0.277624 0.017012 27.200000
0.268365 0.033706 27.200000
0.258974 0.050326 27.200000
0.249526 0.066914 27.200000
0.240044 0.083482 27.200000
0.230536 0.100036 27.200000
0.221009 0.116578 27.200000
0.211464 0.133110 27.200000
0.201902 0.149632 27.200000
0.192319 0.166143 27.200000
0.182712 0.182639 27.200000
0.173071 0.199115 27.200000
0.163372 0.215558 27.200000
0.153545 0.231924 27.200000
0.143143 0.247931 27.200000
0.124079 0.248935 27.200000
0.104992 0.249263 27.200000
0.085904 0.249441 27.200000
0.066814 0.249553 27.200000
0.047724 0.249625 27.200000
0.028635 0.249668 27.200000
0.009545 0.249688 27.200000
-0.009545 0.249688 27.200000
-0.028635 0.249668 27.200000
-0.047724 0.249625 27.200000
-0.066814 0.249553 27.200000
-0.085904 0.249441 27.200000
-0.104992 0.249263 27.200000
-0.124079 0.248935 27.200000
-0.143143 0.247931 27.200000
-0.153545 0.231924 27.200000
-0.163372 0.215558 27.200000
-0.173071 0.199115 27.200000
-0.182712 0.182639 27.200000
-0.192319 0.166143 27.200000
-0.201902 0.149632 27.200000
-0.211464 0.133110 27.200000
-0.221009 0.116578 27.200000
-0.230536 0.100036 27.200000
-0.240044 0.083482 27.200000
-0.249526 0.066914 27.200000
-0.258974 0.050326 27.200000
-0.268365 0.033706 27.200000
-0.277624 0.017012 27.200000
-0.286286 0.000000 27.200000
-0.277624 -0.017012 27.200000
-0.268365 -0.033706 27.200000
-0.258974 -0.050326 27.200000
-0.249526 -0.066914 27.200000
-0.240044 -0.083482 27.200000
-0.230536 -0.100036 27.200000
-0.221009 -0.116578 27.200000
-0.211464 -0.133110 27.200000
-0.201902 -0.149632 27.200000
-0.192319 -0.166143 27.200000
-0.182712 -0.182639 27.200000
-0.173071 -0.199115 27.200000
-0.163372 -0.215558 27.200000
-0.153545 -0.231924 27.200000
-0.143143 -0.247931 27.200000
-0.124079 -0.248935 27.200000
-0.104992 -0.249263 27.200000
-0.085904 -0.249441 27.200000
-0.066814 -0.249553 27.200000
-0.047724 -0.249625 27.200000
-0.028635 -0.249668 27.200000
-0.009545 -0.249688 27.200000
0.009545 -0.249688 27.200000
0.028635 -0.249668 27.200000
0.047724 -0.249625 27.200000
0.066814 -0.249553 27.200000
0.085904 -0.249441 27.200000
0.104992 -0.249263 27.200000
0.124079 -0.248935 27.200000
0.143143 -0.247931 27.200000
0.153545 -0.231924 27.200000
0.163372 -0.215558 27.200000
0.173071 -0.199115 27.200000
0.182712 -0.182639 27.200000
0.192319 -0.166143 27.200000
0.201902 -0.149632 27.200000
0.211464 -0.133110 27.200000
0.221009 -0.116578 27.200000
0.230536 -0.100036 27.200000
0.240044 -0.083482 27.200000
0.249526 -0.066914 27.200000
0.258974 -0.050326 27.200000
0.268365 -0.033706 27.200000
0.277624 -0.017012 27.200000
0.286286 0.000000 27.200000

