0.115182 -0.000000 4.570000
0.111756 0.006875 4.570000
0.108056 0.013606 4.570000
0.104294 0.020303 4.570000
0.100504 0.026984 4.570000
0.096697 0.033655 4.570000
0.092877 0.040319 4.570000
0.089047 0.046976 4.570000
0.085206 0.053628 4.570000
0.081356 0.060275 4.570000
0.077494 0.066915 4.570000
0.073621 0.073547 4.570000
0.069730 0.080170 4.570000
0.065811 0.086776 4.570000
0.061832 0.093347 4.570000
0.057591 0.099751 4.570000
0.049924 0.100221 4.570000
0.042245 0.100382 4.570000
0.034565 0.100473 4.570000
0.026884 0.100531 4.570000
0.019203 0.100570 4.570000
0.011522 0.100593 4.570000
0.003841 0.100605 4.570000
-0.003841 0.100605 4.570000
-0.011522 0.100593 4.570000
-0.019203 0.100570 4.570000
-0.026884 0.100531 4.570000
-0.034565 0.100473 4.570000
-0.042245 0.100382 4.570000
-0.049924 0.100221 4.570000
-0.057591 0.099751 4.570000
-0.061832 0.093347 4.570000
-0.065811 0.086776 4.570000
-0.069730 0.080170 4.570000
-0.073621 0.073547 4.570000
-0.077494 0.066915 4.570000
-0.081356 0.060275 4.570000
-0.085206 0.053628 4.570000
-0.089047 0.046976 4.570000
-0.092877 0.040319 4.570000
-0.096697 0.033655 4.570000
-0.100504 0.026984 4.570000
-0.104294 0.020303 4.570000
-0.108056 0.013606 4.570000
-0.111756 0.006875 4.570000
-0.115182 -0.000000 4.570000
-0.111756 -0.006875 4.570000
-0.108056 -0.013606 4.570000
-0.104294 -0.020303 4.570000
-0.100504 -0.026984 4.570000
-0.096697 -0.033655 4.570000
-0.092877 -0.040319 4.570000
-0.089047 -0.046976 4.570000
-0.085206 -0.053628 4.570000
-0.081356 -0.060275 4.570000
-0.077494 -0.066915 4.570000
-0.073621 -0.073547 4.570000
-0.069730 -0.080170 4.570000
-0.065811 -0.086776 4.570000
-0.061832 -0.093347 4.570000
-0.057591 -0.099751 4.570000
-0.049924 -0.100221 4.570000
-0.042245 -0.100382 4.570000
-0.034565 -0.100473 4.570000
-0.026884 -0.100531 4.570000
-0.019203 -0.100570 4.570000
-0.011522 -0.100593 4.570000
-0.003841 -0.100605 4.570000
0.003841 -0.100605 4.570000
0.011522 -0.100593 4.570000
0.019203 -0.100570 4.570000
0.026884 -0.100531 4.570000
0.034565 -0.100473 4.570000
0.042245 -0.100382 4.570000
0.049924 -0.100221 4.570000
0.057591 -0.099751 4.570000
0.061832 -0.093347 4.570000
0.065811 -0.086776 4.570000
0.069730 -0.080170 4.570000
0.073621 -0.073547 4.570000
0.077494 -0.066915 4.570000
0.081356 -0.060275 4.570000
0.085206 -0.053628 4.570000
0.089047 -0.046976 4.570000
0.092877 -0.040319 4.570000
0.096697 -0.033655 4.570000
0.100504 -0.026984 4.570000
0.104294 -0.020303 4.570000
0.108056 -0.013606 4.570000
0.111756 -0.006875 4.570000
0.115182 -0.000000 4.570000

