0.330698 0.000000 34.940000
0.320656 0.019631 34.940000
0.309943 0.038905 34.940000
0.299084 0.058097 34.940000
0.288162 0.077253 34.940000
0.277201 0.096387 34.940000
0.266214 0.115505 34.940000
0.255206 0.134612 34.940000
0.244181 0.153709 34.940000
0.233137 0.172795 34.940000
0.222074 0.191870 34.940000
0.210984 0.210929 34.940000
0.199856 0.229966 34.940000
0.188664 0.248966 34.940000
0.177329 0.267880 34.940000
0.165349 0.286393 34.940000
0.143327 0.287511 34.940000
0.121279 0.287871 34.940000
0.099229 0.288063 34.940000
0.077178 0.288182 34.940000
0.055127 0.288256 34.940000
0.033076 0.288300 34.940000
0.011025 0.288321 34.940000
-0.011025 0.288321 34.940000
-0.033076 0.288300 34.940000
-0.055127 0.288256 34.940000
-0.077178 0.288182 34.940000
-0.099229 0.288063 34.940000
-0.121279 0.287871 34.940000
-0.143327 0.287511 34.940000
-0.165349 0.286393 34.940000
-0.177329 0.267880 34.940000
-0.188664 0.248966 34.940000
-0.199856 0.229966 34.940000
-0.210984 0.210929 34.940000
-0.222074 0.191870 34.940000
-0.233137 0.172795 34.940000
-0.244181 0.153709 34.940000
-0.255206 0.134612 34.940000
-0.266214 0.115505 34.940000
-0.277201 0.096387 34.940000
-0.288162 0.077253 34.940000
-0.299084 0.058097 34.940000
-0.309943 0.038905 34.940000
-0.320656 0.019631 34.940000
-0.330698 0.000000 34.940000
-0.320656 -0.019631 34.940000
-0.309943 -0.038905 34.940000
-0.299084 -0.058097 34.940000
-0.288162 -0.077253 34.940000
-0.277201 -0.096387 34.940000
-0.266214 -0.115505 34.940000
-0.255206 -0.134612 34.940000
-0.244181 -0.153709 34.940000
-0.233137 -0.172795 34.940000
-0.222074 -0.191870 34.940000
-0.210984 -0.210929 34.940000
-0.199856 -0.229966 34.940000
-0.188664 -0.248966 34.940000
-0.177329 -0.267880 34.940000
-0.165349 -0.286393 34.940000
-0.143327 -0.287511 34.940000
-0.121279 -0.287871 34.940000
-0.099229 -0.288063 34.940000
-0.077178 -0.288182 34.940000
-0.055127 -0.288256 34.940000
-0.033076 -0.288300 34.940000
-0.011025 -0.288321 34.940000
0.011025 -0.288321 34.940000
0.033076 -0.288300 34.940000
0.055127 -0.288256 34.940000
0.077178 -0.288182 34.940000
0.099229 -0.288063 34.940000
0.121279 -0.287871 34.940000
0.143327 -0.287511 34.940000
0.165349 -0.286393 34.940000
0.177329 -0.267880 34.940000
0.188664 -0.248966 34.940000
0.199856 -0.229966 34.940000
0.210984 -0.210929 34.940000
0.222074 -0.191870 34.940000
0.233137 -0.172795 34.940000
0.244181 -0.153709 34.940000
0.255206 -0.134612 34.940000
0.266214 -0.115505 34.940000
0.277201 -0.096387 34.940000
0.288162 -0.077253 34.940000
0.299084 -0.058097 34.940000
0.309943 -0.038905 34.940000
0.320656 -0.019631 34.940000
0.330698 0.000000 34.940000

