0.280672 0.000000 26.270000
0.272184 0.016680 26.270000
0.263108 0.033048 26.270000
0.253903 0.049343 26.270000
0.244641 0.065606 26.270000
0.235345 0.081850 26.270000
0.226025 0.098079 26.270000
0.216685 0.114298 26.270000
0.207327 0.130506 26.270000
0.197952 0.146704 26.270000
0.188557 0.162890 26.270000
0.179137 0.179063 26.270000
0.169684 0.195215 26.270000
0.160174 0.211334 26.270000
0.150538 0.227378 26.270000
0.140336 0.243069 26.270000
0.121646 0.244058 26.270000
0.102934 0.244382 26.270000
0.084219 0.244558 26.270000
0.065504 0.244669 26.270000
0.046789 0.244740 26.270000
0.028073 0.244783 26.270000
0.009358 0.244803 26.270000
-0.009358 0.244803 26.270000
-0.028073 0.244783 26.270000
-0.046789 0.244740 26.270000
-0.065504 0.244669 26.270000
-0.084219 0.244558 26.270000
-0.102934 0.244382 26.270000
-0.121646 0.244058 26.270000
-0.140336 0.243069 26.270000
-0.150538 0.227378 26.270000
-0.160174 0.211334 26.270000
-0.169684 0.195215 26.270000
-0.179137 0.179063 26.270000
-0.188557 0.162890 26.270000
-0.197952 0.146704 26.270000
-0.207327 0.130506 26.270000
-0.216685 0.114298 26.270000
-0.226025 0.098079 26.270000
-0.235345 0.081850 26.270000
-0.244641 0.065606 26.270000
-0.253903 0.049343 26.270000
-0.263108 0.033048 26.270000
-0.272184 0.016680 26.270000
-0.280672 0.000000 26.270000
-0.272184 -0.016680 26.270000
-0.263108 -0.033048 26.270000
-0.253903 -0.049343 26.270000
-0.244641 -0.065606 26.270000
-0.235345 -0.081850 26.270000
-0.226025 -0.098079 26.270000
-0.216685 -0.114298 26.270000
-0.207327 -0.130506 26.270000
-0.197952 -0.146704 26.270000
-0.188557 -0.162890 26.270000
-0.179137 -0.179063 26.270000
-0.169684 -0.195215 26.270000
-0.160174 -0.211334 26.270000
-0.150538 -0.227378 26.270000
-0.140336 -0.243069 26.270000
-0.121646 -0.244058 26.270000
-0.102934 -0.244382 26.270000
-0.084219 -0.244558 26.270000
-0.065504 -0.244669 26.270000
-0.046789 -0.244740 26.270000
-0.028073 -0.244783 26.270000
-0.009358 -0.244803 26.270000
0.009358 -0.244803 26.270000
0.028073 -0.244783 26.270000
0.046789 -0.244740 26.270000
0.065504 -0.244669 26.270000
0.084219 -0.244558 26.270000
0.102934 -0.244382 26.270000
0.121646 -0.244058 26.270000
0.140336 -0.243069 26.270000
0.150538 -0.227378 26.270000
0.160174 -0.211334 26.270000
0.169684 -0.195215 26.270000
0.179137 -0.179063 26.270000
0.188557 -0.162890 26.270000
0.197952 -0.146704 26.270000
0.207327 -0.130506 26.270000
0.216685 -0.114298 26.270000
0.226025 -0.098079 26.270000
0.235345 -0.081850 26.270000
0.244641 -0.065606 26.270000
0.253903 -0.049343 26.270000
0.263108 -0.033048 26.270000
0.272184 -0.016680 26.270000
0.280672 0.000000 26.270000

