0.329541 0.000000 34.730000
0.319535 0.019563 34.730000
0.308860 0.038770 34.730000
0.298039 0.057895 34.730000
0.287155 0.076983 34.730000
0.276233 0.096050 34.730000
0.265284 0.115102 34.730000
0.254315 0.134143 34.730000
0.243329 0.153172 34.730000
0.232324 0.172192 34.730000
0.221299 0.191200 34.730000
0.210247 0.210192 34.730000
0.199158 0.229162 34.730000
0.188005 0.248096 34.730000
0.176709 0.266943 34.730000
0.164771 0.285391 34.730000
0.142825 0.286507 34.730000
0.120854 0.286865 34.730000
0.098881 0.287057 34.730000
0.076908 0.287175 34.730000
0.054934 0.287250 34.730000
0.032961 0.287294 34.730000
0.010987 0.287315 34.730000
-0.010987 0.287315 34.730000
-0.032961 0.287294 34.730000
-0.054934 0.287250 34.730000
-0.076908 0.287175 34.730000
-0.098881 0.287057 34.730000
-0.120854 0.286865 34.730000
-0.142825 0.286507 34.730000
-0.164771 0.285391 34.730000
-0.176709 0.266943 34.730000
-0.188005 0.248096 34.730000
-0.199158 0.229162 34.730000
-0.210247 0.210192 34.730000
-0.221299 0.191200 34.730000
-0.232324 0.172192 34.730000
-0.243329 0.153172 34.730000
-0.254315 0.134143 34.730000
-0.265284 0.115102 34.730000
-0.276233 0.096050 34.730000
-0.287155 0.076983 34.730000
-0.298039 0.057895 34.730000
-0.308860 0.038770 34.730000
-0.319535 0.019563 34.730000
-0.329541 0.000000 34.730000
-0.319535 -0.019563 34.730000
-0.308860 -0.038770 34.730000
-0.298039 -0.057895 34.730000
-0.287155 -0.076983 34.730000
-0.276233 -0.096050 34.730000
-0.265284 -0.115102 34.730000
-0.254315 -0.134143 34.730000
-0.243329 -0.153172 34.730000
-0.232324 -0.172192 34.730000
-0.221299 -0.191200 34.730000
-0.210247 -0.210192 34.730000
-0.199158 -0.229162 34.730000
-0.188005 -0.248096 34.730000
-0.176709 -0.266943 34.730000
-0.164771 -0.285391 34.730000
-0.142825 -0.286507 34.730000
-0.120854 -0.286865 34.730000
-0.098881 -0.287057 34.730000
-0.076908 -0.287175 34.730000
-0.054934 -0.287250 34.730000
-0.032961 -0.287294 34.730000
-0.010987 -0.287315 34.730000
0.010987 -0.287315 34.730000
0.032961 -0.287294 34.730000
0.054934 -0.287250 34.730000
0.076908 -0.287175 34.730000
0.098881 -0.287057 34.730000
0.120854 -0.286865 34.730000
0.142825 -0.286507 34.730000
0.164771 -0.285391 34.730000
0.176709 -0.266943 34.730000
0.188005 -0.248096 34.730000
0.199158 -0.229162 34.730000
0.210247 -0.210192 34.730000
0.221299 -0.191200 34.730000
0.232324 -0.172192 34.730000
0.243329 -0.153172 34.730000
0.254315 -0.134143 34.730000
0.265284 -0.115102 34.730000
0.276233 -0.096050 34.730000
0.287155 -0.076983 34.730000
0.298039 -0.057895 34.730000
0.308860 -0.038770 34.730000
0.319535 -0.019563 34.730000
0.329541 0.000000 34.730000

