0.394276 0.000000 47.120000
0.382244 0.023375 47.120000
0.369445 0.046338 47.120000
0.356479 0.069209 47.120000
0.343441 0.092037 47.120000
0.330361 0.114842 47.120000
0.317252 0.137631 47.120000
0.304124 0.160408 47.120000
0.290979 0.183175 47.120000
0.277818 0.205933 47.120000
0.264636 0.228680 47.120000
0.251427 0.251410 47.120000
0.238176 0.274116 47.120000
0.224853 0.296779 47.120000
0.211365 0.319345 47.120000
0.197138 0.341453 47.120000
0.170879 0.342720 47.120000
0.144592 0.343118 47.120000
0.118303 0.343324 47.120000
0.092014 0.343447 47.120000
0.065724 0.343522 47.120000
0.039435 0.343564 47.120000
0.013145 0.343583 47.120000
-0.013145 0.343583 47.120000
-0.039435 0.343564 47.120000
-0.065724 0.343522 47.120000
-0.092014 0.343447 47.120000
-0.118303 0.343324 47.120000
-0.144592 0.343118 47.120000
-0.170879 0.342720 47.120000
-0.197138 0.341453 47.120000
-0.211365 0.319345 47.120000
-0.224853 0.296779 47.120000
-0.238176 0.274116 47.120000
-0.251427 0.251410 47.120000
-0.264636 0.228680 47.120000
-0.277818 0.205933 47.120000
-0.290979 0.183175 47.120000
-0.304124 0.160408 47.120000
-0.317252 0.137631 47.120000
-0.330361 0.114842 47.120000
-0.343441 0.092037 47.120000
-0.356479 0.069209 47.120000
-0.369445 0.046338 47.120000
-0.382244 0.023375 47.120000
-0.394276 0.000000 47.120000
-0.382244 -0.023375 47.120000
-0.369445 -0.046338 47.120000
-0.356479 -0.069209 47.120000
-0.343441 -0.092037 47.120000
-0.330361 -0.114842 47.120000
-0.317252 -0.137631 47.120000
-0.304124 -0.160408 47.120000
-0.290979 -0.183175 47.120000
-0.277818 -0.205933 47.120000
-0.264636 -0.228680 47.120000
-0.251427 -0.251410 47.120000
-0.238176 -0.274116 47.120000
-0.224853 -0.296779 47.120000
-0.211365 -0.319345 47.120000
-0.197138 -0.341453 47.120000
-0.170879 -0.342720 47.120000
-0.144592 -0.343118 47.120000
-0.118303 -0.343324 47.120000
-0.092014 -0.343447 47.120000
-0.065724 -0.343522 47.120000
-0.039435 -0.343564 47.120000
-0.013145 -0.343583 47.120000
0.013145 -0.343583 47.120000
0.039435 -0.343564 47.120000
0.065724 -0.343522 47.120000
0.092014 -0.343447 47.120000
0.118303 -0.343324 47.120000
0.144592 -0.343118 47.120000
0.170879 -0.342720 47.120000
0.197138 -0.341453 47.120000
0.211365 -0.319345 47.120000
0.224853 -0.296779 47.120000
0.238176 -0.274116 47.120000
0.251427 -0.251410 47.120000
0.264636 -0.228680 47.120000
0.277818 -0.205933 47.120000
0.290979 -0.183175 47.120000
0.304124 -0.160408 47.120000
0.317252 -0.137631 47.120000
0.330361 -0.114842 47.120000
0.343441 -0.092037 47.120000
0.356479 -0.069209 47.120000
0.369445 -0.046338 47.120000
0.382244 -0.023375 47.120000
0.394276 0.000000 47.120000

