0.199183 0.000000 14.110000
0.193205 0.011861 14.110000
0.186785 0.023488 14.110000
0.180265 0.035061 14.110000
0.173702 0.046608 14.110000
0.167112 0.058140 14.110000
0.160502 0.069661 14.110000
0.153876 0.081172 14.110000
0.147235 0.092675 14.110000
0.140579 0.104169 14.110000
0.133907 0.115653 14.110000
0.127215 0.127127 14.110000
0.120496 0.138584 14.110000
0.113734 0.150016 14.110000
0.106875 0.161390 14.110000
0.099591 0.172497 14.110000
0.086331 0.173251 14.110000
0.073051 0.173504 14.110000
0.059769 0.173645 14.110000
0.046487 0.173734 14.110000
0.033205 0.173793 14.110000
0.019923 0.173830 14.110000
0.006641 0.173847 14.110000
-0.006641 0.173847 14.110000
-0.019923 0.173830 14.110000
-0.033205 0.173793 14.110000
-0.046487 0.173734 14.110000
-0.059769 0.173645 14.110000
-0.073051 0.173504 14.110000
-0.086331 0.173251 14.110000
-0.099591 0.172497 14.110000
-0.106875 0.161390 14.110000
-0.113734 0.150016 14.110000
-0.120496 0.138584 14.110000
-0.127215 0.127127 14.110000
-0.133907 0.115653 14.110000
-0.140579 0.104169 14.110000
-0.147235 0.092675 14.110000
-0.153876 0.081172 14.110000
-0.160502 0.069661 14.110000
-0.167112 0.058140 14.110000
-0.173702 0.046608 14.110000
-0.180265 0.035061 14.110000
-0.186785 0.023488 14.110000
-0.193205 0.011861 14.110000
-0.199183 0.000000 14.110000
-0.193205 -0.011861 14.110000
-0.186785 -0.023488 14.110000
-0.180265 -0.035061 14.110000
-0.173702 -0.046608 14.110000
-0.167112 -0.058140 14.110000
-0.160502 -0.069661 14.110000
-0.153876 -0.081172 14.110000
-0.147235 -0.092675 14.110000
-0.140579 -0.104169 14.110000
-0.133907 -0.115653 14.110000
-0.127215 -0.127127 14.110000
-0.120496 -0.138584 14.110000
-0.113734 -0.150016 14.110000
-0.106875 -0.161390 14.110000
-0.099591 -0.172497 14.110000
-0.086331 -0.173251 14.110000
-0.073051 -0.173504 14.110000
-0.059769 -0.173645 14.110000
-0.046487 -0.173734 14.110000
-0.033205 -0.173793 14.110000
-0.019923 -0.173830 14.110000
-0.006641 -0.173847 14.110000
0.006641 -0.173847 14.110000
0.019923 -0.173830 14.110000
0.033205 -0.173793 14.110000
0.046487 -0.173734 14.110000
0.059769 -0.173645 14.110000
0.073051 -0.173504 14.110000
0.086331 -0.173251 14.110000
0.099591 -0.172497 14.110000
0.106875 -0.161390 14.110000
0.113734 -0.150016 14.110000
0.120496 -0.138584 14.110000
0.127215 -0.127127 14.110000
0.133907 -0.115653 14.110000
0.140579 -0.104169 14.110000
0.147235 -0.092675 14.110000
0.153876 -0.081172 14.110000
0.160502 -0.069661 14.110000
0.167112 -0.058140 14.110000
0.173702 -0.046608 14.110000
0.180265 -0.035061 14.110000
0.186785 -0.023488 14.110000
0.193205 -0.011861 14.110000
0.199183 0.000000 14.110000

