0.385669 0.000000 45.400000
0.373907 0.022868 45.400000
0.361391 0.045333 45.400000
0.348711 0.067705 45.400000
0.335959 0.090037 45.400000
0.323166 0.112345 45.400000
0.310346 0.134637 45.400000
0.297505 0.156917 45.400000
0.284647 0.179188 45.400000
0.271772 0.201449 45.400000
0.258877 0.223698 45.400000
0.245954 0.245931 45.400000
0.232990 0.268140 45.400000
0.219955 0.290307 45.400000
0.206758 0.312379 45.400000
0.192835 0.333999 45.400000
0.167149 0.335247 45.400000
0.141436 0.335640 45.400000
0.115721 0.335845 45.400000
0.090005 0.335968 45.400000
0.064290 0.336043 45.400000
0.038574 0.336086 45.400000
0.012858 0.336105 45.400000
-0.012858 0.336105 45.400000
-0.038574 0.336086 45.400000
-0.064290 0.336043 45.400000
-0.090005 0.335968 45.400000
-0.115721 0.335845 45.400000
-0.141436 0.335640 45.400000
-0.167149 0.335247 45.400000
-0.192835 0.333999 45.400000
-0.206758 0.312379 45.400000
-0.219955 0.290307 45.400000
-0.232990 0.268140 45.400000
-0.245954 0.245931 45.400000
-0.258877 0.223698 45.400000
-0.271772 0.201449 45.400000
-0.284647 0.179188 45.400000
-0.297505 0.156917 45.400000
-0.310346 0.134637 45.400000
-0.323166 0.112345 45.400000
-0.335959 0.090037 45.400000
-0.348711 0.067705 45.400000
-0.361391 0.045333 45.400000
-0.373907 0.022868 45.400000
-0.385669 0.000000 45.400000
-0.373907 -0.022868 45.400000
-0.361391 -0.045333 45.400000
-0.348711 -0.067705 45.400000
-0.335959 -0.090037 45.400000
-0.323166 -0.112345 45.400000
-0.310346 -0.134637 45.400000
-0.297505 -0.156917 45.400000
-0.284647 -0.179188 45.400000
-0.271772 -0.201449 45.400000
-0.258877 -0.223698 45.400000
-0.245954 -0.245931 45.400000
-0.232990 -0.268140 45.400000
-0.219955 -0.290307 45.400000
-0.206758 -0.312379 45.400000
-0.192835 -0.333999 45.400000
-0.167149 -0.335247 45.400000
-0.141436 -0.335640 45.400000
-0.115721 -0.335845 45.400000
-0.090005 -0.335968 45.400000
-0.064290 -0.336043 45.400000
-0.038574 -0.336086 45.400000
-0.012858 -0.336105 45.400000
0.012858 -0.336105 45.400000
0.038574 -0.336086 45.400000
0.064290 -0.336043 45.400000
0.090005 -0.335968 45.400000
0.115721 -0.335845 45.400000
0.141436 -0.335640 45.400000
0.167149 -0.335247 45.400000
0.192835 -0.333999 45.400000
0.206758 -0.312379 45.400000
0.219955 -0.290307 45.400000
0.232990 -0.268140 45.400000
0.245954 -0.245931 45.400000
0.258877 -0.223698 45.400000
0.271772 -0.201449 45.400000
0.284647 -0.179188 45.400000
0.297505 -0.156917 45.400000
0.310346 -0.134637 45.400000
0.323166 -0.112345 45.400000
0.335959 -0.090037 45.400000
0.348711 -0.067705 45.400000
0.361391 -0.045333 45.400000
0.373907 -0.022868 45.400000
0.385669 0.000000 45.400000

