0.379549 0.000000 44.190000
0.367979 0.022508 44.190000
0.355664 0.044618 44.190000
0.343187 0.066636 44.190000
0.330639 0.088614 44.190000
0.318050 0.110569 44.190000
0.305433 0.132508 44.190000
0.292797 0.154435 44.190000
0.280143 0.176352 44.190000
0.267472 0.198259 44.190000
0.254780 0.220155 44.190000
0.242062 0.242035 44.190000
0.229302 0.263890 44.190000
0.216472 0.285705 44.190000
0.203482 0.307425 44.190000
0.189774 0.328699 44.190000
0.164497 0.329933 44.190000
0.139192 0.330322 44.190000
0.113885 0.330526 44.190000
0.088577 0.330649 44.190000
0.063270 0.330724 44.190000
0.037962 0.330767 44.190000
0.012654 0.330787 44.190000
-0.012654 0.330787 44.190000
-0.037962 0.330767 44.190000
-0.063270 0.330724 44.190000
-0.088577 0.330649 44.190000
-0.113885 0.330526 44.190000
-0.139192 0.330322 44.190000
-0.164497 0.329933 44.190000
-0.189774 0.328699 44.190000
-0.203482 0.307425 44.190000
-0.216472 0.285705 44.190000
-0.229302 0.263890 44.190000
-0.242062 0.242035 44.190000
-0.254780 0.220155 44.190000
-0.267472 0.198259 44.190000
-0.280143 0.176352 44.190000
-0.292797 0.154435 44.190000
-0.305433 0.132508 44.190000
-0.318050 0.110569 44.190000
-0.330639 0.088614 44.190000
-0.343187 0.066636 44.190000
-0.355664 0.044618 44.190000
-0.367979 0.022508 44.190000
-0.379549 0.000000 44.190000
-0.367979 -0.022508 44.190000
-0.355664 -0.044618 44.190000
-0.343187 -0.066636 44.190000
-0.330639 -0.088614 44.190000
-0.318050 -0.110569 44.190000
-0.305433 -0.132508 44.190000
-0.292797 -0.154435 44.190000
-0.280143 -0.176352 44.190000
-0.267472 -0.198259 44.190000
-0.254780 -0.220155 44.190000
-0.242062 -0.242035 44.190000
-0.229302 -0.263890 44.190000
-0.216472 -0.285705 44.190000
-0.203482 -0.307425 44.190000
-0.189774 -0.328699 44.190000
-0.164497 -0.329933 44.190000
-0.139192 -0.330322 44.190000
-0.113885 -0.330526 44.190000
-0.088577 -0.330649 44.190000
-0.063270 -0.330724 44.190000
-0.037962 -0.330767 44.190000
-0.012654 -0.330787 44.190000
0.012654 -0.330787 44.190000
0.037962 -0.330767 44.190000
0.063270 -0.330724 44.190000
0.088577 -0.330649 44.190000
0.113885 -0.330526 44.190000
0.139192 -0.330322 44.190000
0.164497 -0.329933 44.190000
0.189774 -0.328699 44.190000
0.203482 -0.307425 44.190000
0.216472 -0.285705 44.190000
0.229302 -0.263890 44.190000
0.242062 -0.242035 44.190000
0.254780 -0.220155 44.190000
0.267472 -0.198259 44.190000
0.280143 -0.176352 44.190000
0.292797 -0.154435 44.190000
0.305433 -0.132508 44.190000
0.318050 -0.110569 44.190000
0.330639 -0.088614 44.190000
0.343187 -0.066636 44.190000
0.355664 -0.044618 44.190000
0.367979 -0.022508 44.190000
0.379549 0.000000 44.190000

