0.217471 0.000000 16.610000
0.210934 0.012944 16.610000
0.203918 0.025636 16.610000
0.196797 0.038269 16.610000
0.189629 0.050875 16.610000
0.182432 0.063465 16.610000
0.175214 0.076043 16.610000
0.167979 0.088610 16.610000
0.160729 0.101169 16.610000
0.153462 0.113719 16.610000
0.146178 0.126259 16.610000
0.138873 0.138786 16.610000
0.131540 0.151297 16.610000
0.124160 0.163780 16.610000
0.116677 0.176202 16.610000
0.108736 0.188336 16.610000
0.094257 0.189146 16.610000
0.079758 0.189416 16.610000
0.065257 0.189566 16.610000
0.050755 0.189661 16.610000
0.036254 0.189723 16.610000
0.021752 0.189761 16.610000
0.007251 0.189780 16.610000
-0.007251 0.189780 16.610000
-0.021752 0.189761 16.610000
-0.036254 0.189723 16.610000
-0.050755 0.189661 16.610000
-0.065257 0.189566 16.610000
-0.079758 0.189416 16.610000
-0.094257 0.189146 16.610000
-0.108736 0.188336 16.610000
-0.116677 0.176202 16.610000
-0.124160 0.163780 16.610000
-0.131540 0.151297 16.610000
-0.138873 0.138786 16.610000
-0.146178 0.126259 16.610000
-0.153462 0.113719 16.610000
-0.160729 0.101169 16.610000
-0.167979 0.088610 16.610000
-0.175214 0.076043 16.610000
-0.182432 0.063465 16.610000
-0.189629 0.050875 16.610000
-0.196797 0.038269 16.610000
-0.203918 0.025636 16.610000
-0.210934 0.012944 16.610000
-0.217471 0.000000 16.610000
-0.210934 -0.012944 16.610000
-0.203918 -0.025636 16.610000
-0.196797 -0.038269 16.610000
-0.189629 -0.050875 16.610000
-0.182432 -0.063465 16.610000
-0.175214 -0.076043 16.610000
-0.167979 -0.088610 16.610000
-0.160729 -0.101169 16.610000
-0.153462 -0.113719 16.610000
-0.146178 -0.126259 16.610000
-0.138873 -0.138786 16.610000
-0.131540 -0.151297 16.610000
-0.124160 -0.163780 16.610000
-0.116677 -0.176202 16.610000
-0.108736 -0.188336 16.610000
-0.094257 -0.189146 16.610000
-0.079758 -0.189416 16.610000
-0.065257 -0.189566 16.610000
-0.050755 -0.189661 16.610000
-0.036254 -0.189723 16.610000
-0.021752 -0.189761 16.610000
-0.007251 -0.189780 16.610000
0.007251 -0.189780 16.610000
0.021752 -0.189761 16.610000
0.036254 -0.189723 16.610000
0.050755 -0.189661 16.610000
0.065257 -0.189566 16.610000
0.079758 -0.189416 16.610000
0.094257 -0.189146 16.610000
0.108736 -0.188336 16.610000
0.116677 -0.176202 16.610000
0.124160 -0.163780 16.610000
0.131540 -0.151297 16.610000
0.138873 -0.138786 16.610000
0.146178 -0.126259 16.610000
0.153462 -0.113719 16.610000
0.160729 -0.101169 16.610000
0.167979 -0.088610 16.610000
0.175214 -0.076043 16.610000
0.182432 -0.063465 16.610000
0.189629 -0.050875 16.610000
0.196797 -0.038269 16.610000
0.203918 -0.025636 16.610000
0.210934 -0.012944 16.610000
0.217471 0.000000 16.610000

