0.299367 0.000000 29.410000
0.290299 0.017784 29.410000
0.280612 0.035238 29.410000
0.270790 0.052616 29.410000
0.260908 0.069960 29.410000
0.250990 0.087284 29.410000
0.241047 0.104593 29.410000
0.231084 0.121891 29.410000
0.221103 0.139179 29.410000
0.211104 0.156456 29.410000
0.201085 0.173722 29.410000
0.191041 0.190973 29.410000
0.180962 0.208203 29.410000
0.170823 0.225399 29.410000
0.160551 0.242515 29.410000
0.149683 0.259259 29.410000
0.129749 0.260298 29.410000
0.109789 0.260636 29.410000
0.089828 0.260819 29.410000
0.069867 0.260933 29.410000
0.049905 0.261006 29.410000
0.029943 0.261049 29.410000
0.009981 0.261070 29.410000
-0.009981 0.261070 29.410000
-0.029943 0.261049 29.410000
-0.049905 0.261006 29.410000
-0.069867 0.260933 29.410000
-0.089828 0.260819 29.410000
-0.109789 0.260636 29.410000
-0.129749 0.260298 29.410000
-0.149683 0.259259 29.410000
-0.160551 0.242515 29.410000
-0.170823 0.225399 29.410000
-0.180962 0.208203 29.410000
-0.191041 0.190973 29.410000
-0.201085 0.173722 29.410000
-0.211104 0.156456 29.410000
-0.221103 0.139179 29.410000
-0.231084 0.121891 29.410000
-0.241047 0.104593 29.410000
-0.250990 0.087284 29.410000
-0.260908 0.069960 29.410000
-0.270790 0.052616 29.410000
-0.280612 0.035238 29.410000
-0.290299 0.017784 29.410000
-0.299367 0.000000 29.410000
-0.290299 -0.017784 29.410000
-0.280612 -0.035238 29.410000
-0.270790 -0.052616 29.410000
-0.260908 -0.069960 29.410000
-0.250990 -0.087284 29.410000
-0.241047 -0.104593 29.410000
-0.231084 -0.121891 29.410000
-0.221103 -0.139179 29.410000
-0.211104 -0.156456 29.410000
-0.201085 -0.173722 29.410000
-0.191041 -0.190973 29.410000
-0.180962 -0.208203 29.410000
-0.170823 -0.225399 29.410000
-0.160551 -0.242515 29.410000
-0.149683 -0.259259 29.410000
-0.129749 -0.260298 29.410000
-0.109789 -0.260636 29.410000
-0.089828 -0.260819 29.410000
-0.069867 -0.260933 29.410000
-0.049905 -0.261006 29.410000
-0.029943 -0.261049 29.410000
-0.009981 -0.261070 29.410000
0.009981 -0.261070 29.410000
0.029943 -0.261049 29.410000
0.049905 -0.261006 29.410000
0.069867 -0.260933 29.410000
0.089828 -0.260819 29.410000
0.109789 -0.260636 29.410000
0.129749 -0.260298 29.410000
0.149683 -0.259259 29.410000
0.160551 -0.242515 29.410000
0.170823 -0.225399 29.410000
0.180962 -0.208203 29.410000
0.191041 -0.190973 29.410000
0.201085 -0.173722 29.410000
0.211104 -0.156456 29.410000
0.221103 -0.139179 29.410000
0.231084 -0.121891 29.410000
0.241047 -0.104593 29.410000
0.250990 -0.087284 29.410000
0.260908 -0.069960 29.410000
0.270790 -0.052616 29.410000
0.280612 -0.035238 29.410000
0.290299 -0.017784 29.410000
0.299367 0.000000 29.410000

