0.359004 0.000000 40.210000
0.348077 0.021299 40.210000
0.336436 0.042216 40.210000
0.324640 0.063046 40.210000
0.312776 0.083837 40.210000
0.300873 0.104606 40.210000
0.288942 0.125359 40.210000
0.276990 0.146100 40.210000
0.265021 0.166831 40.210000
0.253035 0.187552 40.210000
0.241028 0.208261 40.210000
0.228993 0.228954 40.210000
0.216920 0.249624 40.210000
0.204778 0.270254 40.210000
0.192484 0.290794 40.210000
0.179502 0.310906 40.210000
0.155593 0.312093 40.210000
0.131658 0.312470 40.210000
0.107721 0.312670 40.210000
0.083783 0.312791 40.210000
0.059845 0.312866 40.210000
0.035907 0.312910 40.210000
0.011969 0.312930 40.210000
-0.011969 0.312930 40.210000
-0.035907 0.312910 40.210000
-0.059845 0.312866 40.210000
-0.083783 0.312791 40.210000
-0.107721 0.312670 40.210000
-0.131658 0.312470 40.210000
-0.155593 0.312093 40.210000
-0.179502 0.310906 40.210000
-0.192484 0.290794 40.210000
-0.204778 0.270254 40.210000
-0.216920 0.249624 40.210000
-0.228993 0.228954 40.210000
-0.241028 0.208261 40.210000
-0.253035 0.187552 40.210000
-0.265021 0.166831 40.210000
-0.276990 0.146100 40.210000
-0.288942 0.125359 40.210000
-0.300873 0.104606 40.210000
-0.312776 0.083837 40.210000
-0.324640 0.063046 40.210000
-0.336436 0.042216 40.210000
-0.348077 0.021299 40.210000
-0.359004 0.000000 40.210000
-0.348077 -0.021299 40.210000
-0.336436 -0.042216 40.210000
-0.324640 -0.063046 40.210000
-0.312776 -0.083837 40.210000
-0.300873 -0.104606 40.210000
-0.288942 -0.125359 40.210000
-0.276990 -0.146100 40.210000
-0.265021 -0.166831 40.210000
-0.253035 -0.187552 40.210000
-0.241028 -0.208261 40.210000
-0.228993 -0.228954 40.210000
-0.216920 -0.249624 40.210000
-0.204778 -0.270254 40.210000
-0.192484 -0.290794 40.210000
-0.179502 -0.310906 40.210000
-0.155593 -0.312093 40.210000
-0.131658 -0.312470 40.210000
-0.107721 -0.312670 40.210000
-0.083783 -0.312791 40.210000
-0.059845 -0.312866 40.210000
-0.035907 -0.312910 40.210000
-0.011969 -0.312930 40.210000
0.011969 -0.312930 40.210000
0.035907 -0.312910 40.210000
0.059845 -0.312866 40.210000
0.083783 -0.312791 40.210000
0.107721 -0.312670 40.210000
0.131658 -0.312470 40.210000
0.155593 -0.312093 40.210000
0.179502 -0.310906 40.210000
0.192484 -0.290794 40.210000
0.204778 -0.270254 40.210000
0.216920 -0.249624 40.210000
0.228993 -0.228954 40.210000
0.241028 -0.208261 40.210000
0.253035 -0.187552 40.210000
0.265021 -0.166831 40.210000
0.276990 -0.146100 40.210000
0.288942 -0.125359 40.210000
0.300873 -0.104606 40.210000
0.312776 -0.083837 40.210000
0.324640 -0.063046 40.210000
0.336436 -0.042216 40.210000
0.348077 -0.021299 40.210000
0.359004 0.000000 40.210000

