0.268671 0.000000 24.320000
0.260555 0.015972 24.320000
0.251871 0.031642 24.320000
0.243062 0.047242 24.320000
0.234199 0.062811 24.320000
0.225302 0.078361 24.320000
0.216380 0.093897 24.320000
0.207440 0.109422 24.320000
0.198482 0.124937 24.320000
0.189507 0.140442 24.320000
0.180513 0.155936 24.320000
0.171495 0.171417 24.320000
0.162444 0.186877 24.320000
0.153338 0.202306 24.320000
0.144109 0.217662 24.320000
0.134336 0.232676 24.320000
0.116446 0.233633 24.320000
0.098533 0.233948 24.320000
0.080619 0.234119 24.320000
0.062704 0.234227 24.320000
0.044788 0.234297 24.320000
0.026873 0.234340 24.320000
0.008958 0.234360 24.320000
-0.008958 0.234360 24.320000
-0.026873 0.234340 24.320000
-0.044788 0.234297 24.320000
-0.062704 0.234227 24.320000
-0.080619 0.234119 24.320000
-0.098533 0.233948 24.320000
-0.116446 0.233633 24.320000
-0.134336 0.232676 24.320000
-0.144109 0.217662 24.320000
-0.153338 0.202306 24.320000
-0.162444 0.186877 24.320000
-0.171495 0.171417 24.320000
-0.180513 0.155936 24.320000
-0.189507 0.140442 24.320000
-0.198482 0.124937 24.320000
-0.207440 0.109422 24.320000
-0.216380 0.093897 24.320000
-0.225302 0.078361 24.320000
-0.234199 0.062811 24.320000
-0.243062 0.047242 24.320000
-0.251871 0.031642 24.320000
-0.260555 0.015972 24.320000
-0.268671 0.000000 24.320000
-0.260555 -0.015972 24.320000
-0.251871 -0.031642 24.320000
-0.243062 -0.047242 24.320000
-0.234199 -0.062811 24.320000
-0.225302 -0.078361 24.320000
-0.216380 -0.093897 24.320000
-0.207440 -0.109422 24.320000
-0.198482 -0.124937 24.320000
-0.189507 -0.140442 24.320000
-0.180513 -0.155936 24.320000
-0.171495 -0.171417 24.320000
-0.162444 -0.186877 24.320000
-0.153338 -0.202306 24.320000
-0.144109 -0.217662 24.320000
-0.134336 -0.232676 24.320000
-0.116446 -0.233633 24.320000
-0.098533 -0.233948 24.320000
-0.080619 -0.234119 24.320000
-0.062704 -0.234227 24.320000
-0.044788 -0.234297 24.320000
-0.026873 -0.234340 24.320000
-0.008958 -0.234360 24.320000
0.008958 -0.234360 24.320000
0.026873 -0.234340 24.320000
0.044788 -0.234297 24.320000
0.062704 -0.234227 24.320000
0.080619 -0.234119 24.320000
0.098533 -0.233948 24.320000
0.116446 -0.233633 24.320000
0.134336 -0.232676 24.320000
0.144109 -0.217662 24.320000
0.153338 -0.202306 24.320000
0.162444 -0.186877 24.320000
0.171495 -0.171417 24.320000
0.180513 -0.155936 24.320000
0.189507 -0.140442 24.320000
0.198482 -0.124937 24.320000
0.207440 -0.109422 24.320000
0.216380 -0.093897 24.320000
0.225302 -0.078361 24.320000
0.234199 -0.062811 24.320000
0.243062 -0.047242 24.320000
0.251871 -0.031642 24.320000
0.260555 -0.015972 24.320000
0.268671 0.000000 24.320000

