0.384813 0.000000 45.230000
0.373078 0.022818 45.230000
0.360589 0.045233 45.230000
0.347938 0.067556 45.230000
0.335215 0.089838 45.230000
0.322450 0.112096 45.230000
0.309658 0.134339 45.230000
0.296846 0.156570 45.230000
0.284016 0.178791 45.230000
0.271170 0.201002 45.230000
0.258303 0.223202 45.230000
0.245409 0.245386 45.230000
0.232474 0.267545 45.230000
0.219467 0.289663 45.230000
0.206300 0.311686 45.230000
0.192406 0.333257 45.230000
0.166778 0.334504 45.230000
0.141122 0.334896 45.230000
0.115464 0.335101 45.230000
0.089806 0.335223 45.230000
0.064147 0.335298 45.230000
0.038488 0.335341 45.230000
0.012829 0.335361 45.230000
-0.012829 0.335361 45.230000
-0.038488 0.335341 45.230000
-0.064147 0.335298 45.230000
-0.089806 0.335223 45.230000
-0.115464 0.335101 45.230000
-0.141122 0.334896 45.230000
-0.166778 0.334504 45.230000
-0.192406 0.333257 45.230000
-0.206300 0.311686 45.230000
-0.219467 0.289663 45.230000
-0.232474 0.267545 45.230000
-0.245409 0.245386 45.230000
-0.258303 0.223202 45.230000
-0.271170 0.201002 45.230000
-0.284016 0.178791 45.230000
-0.296846 0.156570 45.230000
-0.309658 0.134339 45.230000
-0.322450 0.112096 45.230000
-0.335215 0.089838 45.230000
-0.347938 0.067556 45.230000
-0.360589 0.045233 45.230000
-0.373078 0.022818 45.230000
-0.384813 0.000000 45.230000
-0.373078 -0.022818 45.230000
-0.360589 -0.045233 45.230000
-0.347938 -0.067556 45.230000
-0.335215 -0.089838 45.230000
-0.322450 -0.112096 45.230000
-0.309658 -0.134339 45.230000
-0.296846 -0.156570 45.230000
-0.284016 -0.178791 45.230000
-0.271170 -0.201002 45.230000
-0.258303 -0.223202 45.230000
-0.245409 -0.245386 45.230000
-0.232474 -0.267545 45.230000
-0.219467 -0.289663 45.230000
-0.206300 -0.311686 45.230000
-0.192406 -0.333257 45.230000
-0.166778 -0.334504 45.230000
-0.141122 -0.334896 45.230000
-0.115464 -0.335101 45.230000
-0.089806 -0.335223 45.230000
-0.064147 -0.335298 45.230000
-0.038488 -0.335341 45.230000
-0.012829 -0.335361 45.230000
0.012829 -0.335361 45.230000
0.038488 -0.335341 45.230000
0.064147 -0.335298 45.230000
0.089806 -0.335223 45.230000
0.115464 -0.335101 45.230000
0.141122 -0.334896 45.230000
0.166778 -0.334504 45.230000
0.192406 -0.333257 45.230000
0.206300 -0.311686 45.230000
0.219467 -0.289663 45.230000
0.232474 -0.267545 45.230000
0.245409 -0.245386 45.230000
0.258303 -0.223202 45.230000
0.271170 -0.201002 45.230000
0.284016 -0.178791 45.230000
0.296846 -0.156570 45.230000
0.309658 -0.134339 45.230000
0.322450 -0.112096 45.230000
0.335215 -0.089838 45.230000
0.347938 -0.067556 45.230000
0.360589 -0.045233 45.230000
0.373078 -0.022818 45.230000
0.384813 0.000000 45.230000

