0.133618 -0.000000 6.370000
0.129636 0.007971 6.370000
0.125340 0.015778 6.370000
0.120974 0.023545 6.370000
0.116576 0.031294 6.370000
0.112159 0.039033 6.370000
0.107727 0.046763 6.370000
0.103283 0.054486 6.370000
0.098828 0.062203 6.370000
0.094361 0.069913 6.370000
0.089883 0.077616 6.370000
0.085390 0.085311 6.370000
0.080877 0.092994 6.370000
0.076334 0.100659 6.370000
0.071721 0.108282 6.370000
0.066809 0.115717 6.370000
0.057915 0.116253 6.370000
0.049006 0.116436 6.370000
0.040096 0.116539 6.370000
0.031186 0.116605 6.370000
0.022276 0.116649 6.370000
0.013366 0.116676 6.370000
0.004455 0.116688 6.370000
-0.004455 0.116688 6.370000
-0.013366 0.116676 6.370000
-0.022276 0.116649 6.370000
-0.031186 0.116605 6.370000
-0.040096 0.116539 6.370000
-0.049006 0.116436 6.370000
-0.057915 0.116253 6.370000
-0.066809 0.115717 6.370000
-0.071721 0.108282 6.370000
-0.076334 0.100659 6.370000
-0.080877 0.092994 6.370000
-0.085390 0.085311 6.370000
-0.089883 0.077616 6.370000
-0.094361 0.069913 6.370000
-0.098828 0.062203 6.370000
-0.103283 0.054486 6.370000
-0.107727 0.046763 6.370000
-0.112159 0.039033 6.370000
-0.116576 0.031294 6.370000
-0.120974 0.023545 6.370000
-0.125340 0.015778 6.370000
-0.129636 0.007971 6.370000
-0.133618 -0.000000 6.370000
-0.129636 -0.007971 6.370000
-0.125340 -0.015778 6.370000
-0.120974 -0.023545 6.370000
-0.116576 -0.031294 6.370000
-0.112159 -0.039033 6.370000
-0.107727 -0.046763 6.370000
-0.103283 -0.054486 6.370000
-0.098828 -0.062203 6.370000
-0.094361 -0.069913 6.370000
-0.089883 -0.077616 6.370000
-0.085390 -0.085311 6.370000
-0.080877 -0.092994 6.370000
-0.076334 -0.100659 6.370000
-0.071721 -0.108282 6.370000
-0.066809 -0.115717 6.370000
-0.057915 -0.116253 6.370000
-0.049006 -0.116436 6.370000
-0.040096 -0.116539 6.370000
-0.031186 -0.116605 6.370000
-0.022276 -0.116649 6.370000
-0.013366 -0.116676 6.370000
-0.004455 -0.116688 6.370000
0.004455 -0.116688 6.370000
0.013366 -0.116676 6.370000
0.022276 -0.116649 6.370000
0.031186 -0.116605 6.370000
0.040096 -0.116539 6.370000
0.049006 -0.116436 6.370000
0.057915 -0.116253 6.370000
0.066809 -0.115717 6.370000
0.071721 -0.108282 6.370000
0.076334 -0.100659 6.370000
0.080877 -0.092994 6.370000
0.085390 -0.085311 6.370000
0.089883 -0.077616 6.370000
0.094361 -0.069913 6.370000
0.098828 -0.062203 6.370000
0.103283 -0.054486 6.370000
0.107727 -0.046763 6.370000
0.112159 -0.039033 6.370000
0.116576 -0.031294 6.370000
0.120974 -0.023545 6.370000
0.125340 -0.015778 6.370000
0.129636 -0.007971 6.370000
0.133618 -0.000000 6.370000

