0.183422 0.000000 12.070000
0.177926 0.010927 12.070000
0.172017 0.021637 12.070000
0.166016 0.032294 12.070000
0.159974 0.042929 12.070000
0.153907 0.053550 12.070000
0.147821 0.064159 12.070000
0.141719 0.074760 12.070000
0.135604 0.085353 12.070000
0.129474 0.095937 12.070000
0.123329 0.106513 12.070000
0.117165 0.117077 12.070000
0.110976 0.127627 12.070000
0.104747 0.138153 12.070000
0.098427 0.148625 12.070000
0.091711 0.158848 12.070000
0.079500 0.159552 12.070000
0.067271 0.159790 12.070000
0.055040 0.159922 12.070000
0.042809 0.160006 12.070000
0.030578 0.160062 12.070000
0.018347 0.160096 12.070000
0.006116 0.160113 12.070000
-0.006116 0.160113 12.070000
-0.018347 0.160096 12.070000
-0.030578 0.160062 12.070000
-0.042809 0.160006 12.070000
-0.055040 0.159922 12.070000
-0.067271 0.159790 12.070000
-0.079500 0.159552 12.070000
-0.091711 0.158848 12.070000
-0.098427 0.148625 12.070000
-0.104747 0.138153 12.070000
-0.110976 0.127627 12.070000
-0.117165 0.117077 12.070000
-0.123329 0.106513 12.070000
-0.129474 0.095937 12.070000
-0.135604 0.085353 12.070000
-0.141719 0.074760 12.070000
-0.147821 0.064159 12.070000
-0.153907 0.053550 12.070000
-0.159974 0.042929 12.070000
-0.166016 0.032294 12.070000
-0.172017 0.021637 12.070000
-0.177926 0.010927 12.070000
-0.183422 0.000000 12.070000
-0.177926 -0.010927 12.070000
-0.172017 -0.021637 12.070000
-0.166016 -0.032294 12.070000
-0.159974 -0.042929 12.070000
-0.153907 -0.053550 12.070000
-0.147821 -0.064159 12.070000
-0.141719 -0.074760 12.070000
-0.135604 -0.085353 12.070000
-0.129474 -0.095937 12.070000
-0.123329 -0.106513 12.070000
-0.117165 -0.117077 12.070000
-0.110976 -0.127627 12.070000
-0.104747 -0.138153 12.070000
-0.098427 -0.148625 12.070000
-0.091711 -0.158848 12.070000
-0.079500 -0.159552 12.070000
-0.067271 -0.159790 12.070000
-0.055040 -0.159922 12.070000
-0.042809 -0.160006 12.070000
-0.030578 -0.160062 12.070000
-0.018347 -0.160096 12.070000
-0.006116 -0.160113 12.070000
0.006116 -0.160113 12.070000
0.018347 -0.160096 12.070000
0.030578 -0.160062 12.070000
0.042809 -0.160006 12.070000
0.055040 -0.159922 12.070000
0.067271 -0.159790 12.070000
0.079500 -0.159552 12.070000
0.091711 -0.158848 12.070000
0.098427 -0.148625 12.070000
0.104747 -0.138153 12.070000
0.110976 -0.127627 12.070000
0.117165 -0.117077 12.070000
0.123329 -0.106513 12.070000
0.129474 -0.095937 12.070000
0.135604 -0.085353 12.070000
0.141719 -0.074760 12.070000
0.147821 -0.064159 12.070000
0.153907 -0.053550 12.070000
0.159974 -0.042929 12.070000
0.166016 -0.032294 12.070000
0.172017 -0.021637 12.070000
0.177926 -0.010927 12.070000
0.183422 0.000000 12.070000

