0.366098 0.000000 41.570000
0.354950 0.021717 41.570000
0.343076 0.043045 41.570000
0.331045 0.064286 41.570000
0.318945 0.085487 41.570000
0.306805 0.106665 41.570000
0.294637 0.127828 41.570000
0.282449 0.148978 41.570000
0.270244 0.170119 41.570000
0.258021 0.191249 41.570000
0.245777 0.212368 41.570000
0.233507 0.233471 41.570000
0.221196 0.254551 41.570000
0.208817 0.275590 41.570000
0.196282 0.296537 41.570000
0.183049 0.317051 41.570000
0.158668 0.318254 41.570000
0.134260 0.318635 41.570000
0.109849 0.318837 41.570000
0.085439 0.318958 41.570000
0.061028 0.319033 41.570000
0.036617 0.319077 41.570000
0.012206 0.319097 41.570000
-0.012206 0.319097 41.570000
-0.036617 0.319077 41.570000
-0.061028 0.319033 41.570000
-0.085439 0.318958 41.570000
-0.109849 0.318837 41.570000
-0.134260 0.318635 41.570000
-0.158668 0.318254 41.570000
-0.183049 0.317051 41.570000
-0.196282 0.296537 41.570000
-0.208817 0.275590 41.570000
-0.221196 0.254551 41.570000
-0.233507 0.233471 41.570000
-0.245777 0.212368 41.570000
-0.258021 0.191249 41.570000
-0.270244 0.170119 41.570000
-0.282449 0.148978 41.570000
-0.294637 0.127828 41.570000
-0.306805 0.106665 41.570000
-0.318945 0.085487 41.570000
-0.331045 0.064286 41.570000
-0.343076 0.043045 41.570000
-0.354950 0.021717 41.570000
-0.366098 0.000000 41.570000
-0.354950 -0.021717 41.570000
-0.343076 -0.043045 41.570000
-0.331045 -0.064286 41.570000
-0.318945 -0.085487 41.570000
-0.306805 -0.106665 41.570000
-0.294637 -0.127828 41.570000
-0.282449 -0.148978 41.570000
-0.270244 -0.170119 41.570000
-0.258021 -0.191249 41.570000
-0.245777 -0.212368 41.570000
-0.233507 -0.233471 41.570000
-0.221196 -0.254551 41.570000
-0.208817 -0.275590 41.570000
-0.196282 -0.296537 41.570000
-0.183049 -0.317051 41.570000
-0.158668 -0.318254 41.570000
-0.134260 -0.318635 41.570000
-0.109849 -0.318837 41.570000
-0.085439 -0.318958 41.570000
-0.061028 -0.319033 41.570000
-0.036617 -0.319077 41.570000
-0.012206 -0.319097 41.570000
0.012206 -0.319097 41.570000
0.036617 -0.319077 41.570000
0.061028 -0.319033 41.570000
0.085439 -0.318958 41.570000
0.109849 -0.318837 41.570000
0.134260 -0.318635 41.570000
0.158668 -0.318254 41.570000
0.183049 -0.317051 41.570000
0.196282 -0.296537 41.570000
0.208817 -0.275590 41.570000
0.221196 -0.254551 41.570000
0.233507 -0.233471 41.570000
0.245777 -0.212368 41.570000
0.258021 -0.191249 41.570000
0.270244 -0.170119 41.570000
0.282449 -0.148978 41.570000
0.294637 -0.127828 41.570000
0.306805 -0.106665 41.570000
0.318945 -0.085487 41.570000
0.331045 -0.064286 41.570000
0.343076 -0.043045 41.570000
0.354950 -0.021717 41.570000
0.366098 0.000000 41.570000

