0.302917 0.000000 30.020000
0.293739 0.017993 30.020000
0.283936 0.035653 30.020000
0.273996 0.053237 30.020000
0.263996 0.070787 30.020000
0.253960 0.088316 30.020000
0.243899 0.105830 30.020000
0.233817 0.123333 30.020000
0.223718 0.140825 30.020000
0.213601 0.158308 30.020000
0.203464 0.175778 30.020000
0.193301 0.193234 30.020000
0.183103 0.210669 30.020000
0.172845 0.228069 30.020000
0.162452 0.245389 30.020000
0.151458 0.262334 30.020000
0.131287 0.263382 30.020000
0.111091 0.263722 30.020000
0.090893 0.263906 30.020000
0.070695 0.264021 30.020000
0.050497 0.264094 30.020000
0.030298 0.264138 30.020000
0.010099 0.264158 30.020000
-0.010099 0.264158 30.020000
-0.030298 0.264138 30.020000
-0.050497 0.264094 30.020000
-0.070695 0.264021 30.020000
-0.090893 0.263906 30.020000
-0.111091 0.263722 30.020000
-0.131287 0.263382 30.020000
-0.151458 0.262334 30.020000
-0.162452 0.245389 30.020000
-0.172845 0.228069 30.020000
-0.183103 0.210669 30.020000
-0.193301 0.193234 30.020000
-0.203464 0.175778 30.020000
-0.213601 0.158308 30.020000
-0.223718 0.140825 30.020000
-0.233817 0.123333 30.020000
-0.243899 0.105830 30.020000
-0.253960 0.088316 30.020000
-0.263996 0.070787 30.020000
-0.273996 0.053237 30.020000
-0.283936 0.035653 30.020000
-0.293739 0.017993 30.020000
-0.302917 0.000000 30.020000
-0.293739 -0.017993 30.020000
-0.283936 -0.035653 30.020000
-0.273996 -0.053237 30.020000
-0.263996 -0.070787 30.020000
-0.253960 -0.088316 30.020000
-0.243899 -0.105830 30.020000
-0.233817 -0.123333 30.020000
-0.223718 -0.140825 30.020000
-0.213601 -0.158308 30.020000
-0.203464 -0.175778 30.020000
-0.193301 -0.193234 30.020000
-0.183103 -0.210669 30.020000
-0.172845 -0.228069 30.020000
-0.162452 -0.245389 30.020000
-0.151458 -0.262334 30.020000
-0.131287 -0.263382 30.020000
-0.111091 -0.263722 30.020000
-0.090893 -0.263906 30.020000
-0.070695 -0.264021 30.020000
-0.050497 -0.264094 30.020000
-0.030298 -0.264138 30.020000
-0.010099 -0.264158 30.020000
0.010099 -0.264158 30.020000
0.030298 -0.264138 30.020000
0.050497 -0.264094 30.020000
0.070695 -0.264021 30.020000
0.090893 -0.263906 30.020000
0.111091 -0.263722 30.020000
0.131287 -0.263382 30.020000
0.151458 -0.262334 30.020000
0.162452 -0.245389 30.020000
0.172845 -0.228069 30.020000
0.183103 -0.210669 30.020000
0.193301 -0.193234 30.020000
0.203464 -0.175778 30.020000
0.213601 -0.158308 30.020000
0.223718 -0.140825 30.020000
0.233817 -0.123333 30.020000
0.243899 -0.105830 30.020000
0.253960 -0.088316 30.020000
0.263996 -0.070787 30.020000
0.273996 -0.053237 30.020000
0.283936 -0.035653 30.020000
0.293739 -0.017993 30.020000
0.302917 0.000000 30.020000

