0.216616 0.000000 16.490000
0.210105 0.012894 16.490000
0.203117 0.025536 16.490000
0.196024 0.038119 16.490000
0.188884 0.050675 16.490000
0.181716 0.063216 16.490000
0.174527 0.075744 16.490000
0.167320 0.088263 16.490000
0.160098 0.100772 16.490000
0.152860 0.113272 16.490000
0.145604 0.125763 16.490000
0.138328 0.138241 16.490000
0.131024 0.150702 16.490000
0.123673 0.163137 16.490000
0.116218 0.175509 16.490000
0.108308 0.187595 16.490000
0.093886 0.188403 16.490000
0.079444 0.188672 16.490000
0.065000 0.188821 16.490000
0.050556 0.188916 16.490000
0.036111 0.188979 16.490000
0.021667 0.189017 16.490000
0.007222 0.189035 16.490000
-0.007222 0.189035 16.490000
-0.021667 0.189017 16.490000
-0.036111 0.188979 16.490000
-0.050556 0.188916 16.490000
-0.065000 0.188821 16.490000
-0.079444 0.188672 16.490000
-0.093886 0.188403 16.490000
-0.108308 0.187595 16.490000
-0.116218 0.175509 16.490000
-0.123673 0.163137 16.490000
-0.131024 0.150702 16.490000
-0.138328 0.138241 16.490000
-0.145604 0.125763 16.490000
-0.152860 0.113272 16.490000
-0.160098 0.100772 16.490000
-0.167320 0.088263 16.490000
-0.174527 0.075744 16.490000
-0.181716 0.063216 16.490000
-0.188884 0.050675 16.490000
-0.196024 0.038119 16.490000
-0.203117 0.025536 16.490000
-0.210105 0.012894 16.490000
-0.216616 0.000000 16.490000
-0.210105 -0.012894 16.490000
-0.203117 -0.025536 16.490000
-0.196024 -0.038119 16.490000
-0.188884 -0.050675 16.490000
-0.181716 -0.063216 16.490000
-0.174527 -0.075744 16.490000
-0.167320 -0.088263 16.490000
-0.160098 -0.100772 16.490000
-0.152860 -0.113272 16.490000
-0.145604 -0.125763 16.490000
-0.138328 -0.138241 16.490000
-0.131024 -0.150702 16.490000
-0.123673 -0.163137 16.490000
-0.116218 -0.175509 16.490000
-0.108308 -0.187595 16.490000
-0.093886 -0.188403 16.490000
-0.079444 -0.188672 16.490000
-0.065000 -0.188821 16.490000
-0.050556 -0.188916 16.490000
-0.036111 -0.188979 16.490000
-0.021667 -0.189017 16.490000
-0.007222 -0.189035 16.490000
0.007222 -0.189035 16.490000
0.021667 -0.189017 16.490000
0.036111 -0.188979 16.490000
0.050556 -0.188916 16.490000
0.065000 -0.188821 16.490000
0.079444 -0.188672 16.490000
0.093886 -0.188403 16.490000
0.108308 -0.187595 16.490000
0.116218 -0.175509 16.490000
0.123673 -0.163137 16.490000
0.131024 -0.150702 16.490000
0.138328 -0.138241 16.490000
0.145604 -0.125763 16.490000
0.152860 -0.113272 16.490000
0.160098 -0.100772 16.490000
0.167320 -0.088263 16.490000
0.174527 -0.075744 16.490000
0.181716 -0.063216 16.490000
0.188884 -0.050675 16.490000
0.196024 -0.038119 16.490000
0.203117 -0.025536 16.490000
0.210105 -0.012894 16.490000
0.216616 0.000000 16.490000

