0.146035 -0.000000 7.680000
0.141677 0.008709 7.680000
0.136979 0.017239 7.680000
0.132206 0.025728 7.680000
0.127398 0.034197 7.680000
0.122570 0.042654 7.680000
0.117726 0.051102 7.680000
0.112869 0.059542 7.680000
0.107999 0.067976 7.680000
0.103118 0.076403 7.680000
0.098224 0.084822 7.680000
0.093314 0.093232 7.680000
0.088384 0.101630 7.680000
0.083419 0.110008 7.680000
0.078380 0.118341 7.680000
0.073017 0.126470 7.680000
0.063296 0.127050 7.680000
0.053560 0.127247 7.680000
0.043822 0.127357 7.680000
0.034084 0.127429 7.680000
0.024346 0.127475 7.680000
0.014608 0.127504 7.680000
0.004869 0.127518 7.680000
-0.004869 0.127518 7.680000
-0.014608 0.127504 7.680000
-0.024346 0.127475 7.680000
-0.034084 0.127429 7.680000
-0.043822 0.127357 7.680000
-0.053560 0.127247 7.680000
-0.063296 0.127050 7.680000
-0.073017 0.126470 7.680000
-0.078380 0.118341 7.680000
-0.083419 0.110008 7.680000
-0.088384 0.101630 7.680000
-0.093314 0.093232 7.680000
-0.098224 0.084822 7.680000
-0.103118 0.076403 7.680000
-0.107999 0.067976 7.680000
-0.112869 0.059542 7.680000
-0.117726 0.051102 7.680000
-0.122570 0.042654 7.680000
-0.127398 0.034197 7.680000
-0.132206 0.025728 7.680000
-0.136979 0.017239 7.680000
-0.141677 0.008709 7.680000
-0.146035 -0.000000 7.680000
-0.141677 -0.008709 7.680000
-0.136979 -0.017239 7.680000
-0.132206 -0.025728 7.680000
-0.127398 -0.034197 7.680000
-0.122570 -0.042654 7.680000
-0.117726 -0.051102 7.680000
-0.112869 -0.059542 7.680000
-0.107999 -0.067976 7.680000
-0.103118 -0.076403 7.680000
-0.098224 -0.084822 7.680000
-0.093314 -0.093232 7.680000
-0.088384 -0.101630 7.680000
-0.083419 -0.110008 7.680000
-0.078380 -0.118341 7.680000
-0.073017 -0.126470 7.680000
-0.063296 -0.127050 7.680000
-0.053560 -0.127247 7.680000
-0.043822 -0.127357 7.680000
-0.034084 -0.127429 7.680000
-0.024346 -0.127475 7.680000
-0.014608 -0.127504 7.680000
-0.004869 -0.127518 7.680000
0.004869 -0.127518 7.680000
0.014608 -0.127504 7.680000
0.024346 -0.127475 7.680000
0.034084 -0.127429 7.680000
0.043822 -0.127357 7.680000
0.053560 -0.127247 7.680000
0.063296 -0.127050 7.680000
0.073017 -0.126470 7.680000
0.078380 -0.118341 7.680000
0.083419 -0.110008 7.680000
0.088384 -0.101630 7.680000
0.093314 -0.093232 7.680000
0.098224 -0.084822 7.680000
0.103118 -0.076403 7.680000
0.107999 -0.067976 7.680000
0.112869 -0.059542 7.680000
0.117726 -0.051102 7.680000
0.122570 -0.042654 7.680000
0.127398 -0.034197 7.680000
0.132206 -0.025728 7.680000
0.136979 -0.017239 7.680000
0.141677 -0.008709 7.680000
0.146035 -0.000000 7.680000

