0.350605 0.000000 38.620000
0.339941 0.020804 38.620000
0.328576 0.041234 38.620000
0.317058 0.061578 38.620000
0.305473 0.081884 38.620000
0.293849 0.102167 38.620000
0.282199 0.122435 38.620000
0.270527 0.142692 38.620000
0.258838 0.162938 38.620000
0.247131 0.183173 38.620000
0.235404 0.203397 38.620000
0.223650 0.223606 38.620000
0.211857 0.243791 38.620000
0.199997 0.263938 38.620000
0.187987 0.283995 38.620000
0.175302 0.303633 38.620000
0.151953 0.304799 38.620000
0.128578 0.305172 38.620000
0.105201 0.305369 38.620000
0.081823 0.305490 38.620000
0.058445 0.305565 38.620000
0.035067 0.305609 38.620000
0.011689 0.305629 38.620000
-0.011689 0.305629 38.620000
-0.035067 0.305609 38.620000
-0.058445 0.305565 38.620000
-0.081823 0.305490 38.620000
-0.105201 0.305369 38.620000
-0.128578 0.305172 38.620000
-0.151953 0.304799 38.620000
-0.175302 0.303633 38.620000
-0.187987 0.283995 38.620000
-0.199997 0.263938 38.620000
-0.211857 0.243791 38.620000
-0.223650 0.223606 38.620000
-0.235404 0.203397 38.620000
-0.247131 0.183173 38.620000
-0.258838 0.162938 38.620000
-0.270527 0.142692 38.620000
-0.282199 0.122435 38.620000
-0.293849 0.102167 38.620000
-0.305473 0.081884 38.620000
-0.317058 0.061578 38.620000
-0.328576 0.041234 38.620000
-0.339941 0.020804 38.620000
-0.350605 0.000000 38.620000
-0.339941 -0.020804 38.620000
-0.328576 -0.041234 38.620000
-0.317058 -0.061578 38.620000
-0.305473 -0.081884 38.620000
-0.293849 -0.102167 38.620000
-0.282199 -0.122435 38.620000
-0.270527 -0.142692 38.620000
-0.258838 -0.162938 38.620000
-0.247131 -0.183173 38.620000
-0.235404 -0.203397 38.620000
-0.223650 -0.223606 38.620000
-0.211857 -0.243791 38.620000
-0.199997 -0.263938 38.620000
-0.187987 -0.283995 38.620000
-0.175302 -0.303633 38.620000
-0.151953 -0.304799 38.620000
-0.128578 -0.305172 38.620000
-0.105201 -0.305369 38.620000
-0.081823 -0.305490 38.620000
-0.058445 -0.305565 38.620000
-0.035067 -0.305609 38.620000
-0.011689 -0.305629 38.620000
0.011689 -0.305629 38.620000
0.035067 -0.305609 38.620000
0.058445 -0.305565 38.620000
0.081823 -0.305490 38.620000
0.105201 -0.305369 38.620000
0.128578 -0.305172 38.620000
0.151953 -0.304799 38.620000
0.175302 -0.303633 38.620000
0.187987 -0.283995 38.620000
0.199997 -0.263938 38.620000
0.211857 -0.243791 38.620000
0.223650 -0.223606 38.620000
0.235404 -0.203397 38.620000
0.247131 -0.183173 38.620000
0.258838 -0.162938 38.620000
0.270527 -0.142692 38.620000
0.282199 -0.122435 38.620000
0.293849 -0.102167 38.620000
0.305473 -0.081884 38.620000
0.317058 -0.061578 38.620000
0.328576 -0.041234 38.620000
0.339941 -0.020804 38.620000
0.350605 0.000000 38.620000

