0.365995 0.000000 41.550000
0.354849 0.021710 41.550000
0.342979 0.043033 41.550000
0.330952 0.064268 41.550000
0.318855 0.085463 41.550000
0.306718 0.106635 41.550000
0.294554 0.127792 41.550000
0.282369 0.148936 41.550000
0.270167 0.170071 41.550000
0.257948 0.191195 41.550000
0.245708 0.212308 41.550000
0.233441 0.233405 41.550000
0.221133 0.254479 41.550000
0.208758 0.275512 41.550000
0.196227 0.296453 41.550000
0.182997 0.316961 41.550000
0.158623 0.318164 41.550000
0.134222 0.318545 41.550000
0.109818 0.318746 41.550000
0.085414 0.318868 41.550000
0.061010 0.318943 41.550000
0.036606 0.318987 41.550000
0.012202 0.319007 41.550000
-0.012202 0.319007 41.550000
-0.036606 0.318987 41.550000
-0.061010 0.318943 41.550000
-0.085414 0.318868 41.550000
-0.109818 0.318746 41.550000
-0.134222 0.318545 41.550000
-0.158623 0.318164 41.550000
-0.182997 0.316961 41.550000
-0.196227 0.296453 41.550000
-0.208758 0.275512 41.550000
-0.221133 0.254479 41.550000
-0.233441 0.233405 41.550000
-0.245708 0.212308 41.550000
-0.257948 0.191195 41.550000
-0.270167 0.170071 41.550000
-0.282369 0.148936 41.550000
-0.294554 0.127792 41.550000
-0.306718 0.106635 41.550000
-0.318855 0.085463 41.550000
-0.330952 0.064268 41.550000
-0.342979 0.043033 41.550000
-0.354849 0.021710 41.550000
-0.365995 0.000000 41.550000
-0.354849 -0.021710 41.550000
-0.342979 -0.043033 41.550000
-0.330952 -0.064268 41.550000
-0.318855 -0.085463 41.550000
-0.306718 -0.106635 41.550000
-0.294554 -0.127792 41.550000
-0.282369 -0.148936 41.550000
-0.270167 -0.170071 41.550000
-0.257948 -0.191195 41.550000
-0.245708 -0.212308 41.550000
-0.233441 -0.233405 41.550000
-0.221133 -0.254479 41.550000
-0.208758 -0.275512 41.550000
-0.196227 -0.296453 41.550000
-0.182997 -0.316961 41.550000
-0.158623 -0.318164 41.550000
-0.134222 -0.318545 41.550000
-0.109818 -0.318746 41.550000
-0.085414 -0.318868 41.550000
-0.061010 -0.318943 41.550000
-0.036606 -0.318987 41.550000
-0.012202 -0.319007 41.550000
0.012202 -0.319007 41.550000
0.036606 -0.318987 41.550000
0.061010 -0.318943 41.550000
0.085414 -0.318868 41.550000
0.109818 -0.318746 41.550000
0.134222 -0.318545 41.550000
0.158623 -0.318164 41.550000
0.182997 -0.316961 41.550000
0.196227 -0.296453 41.550000
0.208758 -0.275512 41.550000
0.221133 -0.254479 41.550000
0.233441 -0.233405 41.550000
0.245708 -0.212308 41.550000
0.257948 -0.191195 41.550000
0.270167 -0.170071 41.550000
0.282369 -0.148936 41.550000
0.294554 -0.127792 41.550000
0.306718 -0.106635 41.550000
0.318855 -0.085463 41.550000
0.330952 -0.064268 41.550000
0.342979 -0.043033 41.550000
0.354849 -0.021710 41.550000
0.365995 0.000000 41.550000

