0.346709 0.000000 37.890000
0.336167 0.020575 37.890000
0.324930 0.040778 37.890000
0.313541 0.060897 37.890000
0.302086 0.080978 37.890000
0.290592 0.101036 37.890000
0.279071 0.121079 37.890000
0.267529 0.141111 37.890000
0.255970 0.161132 37.890000
0.244393 0.181143 37.890000
0.232796 0.201142 37.890000
0.221172 0.221125 37.890000
0.209509 0.241086 37.890000
0.197780 0.261008 37.890000
0.185902 0.280842 37.890000
0.173355 0.300259 37.890000
0.150265 0.301417 37.890000
0.127150 0.301786 37.890000
0.104032 0.301983 37.890000
0.080914 0.302103 37.890000
0.057796 0.302178 37.890000
0.034678 0.302222 37.890000
0.011559 0.302243 37.890000
-0.011559 0.302243 37.890000
-0.034678 0.302222 37.890000
-0.057796 0.302178 37.890000
-0.080914 0.302103 37.890000
-0.104032 0.301983 37.890000
-0.127150 0.301786 37.890000
-0.150265 0.301417 37.890000
-0.173355 0.300259 37.890000
-0.185902 0.280842 37.890000
-0.197780 0.261008 37.890000
-0.209509 0.241086 37.890000
-0.221172 0.221125 37.890000
-0.232796 0.201142 37.890000
-0.244393 0.181143 37.890000
-0.255970 0.161132 37.890000
-0.267529 0.141111 37.890000
-0.279071 0.121079 37.890000
-0.290592 0.101036 37.890000
-0.302086 0.080978 37.890000
-0.313541 0.060897 37.890000
-0.324930 0.040778 37.890000
-0.336167 0.020575 37.890000
-0.346709 0.000000 37.890000
-0.336167 -0.020575 37.890000
-0.324930 -0.040778 37.890000
-0.313541 -0.060897 37.890000
-0.302086 -0.080978 37.890000
-0.290592 -0.101036 37.890000
-0.279071 -0.121079 37.890000
-0.267529 -0.141111 37.890000
-0.255970 -0.161132 37.890000
-0.244393 -0.181143 37.890000
-0.232796 -0.201142 37.890000
-0.221172 -0.221125 37.890000
-0.209509 -0.241086 37.890000
-0.197780 -0.261008 37.890000
-0.185902 -0.280842 37.890000
-0.173355 -0.300259 37.890000
-0.150265 -0.301417 37.890000
-0.127150 -0.301786 37.890000
-0.104032 -0.301983 37.890000
-0.080914 -0.302103 37.890000
-0.057796 -0.302178 37.890000
-0.034678 -0.302222 37.890000
-0.011559 -0.302243 37.890000
0.011559 -0.302243 37.890000
0.034678 -0.302222 37.890000
0.057796 -0.302178 37.890000
0.080914 -0.302103 37.890000
0.104032 -0.301983 37.890000
0.127150 -0.301786 37.890000
0.150265 -0.301417 37.890000
0.173355 -0.300259 37.890000
0.185902 -0.280842 37.890000
0.197780 -0.261008 37.890000
0.209509 -0.241086 37.890000
0.221172 -0.221125 37.890000
0.232796 -0.201142 37.890000
0.244393 -0.181143 37.890000
0.255970 -0.161132 37.890000
0.267529 -0.141111 37.890000
0.279071 -0.121079 37.890000
0.290592 -0.101036 37.890000
0.302086 -0.080978 37.890000
0.313541 -0.060897 37.890000
0.324930 -0.040778 37.890000
0.336167 -0.020575 37.890000
0.346709 0.000000 37.890000

