0.190633 0.000000 12.990000
0.184918 0.011355 12.990000
0.178775 0.022484 12.990000
0.172536 0.033560 12.990000
0.166256 0.044613 12.990000
0.159950 0.055650 12.990000
0.153624 0.066677 12.990000
0.147282 0.077694 12.990000
0.140926 0.088703 12.990000
0.134556 0.099704 12.990000
0.128169 0.110695 12.990000
0.121764 0.121676 12.990000
0.115332 0.132641 12.990000
0.108859 0.143581 12.990000
0.102292 0.154466 12.990000
0.095317 0.165093 12.990000
0.082625 0.165821 12.990000
0.069916 0.166065 12.990000
0.057204 0.166201 12.990000
0.044492 0.166288 12.990000
0.031780 0.166345 12.990000
0.019068 0.166381 12.990000
0.006356 0.166397 12.990000
-0.006356 0.166397 12.990000
-0.019068 0.166381 12.990000
-0.031780 0.166345 12.990000
-0.044492 0.166288 12.990000
-0.057204 0.166201 12.990000
-0.069916 0.166065 12.990000
-0.082625 0.165821 12.990000
-0.095317 0.165093 12.990000
-0.102292 0.154466 12.990000
-0.108859 0.143581 12.990000
-0.115332 0.132641 12.990000
-0.121764 0.121676 12.990000
-0.128169 0.110695 12.990000
-0.134556 0.099704 12.990000
-0.140926 0.088703 12.990000
-0.147282 0.077694 12.990000
-0.153624 0.066677 12.990000
-0.159950 0.055650 12.990000
-0.166256 0.044613 12.990000
-0.172536 0.033560 12.990000
-0.178775 0.022484 12.990000
-0.184918 0.011355 12.990000
-0.190633 -0.000000 12.990000
-0.184918 -0.011355 12.990000
-0.178775 -0.022484 12.990000
-0.172536 -0.033560 12.990000
-0.166256 -0.044613 12.990000
-0.159950 -0.055650 12.990000
-0.153624 -0.066677 12.990000
-0.147282 -0.077694 12.990000
-0.140926 -0.088703 12.990000
-0.134556 -0.099704 12.990000
-0.128169 -0.110695 12.990000
-0.121764 -0.121676 12.990000
-0.115332 -0.132641 12.990000
-0.108859 -0.143581 12.990000
-0.102292 -0.154466 12.990000
-0.095317 -0.165093 12.990000
-0.082625 -0.165821 12.990000
-0.069916 -0.166065 12.990000
-0.057204 -0.166201 12.990000
-0.044492 -0.166288 12.990000
-0.031780 -0.166345 12.990000
-0.019068 -0.166381 12.990000
-0.006356 -0.166397 12.990000
0.006356 -0.166397 12.990000
0.019068 -0.166381 12.990000
0.031780 -0.166345 12.990000
0.044492 -0.166288 12.990000
0.057204 -0.166201 12.990000
0.069916 -0.166065 12.990000
0.082625 -0.165821 12.990000
0.095317 -0.165093 12.990000
0.102292 -0.154466 12.990000
0.108859 -0.143581 12.990000
0.115332 -0.132641 12.990000
0.121764 -0.121676 12.990000
0.128169 -0.110695 12.990000
0.134556 -0.099704 12.990000
0.140926 -0.088703 12.990000
0.147282 -0.077694 12.990000
0.153624 -0.066677 12.990000
0.159950 -0.055650 12.990000
0.166256 -0.044613 12.990000
0.172536 -0.033560 12.990000
0.178775 -0.022484 12.990000
0.184918 -0.011355 12.990000
0.190633 0.000000 12.990000

