0.374243 0.000000 43.150000
0.362839 0.022196 43.150000
0.350698 0.043997 43.150000
0.338397 0.065709 43.150000
0.326026 0.087381 43.150000
0.313614 0.109029 43.150000
0.301175 0.130662 43.150000
0.288715 0.152282 43.150000
0.276238 0.173893 43.150000
0.263744 0.195494 43.150000
0.251229 0.217083 43.150000
0.238687 0.238657 43.150000
0.226104 0.260206 43.150000
0.213452 0.281715 43.150000
0.200642 0.303130 43.150000
0.187121 0.324104 43.150000
0.162197 0.325326 43.150000
0.137246 0.325712 43.150000
0.112293 0.325915 43.150000
0.087339 0.326037 43.150000
0.062385 0.326112 43.150000
0.037431 0.326156 43.150000
0.012477 0.326176 43.150000
-0.012477 0.326176 43.150000
-0.037431 0.326156 43.150000
-0.062385 0.326112 43.150000
-0.087339 0.326037 43.150000
-0.112293 0.325915 43.150000
-0.137246 0.325712 43.150000
-0.162197 0.325326 43.150000
-0.187121 0.324104 43.150000
-0.200642 0.303130 43.150000
-0.213452 0.281715 43.150000
-0.226104 0.260206 43.150000
-0.238687 0.238657 43.150000
-0.251229 0.217083 43.150000
-0.263744 0.195494 43.150000
-0.276238 0.173893 43.150000
-0.288715 0.152282 43.150000
-0.301175 0.130662 43.150000
-0.313614 0.109029 43.150000
-0.326026 0.087381 43.150000
-0.338397 0.065709 43.150000
-0.350698 0.043997 43.150000
-0.362839 0.022196 43.150000
-0.374243 0.000000 43.150000
-0.362839 -0.022196 43.150000
-0.350698 -0.043997 43.150000
-0.338397 -0.065709 43.150000
-0.326026 -0.087381 43.150000
-0.313614 -0.109029 43.150000
-0.301175 -0.130662 43.150000
-0.288715 -0.152282 43.150000
-0.276238 -0.173893 43.150000
-0.263744 -0.195494 43.150000
-0.251229 -0.217083 43.150000
-0.238687 -0.238657 43.150000
-0.226104 -0.260206 43.150000
-0.213452 -0.281715 43.150000
-0.200642 -0.303130 43.150000
-0.187121 -0.324104 43.150000
-0.162197 -0.325326 43.150000
-0.137246 -0.325712 43.150000
-0.112293 -0.325915 43.150000
-0.087339 -0.326037 43.150000
-0.062385 -0.326112 43.150000
-0.037431 -0.326156 43.150000
-0.012477 -0.326176 43.150000
0.012477 -0.326176 43.150000
0.037431 -0.326156 43.150000
0.062385 -0.326112 43.150000
0.087339 -0.326037 43.150000
0.112293 -0.325915 43.150000
0.137246 -0.325712 43.150000
0.162197 -0.325326 43.150000
0.187121 -0.324104 43.150000
0.200642 -0.303130 43.150000
0.213452 -0.281715 43.150000
0.226104 -0.260206 43.150000
0.238687 -0.238657 43.150000
0.251229 -0.217083 43.150000
0.263744 -0.195494 43.150000
0.276238 -0.173893 43.150000
0.288715 -0.152282 43.150000
0.301175 -0.130662 43.150000
0.313614 -0.109029 43.150000
0.326026 -0.087381 43.150000
0.338397 -0.065709 43.150000
0.350698 -0.043997 43.150000
0.362839 -0.022196 43.150000
0.374243 0.000000 43.150000

