0.206107 0.000000 15.040000
0.199917 0.012271 15.040000
0.193271 0.024302 15.040000
0.186524 0.036275 15.040000
0.179732 0.048224 15.040000
0.172913 0.060156 15.040000
0.166073 0.072077 15.040000
0.159216 0.083988 15.040000
0.152344 0.095891 15.040000
0.145457 0.107785 15.040000
0.138553 0.119669 15.040000
0.131629 0.131541 15.040000
0.124678 0.143397 15.040000
0.117682 0.155227 15.040000
0.110586 0.166998 15.040000
0.103053 0.178494 15.040000
0.089331 0.179269 15.040000
0.075590 0.179529 15.040000
0.061847 0.179673 15.040000
0.048103 0.179765 15.040000
0.034360 0.179825 15.040000
0.020616 0.179862 15.040000
0.006872 0.179879 15.040000
-0.006872 0.179879 15.040000
-0.020616 0.179862 15.040000
-0.034360 0.179825 15.040000
-0.048103 0.179765 15.040000
-0.061847 0.179673 15.040000
-0.075590 0.179529 15.040000
-0.089331 0.179269 15.040000
-0.103053 0.178494 15.040000
-0.110586 0.166998 15.040000
-0.117682 0.155227 15.040000
-0.124678 0.143397 15.040000
-0.131629 0.131541 15.040000
-0.138553 0.119669 15.040000
-0.145457 0.107785 15.040000
-0.152344 0.095891 15.040000
-0.159216 0.083988 15.040000
-0.166073 0.072077 15.040000
-0.172913 0.060156 15.040000
-0.179732 0.048224 15.040000
-0.186524 0.036275 15.040000
-0.193271 0.024302 15.040000
-0.199917 0.012271 15.040000
-0.206107 0.000000 15.040000
-0.199917 -0.012271 15.040000
-0.193271 -0.024302 15.040000
-0.186524 -0.036275 15.040000
-0.179732 -0.048224 15.040000
-0.172913 -0.060156 15.040000
-0.166073 -0.072077 15.040000
-0.159216 -0.083988 15.040000
-0.152344 -0.095891 15.040000
-0.145457 -0.107785 15.040000
-0.138553 -0.119669 15.040000
-0.131629 -0.131541 15.040000
-0.124678 -0.143397 15.040000
-0.117682 -0.155227 15.040000
-0.110586 -0.166998 15.040000
-0.103053 -0.178494 15.040000
-0.089331 -0.179269 15.040000
-0.075590 -0.179529 15.040000
-0.061847 -0.179673 15.040000
-0.048103 -0.179765 15.040000
-0.034360 -0.179825 15.040000
-0.020616 -0.179862 15.040000
-0.006872 -0.179879 15.040000
0.006872 -0.179879 15.040000
0.020616 -0.179862 15.040000
0.034360 -0.179825 15.040000
0.048103 -0.179765 15.040000
0.061847 -0.179673 15.040000
0.075590 -0.179529 15.040000
0.089331 -0.179269 15.040000
0.103053 -0.178494 15.040000
0.110586 -0.166998 15.040000
0.117682 -0.155227 15.040000
0.124678 -0.143397 15.040000
0.131629 -0.131541 15.040000
0.138553 -0.119669 15.040000
0.145457 -0.107785 15.040000
0.152344 -0.095891 15.040000
0.159216 -0.083988 15.040000
0.166073 -0.072077 15.040000
0.172913 -0.060156 15.040000
0.179732 -0.048224 15.040000
0.186524 -0.036275 15.040000
0.193271 -0.024302 15.040000
0.199917 -0.012271 15.040000
0.206107 0.000000 15.040000

