0.365839 0.000000 41.520000
0.354699 0.021701 41.520000
0.342833 0.043015 41.520000
0.330811 0.064241 41.520000
0.318720 0.085427 41.520000
0.306588 0.106590 41.520000
0.294429 0.127737 41.520000
0.282249 0.148873 41.520000
0.270053 0.169999 41.520000
0.257838 0.191114 41.520000
0.245604 0.212218 41.520000
0.233342 0.233306 41.520000
0.221039 0.254371 41.520000
0.208669 0.275395 41.520000
0.196143 0.296327 41.520000
0.182920 0.316826 41.520000
0.158555 0.318029 41.520000
0.134165 0.318410 41.520000
0.109772 0.318611 41.520000
0.085378 0.318733 41.520000
0.060984 0.318808 41.520000
0.036591 0.318852 41.520000
0.012197 0.318872 41.520000
-0.012197 0.318872 41.520000
-0.036591 0.318852 41.520000
-0.060984 0.318808 41.520000
-0.085378 0.318733 41.520000
-0.109772 0.318611 41.520000
-0.134165 0.318410 41.520000
-0.158555 0.318029 41.520000
-0.182920 0.316826 41.520000
-0.196143 0.296327 41.520000
-0.208669 0.275395 41.520000
-0.221039 0.254371 41.520000
-0.233342 0.233306 41.520000
-0.245604 0.212218 41.520000
-0.257838 0.191114 41.520000
-0.270053 0.169999 41.520000
-0.282249 0.148873 41.520000
-0.294429 0.127737 41.520000
-0.306588 0.106590 41.520000
-0.318720 0.085427 41.520000
-0.330811 0.064241 41.520000
-0.342833 0.043015 41.520000
-0.354699 0.021701 41.520000
-0.365839 0.000000 41.520000
-0.354699 -0.021701 41.520000
-0.342833 -0.043015 41.520000
-0.330811 -0.064241 41.520000
-0.318720 -0.085427 41.520000
-0.306588 -0.106590 41.520000
-0.294429 -0.127737 41.520000
-0.282249 -0.148873 41.520000
-0.270053 -0.169999 41.520000
-0.257838 -0.191114 41.520000
-0.245604 -0.212218 41.520000
-0.233342 -0.233306 41.520000
-0.221039 -0.254371 41.520000
-0.208669 -0.275395 41.520000
-0.196143 -0.296327 41.520000
-0.182920 -0.316826 41.520000
-0.158555 -0.318029 41.520000
-0.134165 -0.318410 41.520000
-0.109772 -0.318611 41.520000
-0.085378 -0.318733 41.520000
-0.060984 -0.318808 41.520000
-0.036591 -0.318852 41.520000
-0.012197 -0.318872 41.520000
0.012197 -0.318872 41.520000
0.036591 -0.318852 41.520000
0.060984 -0.318808 41.520000
0.085378 -0.318733 41.520000
0.109772 -0.318611 41.520000
0.134165 -0.318410 41.520000
0.158555 -0.318029 41.520000
0.182920 -0.316826 41.520000
0.196143 -0.296327 41.520000
0.208669 -0.275395 41.520000
0.221039 -0.254371 41.520000
0.233342 -0.233306 41.520000
0.245604 -0.212218 41.520000
0.257838 -0.191114 41.520000
0.270053 -0.169999 41.520000
0.282249 -0.148873 41.520000
0.294429 -0.127737 41.520000
0.306588 -0.106590 41.520000
0.318720 -0.085427 41.520000
0.330811 -0.064241 41.520000
0.342833 -0.043015 41.520000
0.354699 -0.021701 41.520000
0.365839 0.000000 41.520000

