0.281763 0.000000 26.450000
0.273242 0.016745 26.450000
0.264131 0.033176 26.450000
0.254890 0.049534 26.450000
0.245592 0.065861 26.450000
0.236259 0.082167 26.450000
0.226902 0.098460 26.450000
0.217526 0.114741 26.450000
0.208132 0.131012 26.450000
0.198720 0.147273 26.450000
0.189289 0.163523 26.450000
0.179833 0.179758 26.450000
0.170343 0.195974 26.450000
0.160796 0.212156 26.450000
0.151122 0.228262 26.450000
0.140882 0.244014 26.450000
0.122120 0.245007 26.450000
0.103334 0.245332 26.450000
0.084547 0.245508 26.450000
0.065759 0.245619 26.450000
0.046971 0.245690 26.450000
0.028182 0.245733 26.450000
0.009394 0.245753 26.450000
-0.009394 0.245753 26.450000
-0.028182 0.245733 26.450000
-0.046971 0.245690 26.450000
-0.065759 0.245619 26.450000
-0.084547 0.245508 26.450000
-0.103334 0.245332 26.450000
-0.122120 0.245007 26.450000
-0.140882 0.244014 26.450000
-0.151122 0.228262 26.450000
-0.160796 0.212156 26.450000
-0.170343 0.195974 26.450000
-0.179833 0.179758 26.450000
-0.189289 0.163523 26.450000
-0.198720 0.147273 26.450000
-0.208132 0.131012 26.450000
-0.217526 0.114741 26.450000
-0.226902 0.098460 26.450000
-0.236259 0.082167 26.450000
-0.245592 0.065861 26.450000
-0.254890 0.049534 26.450000
-0.264131 0.033176 26.450000
-0.273242 0.016745 26.450000
-0.281763 0.000000 26.450000
-0.273242 -0.016745 26.450000
-0.264131 -0.033176 26.450000
-0.254890 -0.049534 26.450000
-0.245592 -0.065861 26.450000
-0.236259 -0.082167 26.450000
-0.226902 -0.098460 26.450000
-0.217526 -0.114741 26.450000
-0.208132 -0.131012 26.450000
-0.198720 -0.147273 26.450000
-0.189289 -0.163523 26.450000
-0.179833 -0.179758 26.450000
-0.170343 -0.195974 26.450000
-0.160796 -0.212156 26.450000
-0.151122 -0.228262 26.450000
-0.140882 -0.244014 26.450000
-0.122120 -0.245007 26.450000
-0.103334 -0.245332 26.450000
-0.084547 -0.245508 26.450000
-0.065759 -0.245619 26.450000
-0.046971 -0.245690 26.450000
-0.028182 -0.245733 26.450000
-0.009394 -0.245753 26.450000
0.009394 -0.245753 26.450000
0.028182 -0.245733 26.450000
0.046971 -0.245690 26.450000
0.065759 -0.245619 26.450000
0.084547 -0.245508 26.450000
0.103334 -0.245332 26.450000
0.122120 -0.245007 26.450000
0.140882 -0.244014 26.450000
0.151122 -0.228262 26.450000
0.160796 -0.212156 26.450000
0.170343 -0.195974 26.450000
0.179833 -0.179758 26.450000
0.189289 -0.163523 26.450000
0.198720 -0.147273 26.450000
0.208132 -0.131012 26.450000
0.217526 -0.114741 26.450000
0.226902 -0.098460 26.450000
0.236259 -0.082167 26.450000
0.245592 -0.065861 26.450000
0.254890 -0.049534 26.450000
0.264131 -0.033176 26.450000
0.273242 -0.016745 26.450000
0.281763 0.000000 26.450000

