0.332127 0.000000 35.200000
0.322040 0.019716 35.200000
0.311281 0.039072 35.200000
0.300375 0.058347 35.200000
0.289405 0.077585 35.200000
0.278396 0.096802 35.200000
0.267362 0.116003 35.200000
0.256306 0.135192 35.200000
0.245233 0.154372 35.200000
0.234142 0.173540 35.200000
0.223031 0.192697 35.200000
0.211893 0.211839 35.200000
0.200718 0.230959 35.200000
0.189478 0.250041 35.200000
0.178094 0.269037 35.200000
0.166064 0.287631 35.200000
0.143946 0.288753 35.200000
0.121803 0.289113 35.200000
0.099657 0.289306 35.200000
0.077511 0.289424 35.200000
0.055365 0.289499 35.200000
0.033219 0.289543 35.200000
0.011073 0.289564 35.200000
-0.011073 0.289564 35.200000
-0.033219 0.289543 35.200000
-0.055365 0.289499 35.200000
-0.077511 0.289424 35.200000
-0.099657 0.289306 35.200000
-0.121803 0.289113 35.200000
-0.143946 0.288753 35.200000
-0.166064 0.287631 35.200000
-0.178094 0.269037 35.200000
-0.189478 0.250041 35.200000
-0.200718 0.230959 35.200000
-0.211893 0.211839 35.200000
-0.223031 0.192697 35.200000
-0.234142 0.173540 35.200000
-0.245233 0.154372 35.200000
-0.256306 0.135192 35.200000
-0.267362 0.116003 35.200000
-0.278396 0.096802 35.200000
-0.289405 0.077585 35.200000
-0.300375 0.058347 35.200000
-0.311281 0.039072 35.200000
-0.322040 0.019716 35.200000
-0.332127 0.000000 35.200000
-0.322040 -0.019716 35.200000
-0.311281 -0.039072 35.200000
-0.300375 -0.058347 35.200000
-0.289405 -0.077585 35.200000
-0.278396 -0.096802 35.200000
-0.267362 -0.116003 35.200000
-0.256306 -0.135192 35.200000
-0.245233 -0.154372 35.200000
-0.234142 -0.173540 35.200000
-0.223031 -0.192697 35.200000
-0.211893 -0.211839 35.200000
-0.200718 -0.230959 35.200000
-0.189478 -0.250041 35.200000
-0.178094 -0.269037 35.200000
-0.166064 -0.287631 35.200000
-0.143946 -0.288753 35.200000
-0.121803 -0.289113 35.200000
-0.099657 -0.289306 35.200000
-0.077511 -0.289424 35.200000
-0.055365 -0.289499 35.200000
-0.033219 -0.289543 35.200000
-0.011073 -0.289564 35.200000
0.011073 -0.289564 35.200000
0.033219 -0.289543 35.200000
0.055365 -0.289499 35.200000
0.077511 -0.289424 35.200000
0.099657 -0.289306 35.200000
0.121803 -0.289113 35.200000
0.143946 -0.288753 35.200000
0.166064 -0.287631 35.200000
0.178094 -0.269037 35.200000
0.189478 -0.250041 35.200000
0.200718 -0.230959 35.200000
0.211893 -0.211839 35.200000
0.223031 -0.192697 35.200000
0.234142 -0.173540 35.200000
0.245233 -0.154372 35.200000
0.256306 -0.135192 35.200000
0.267362 -0.116003 35.200000
0.278396 -0.096802 35.200000
0.289405 -0.077585 35.200000
0.300375 -0.058347 35.200000
0.311281 -0.039072 35.200000
0.322040 -0.019716 35.200000
0.332127 0.000000 35.200000

