0.144834 -0.000000 7.550000
0.140513 0.008637 7.550000
0.135854 0.017098 7.550000
0.131120 0.025517 7.550000
0.126352 0.033916 7.550000
0.121563 0.042304 7.550000
0.116759 0.050682 7.550000
0.111942 0.059053 7.550000
0.107113 0.067418 7.550000
0.102272 0.075775 7.550000
0.097418 0.084125 7.550000
0.092548 0.092466 7.550000
0.087658 0.100795 7.550000
0.082734 0.109104 7.550000
0.077737 0.117369 7.550000
0.072417 0.125430 7.550000
0.062776 0.126006 7.550000
0.053120 0.126202 7.550000
0.043462 0.126311 7.550000
0.033804 0.126382 7.550000
0.024146 0.126429 7.550000
0.014487 0.126457 7.550000
0.004829 0.126471 7.550000
-0.004829 0.126471 7.550000
-0.014487 0.126457 7.550000
-0.024146 0.126429 7.550000
-0.033804 0.126382 7.550000
-0.043462 0.126311 7.550000
-0.053120 0.126202 7.550000
-0.062776 0.126006 7.550000
-0.072417 0.125430 7.550000
-0.077737 0.117369 7.550000
-0.082734 0.109104 7.550000
-0.087658 0.100795 7.550000
-0.092548 0.092466 7.550000
-0.097418 0.084125 7.550000
-0.102272 0.075775 7.550000
-0.107113 0.067418 7.550000
-0.111942 0.059053 7.550000
-0.116759 0.050682 7.550000
-0.121563 0.042304 7.550000
-0.126352 0.033916 7.550000
-0.131120 0.025517 7.550000
-0.135854 0.017098 7.550000
-0.140513 0.008637 7.550000
-0.144834 -0.000000 7.550000
-0.140513 -0.008637 7.550000
-0.135854 -0.017098 7.550000
-0.131120 -0.025517 7.550000
-0.126352 -0.033916 7.550000
-0.121563 -0.042304 7.550000
-0.116759 -0.050682 7.550000
-0.111942 -0.059053 7.550000
-0.107113 -0.067418 7.550000
-0.102272 -0.075775 7.550000
-0.097418 -0.084125 7.550000
-0.092548 -0.092466 7.550000
-0.087658 -0.100795 7.550000
-0.082734 -0.109104 7.550000
-0.077737 -0.117369 7.550000
-0.072417 -0.125430 7.550000
-0.062776 -0.126006 7.550000
-0.053120 -0.126202 7.550000
-0.043462 -0.126311 7.550000
-0.033804 -0.126382 7.550000
-0.024146 -0.126429 7.550000
-0.014487 -0.126457 7.550000
-0.004829 -0.126471 7.550000
0.004829 -0.126471 7.550000
0.014487 -0.126457 7.550000
0.024146 -0.126429 7.550000
0.033804 -0.126382 7.550000
0.043462 -0.126311 7.550000
0.053120 -0.126202 7.550000
0.062776 -0.126006 7.550000
0.072417 -0.125430 7.550000
0.077737 -0.117369 7.550000
0.082734 -0.109104 7.550000
0.087658 -0.100795 7.550000
0.092548 -0.092466 7.550000
0.097418 -0.084125 7.550000
0.102272 -0.075775 7.550000
0.107113 -0.067418 7.550000
0.111942 -0.059053 7.550000
0.116759 -0.050682 7.550000
0.121563 -0.042304 7.550000
0.126352 -0.033916 7.550000
0.131120 -0.025517 7.550000
0.135854 -0.017098 7.550000
0.140513 -0.008637 7.550000
0.144834 -0.000000 7.550000

