0.297494 0.000000 29.090000
0.288485 0.017673 29.090000
0.278859 0.035018 29.090000
0.269099 0.052288 29.090000
0.259279 0.069524 29.090000
0.249423 0.086740 29.090000
0.239542 0.103941 29.090000
0.229642 0.121131 29.090000
0.219723 0.138310 29.090000
0.209787 0.155479 29.090000
0.199830 0.172637 29.090000
0.189849 0.189780 29.090000
0.179832 0.206902 29.090000
0.169756 0.223990 29.090000
0.159548 0.240999 29.090000
0.148747 0.257638 29.090000
0.128937 0.258672 29.090000
0.109103 0.259008 29.090000
0.089266 0.259190 29.090000
0.069430 0.259304 29.090000
0.049593 0.259377 29.090000
0.029756 0.259420 29.090000
0.009919 0.259441 29.090000
-0.009919 0.259441 29.090000
-0.029756 0.259420 29.090000
-0.049593 0.259377 29.090000
-0.069430 0.259304 29.090000
-0.089266 0.259190 29.090000
-0.109103 0.259008 29.090000
-0.128937 0.258672 29.090000
-0.148747 0.257638 29.090000
-0.159548 0.240999 29.090000
-0.169756 0.223990 29.090000
-0.179832 0.206902 29.090000
-0.189849 0.189780 29.090000
-0.199830 0.172637 29.090000
-0.209787 0.155479 29.090000
-0.219723 0.138310 29.090000
-0.229642 0.121131 29.090000
-0.239542 0.103941 29.090000
-0.249423 0.086740 29.090000
-0.259279 0.069524 29.090000
-0.269099 0.052288 29.090000
-0.278859 0.035018 29.090000
-0.288485 0.017673 29.090000
-0.297494 0.000000 29.090000
-0.288485 -0.017673 29.090000
-0.278859 -0.035018 29.090000
-0.269099 -0.052288 29.090000
-0.259279 -0.069524 29.090000
-0.249423 -0.086740 29.090000
-0.239542 -0.103941 29.090000
-0.229642 -0.121131 29.090000
-0.219723 -0.138310 29.090000
-0.209787 -0.155479 29.090000
-0.199830 -0.172637 29.090000
-0.189849 -0.189780 29.090000
-0.179832 -0.206902 29.090000
-0.169756 -0.223990 29.090000
-0.159548 -0.240999 29.090000
-0.148747 -0.257638 29.090000
-0.128937 -0.258672 29.090000
-0.109103 -0.259008 29.090000
-0.089266 -0.259190 29.090000
-0.069430 -0.259304 29.090000
-0.049593 -0.259377 29.090000
-0.029756 -0.259420 29.090000
-0.009919 -0.259441 29.090000
0.009919 -0.259441 29.090000
0.029756 -0.259420 29.090000
0.049593 -0.259377 29.090000
0.069430 -0.259304 29.090000
0.089266 -0.259190 29.090000
0.109103 -0.259008 29.090000
0.128937 -0.258672 29.090000
0.148747 -0.257638 29.090000
0.159548 -0.240999 29.090000
0.169756 -0.223990 29.090000
0.179832 -0.206902 29.090000
0.189849 -0.189780 29.090000
0.199830 -0.172637 29.090000
0.209787 -0.155479 29.090000
0.219723 -0.138310 29.090000
0.229642 -0.121131 29.090000
0.239542 -0.103941 29.090000
0.249423 -0.086740 29.090000
0.259279 -0.069524 29.090000
0.269099 -0.052288 29.090000
0.278859 -0.035018 29.090000
0.288485 -0.017673 29.090000
0.297494 0.000000 29.090000

