0.131852 -0.000000 6.190000
0.127923 0.007866 6.190000
0.123685 0.015570 6.190000
0.119376 0.023234 6.190000
0.115037 0.030882 6.190000
0.110678 0.038518 6.190000
0.106305 0.046146 6.190000
0.101919 0.053767 6.190000
0.097523 0.061381 6.190000
0.093116 0.068990 6.190000
0.088696 0.076591 6.190000
0.084263 0.084184 6.190000
0.079810 0.091766 6.190000
0.075326 0.099329 6.190000
0.070774 0.106852 6.190000
0.065926 0.114187 6.190000
0.057149 0.114718 6.190000
0.048359 0.114899 6.190000
0.039567 0.115000 6.190000
0.030774 0.115066 6.190000
0.021982 0.115109 6.190000
0.013189 0.115135 6.190000
0.004396 0.115148 6.190000
-0.004396 0.115148 6.190000
-0.013189 0.115135 6.190000
-0.021982 0.115109 6.190000
-0.030774 0.115066 6.190000
-0.039567 0.115000 6.190000
-0.048359 0.114899 6.190000
-0.057149 0.114718 6.190000
-0.065926 0.114187 6.190000
-0.070774 0.106852 6.190000
-0.075326 0.099329 6.190000
-0.079810 0.091766 6.190000
-0.084263 0.084184 6.190000
-0.088696 0.076591 6.190000
-0.093116 0.068990 6.190000
-0.097523 0.061381 6.190000
-0.101919 0.053767 6.190000
-0.106305 0.046146 6.190000
-0.110678 0.038518 6.190000
-0.115037 0.030882 6.190000
-0.119376 0.023234 6.190000
-0.123685 0.015570 6.190000
-0.127923 0.007866 6.190000
-0.131852 -0.000000 6.190000
-0.127923 -0.007866 6.190000
-0.123685 -0.015570 6.190000
-0.119376 -0.023234 6.190000
-0.115037 -0.030882 6.190000
-0.110678 -0.038518 6.190000
-0.106305 -0.046146 6.190000
-0.101919 -0.053767 6.190000
-0.097523 -0.061381 6.190000
-0.093116 -0.068990 6.190000
-0.088696 -0.076591 6.190000
-0.084263 -0.084184 6.190000
-0.079810 -0.091766 6.190000
-0.075326 -0.099329 6.190000
-0.070774 -0.106852 6.190000
-0.065926 -0.114187 6.190000
-0.057149 -0.114718 6.190000
-0.048359 -0.114899 6.190000
-0.039567 -0.115000 6.190000
-0.030774 -0.115066 6.190000
-0.021982 -0.115109 6.190000
-0.013189 -0.115135 6.190000
-0.004396 -0.115148 6.190000
0.004396 -0.115148 6.190000
0.013189 -0.115135 6.190000
0.021982 -0.115109 6.190000
0.030774 -0.115066 6.190000
0.039567 -0.115000 6.190000
0.048359 -0.114899 6.190000
0.057149 -0.114718 6.190000
0.065926 -0.114187 6.190000
0.070774 -0.106852 6.190000
0.075326 -0.099329 6.190000
0.079810 -0.091766 6.190000
0.084263 -0.084184 6.190000
0.088696 -0.076591 6.190000
0.093116 -0.068990 6.190000
0.097523 -0.061381 6.190000
0.101919 -0.053767 6.190000
0.106305 -0.046146 6.190000
0.110678 -0.038518 6.190000
0.115037 -0.030882 6.190000
0.119376 -0.023234 6.190000
0.123685 -0.015570 6.190000
0.127923 -0.007866 6.190000
0.131852 -0.000000 6.190000

