0.316368 0.000000 32.370000
0.306771 0.018786 32.370000
0.296528 0.037228 32.370000
0.286144 0.055591 32.370000
0.275697 0.073918 32.370000
0.265213 0.092224 32.370000
0.254704 0.110515 32.370000
0.244174 0.128795 32.370000
0.233626 0.147064 32.370000
0.223061 0.165323 32.370000
0.212475 0.183570 32.370000
0.201863 0.201802 32.370000
0.191215 0.220012 32.370000
0.180504 0.238187 32.370000
0.169655 0.256279 32.370000
0.158184 0.273982 32.370000
0.137116 0.275065 32.370000
0.116024 0.275415 32.370000
0.094929 0.275603 32.370000
0.073834 0.275719 32.370000
0.052739 0.275793 32.370000
0.031643 0.275838 32.370000
0.010548 0.275858 32.370000
-0.010548 0.275858 32.370000
-0.031643 0.275838 32.370000
-0.052739 0.275793 32.370000
-0.073834 0.275719 32.370000
-0.094929 0.275603 32.370000
-0.116024 0.275415 32.370000
-0.137116 0.275065 32.370000
-0.158184 0.273982 32.370000
-0.169655 0.256279 32.370000
-0.180504 0.238187 32.370000
-0.191215 0.220012 32.370000
-0.201863 0.201802 32.370000
-0.212475 0.183570 32.370000
-0.223061 0.165323 32.370000
-0.233626 0.147064 32.370000
-0.244174 0.128795 32.370000
-0.254704 0.110515 32.370000
-0.265213 0.092224 32.370000
-0.275697 0.073918 32.370000
-0.286144 0.055591 32.370000
-0.296528 0.037228 32.370000
-0.306771 0.018786 32.370000
-0.316368 0.000000 32.370000
-0.306771 -0.018786 32.370000
-0.296528 -0.037228 32.370000
-0.286144 -0.055591 32.370000
-0.275697 -0.073918 32.370000
-0.265213 -0.092224 32.370000
-0.254704 -0.110515 32.370000
-0.244174 -0.128795 32.370000
-0.233626 -0.147064 32.370000
-0.223061 -0.165323 32.370000
-0.212475 -0.183570 32.370000
-0.201863 -0.201802 32.370000
-0.191215 -0.220012 32.370000
-0.180504 -0.238187 32.370000
-0.169655 -0.256279 32.370000
-0.158184 -0.273982 32.370000
-0.137116 -0.275065 32.370000
-0.116024 -0.275415 32.370000
-0.094929 -0.275603 32.370000
-0.073834 -0.275719 32.370000
-0.052739 -0.275793 32.370000
-0.031643 -0.275838 32.370000
-0.010548 -0.275858 32.370000
0.010548 -0.275858 32.370000
0.031643 -0.275838 32.370000
0.052739 -0.275793 32.370000
0.073834 -0.275719 32.370000
0.094929 -0.275603 32.370000
0.116024 -0.275415 32.370000
0.137116 -0.275065 32.370000
0.158184 -0.273982 32.370000
0.169655 -0.256279 32.370000
0.180504 -0.238187 32.370000
0.191215 -0.220012 32.370000
0.201863 -0.201802 32.370000
0.212475 -0.183570 32.370000
0.223061 -0.165323 32.370000
0.233626 -0.147064 32.370000
0.244174 -0.128795 32.370000
0.254704 -0.110515 32.370000
0.265213 -0.092224 32.370000
0.275697 -0.073918 32.370000
0.286144 -0.055591 32.370000
0.296528 -0.037228 32.370000
0.306771 -0.018786 32.370000
0.316368 0.000000 32.370000

