0.238678 0.000000 19.680000
0.231488 0.014199 19.680000
0.223782 0.028125 19.680000
0.215963 0.041987 19.680000
0.208093 0.055820 19.680000
0.200192 0.069637 19.680000
0.192269 0.083440 19.680000
0.184328 0.097233 19.680000
0.176370 0.111016 19.680000
0.168396 0.124790 19.680000
0.160403 0.138553 19.680000
0.152388 0.152303 19.680000
0.144343 0.166036 19.680000
0.136248 0.179739 19.680000
0.128041 0.193375 19.680000
0.119339 0.206701 19.680000
0.103447 0.207574 19.680000
0.087534 0.207863 19.680000
0.071620 0.208023 19.680000
0.055704 0.208124 19.680000
0.039789 0.208190 19.680000
0.023873 0.208230 19.680000
0.007958 0.208249 19.680000
-0.007958 0.208249 19.680000
-0.023873 0.208230 19.680000
-0.039789 0.208190 19.680000
-0.055704 0.208124 19.680000
-0.071620 0.208023 19.680000
-0.087534 0.207863 19.680000
-0.103447 0.207574 19.680000
-0.119339 0.206701 19.680000
-0.128041 0.193375 19.680000
-0.136248 0.179739 19.680000
-0.144343 0.166036 19.680000
-0.152388 0.152303 19.680000
-0.160403 0.138553 19.680000
-0.168396 0.124790 19.680000
-0.176370 0.111016 19.680000
-0.184328 0.097233 19.680000
-0.192269 0.083440 19.680000
-0.200192 0.069637 19.680000
-0.208093 0.055820 19.680000
-0.215963 0.041987 19.680000
-0.223782 0.028125 19.680000
-0.231488 0.014199 19.680000
-0.238678 0.000000 19.680000
-0.231488 -0.014199 19.680000
-0.223782 -0.028125 19.680000
-0.215963 -0.041987 19.680000
-0.208093 -0.055820 19.680000
-0.200192 -0.069637 19.680000
-0.192269 -0.083440 19.680000
-0.184328 -0.097233 19.680000
-0.176370 -0.111016 19.680000
-0.168396 -0.124790 19.680000
-0.160403 -0.138553 19.680000
-0.152388 -0.152303 19.680000
-0.144343 -0.166036 19.680000
-0.136248 -0.179739 19.680000
-0.128041 -0.193375 19.680000
-0.119339 -0.206701 19.680000
-0.103447 -0.207574 19.680000
-0.087534 -0.207863 19.680000
-0.071620 -0.208023 19.680000
-0.055704 -0.208124 19.680000
-0.039789 -0.208190 19.680000
-0.023873 -0.208230 19.680000
-0.007958 -0.208249 19.680000
0.007958 -0.208249 19.680000
0.023873 -0.208230 19.680000
0.039789 -0.208190 19.680000
0.055704 -0.208124 19.680000
0.071620 -0.208023 19.680000
0.087534 -0.207863 19.680000
0.103447 -0.207574 19.680000
0.119339 -0.206701 19.680000
0.128041 -0.193375 19.680000
0.136248 -0.179739 19.680000
0.144343 -0.166036 19.680000
0.152388 -0.152303 19.680000
0.160403 -0.138553 19.680000
0.168396 -0.124790 19.680000
0.176370 -0.111016 19.680000
0.184328 -0.097233 19.680000
0.192269 -0.083440 19.680000
0.200192 -0.069637 19.680000
0.208093 -0.055820 19.680000
0.215963 -0.041987 19.680000
0.223782 -0.028125 19.680000
0.231488 -0.014199 19.680000
0.238678 0.000000 19.680000

