0.309371 0.000000 31.140000
0.299993 0.018374 31.140000
0.289978 0.036409 31.140000
0.279825 0.054366 31.140000
0.269611 0.072289 31.140000
0.259360 0.090191 31.140000
0.249084 0.108078 31.140000
0.238787 0.125954 31.140000
0.228473 0.143819 31.140000
0.218140 0.161674 31.140000
0.207788 0.179517 31.140000
0.197410 0.197345 31.140000
0.186995 0.215152 31.140000
0.176520 0.232924 31.140000
0.165909 0.250614 31.140000
0.154686 0.267923 31.140000
0.134084 0.268988 31.140000
0.113458 0.269333 31.140000
0.092830 0.269519 31.140000
0.072201 0.269634 31.140000
0.051572 0.269708 31.140000
0.030943 0.269752 31.140000
0.010314 0.269773 31.140000
-0.010314 0.269773 31.140000
-0.030943 0.269752 31.140000
-0.051572 0.269708 31.140000
-0.072201 0.269634 31.140000
-0.092830 0.269519 31.140000
-0.113458 0.269333 31.140000
-0.134084 0.268988 31.140000
-0.154686 0.267923 31.140000
-0.165909 0.250614 31.140000
-0.176520 0.232924 31.140000
-0.186995 0.215152 31.140000
-0.197410 0.197345 31.140000
-0.207788 0.179517 31.140000
-0.218140 0.161674 31.140000
-0.228473 0.143819 31.140000
-0.238787 0.125954 31.140000
-0.249084 0.108078 31.140000
-0.259360 0.090191 31.140000
-0.269611 0.072289 31.140000
-0.279825 0.054366 31.140000
-0.289978 0.036409 31.140000
-0.299993 0.018374 31.140000
-0.309371 0.000000 31.140000
-0.299993 -0.018374 31.140000
-0.289978 -0.036409 31.140000
-0.279825 -0.054366 31.140000
-0.269611 -0.072289 31.140000
-0.259360 -0.090191 31.140000
-0.249084 -0.108078 31.140000
-0.238787 -0.125954 31.140000
-0.228473 -0.143819 31.140000
-0.218140 -0.161674 31.140000
-0.207788 -0.179517 31.140000
-0.197410 -0.197345 31.140000
-0.186995 -0.215152 31.140000
-0.176520 -0.232924 31.140000
-0.165909 -0.250614 31.140000
-0.154686 -0.267923 31.140000
-0.134084 -0.268988 31.140000
-0.113458 -0.269333 31.140000
-0.092830 -0.269519 31.140000
-0.072201 -0.269634 31.140000
-0.051572 -0.269708 31.140000
-0.030943 -0.269752 31.140000
-0.010314 -0.269773 31.140000
0.010314 -0.269773 31.140000
0.030943 -0.269752 31.140000
0.051572 -0.269708 31.140000
0.072201 -0.269634 31.140000
0.092830 -0.269519 31.140000
0.113458 -0.269333 31.140000
0.134084 -0.268988 31.140000
0.154686 -0.267923 31.140000
0.165909 -0.250614 31.140000
0.176520 -0.232924 31.140000
0.186995 -0.215152 31.140000
0.197410 -0.197345 31.140000
0.207788 -0.179517 31.140000
0.218140 -0.161674 31.140000
0.228473 -0.143819 31.140000
0.238787 -0.125954 31.140000
0.249084 -0.108078 31.140000
0.259360 -0.090191 31.140000
0.269611 -0.072289 31.140000
0.279825 -0.054366 31.140000
0.289978 -0.036409 31.140000
0.299993 -0.018374 31.140000
0.309371 0.000000 31.140000

