0.264975 0.000000 23.730000
0.256974 0.015753 23.730000
0.248410 0.031208 23.730000
0.239723 0.046594 23.730000
0.230982 0.061950 23.730000
0.222208 0.077286 23.730000
0.213410 0.092609 23.730000
0.204593 0.107920 23.730000
0.195758 0.123222 23.730000
0.186906 0.138514 23.730000
0.178036 0.153795 23.730000
0.169141 0.169062 23.730000
0.160214 0.184309 23.730000
0.151232 0.199525 23.730000
0.142130 0.214669 23.730000
0.132488 0.229475 23.730000
0.114844 0.230422 23.730000
0.097178 0.230734 23.730000
0.079510 0.230904 23.730000
0.061841 0.231011 23.730000
0.044172 0.231081 23.730000
0.026503 0.231123 23.730000
0.008834 0.231143 23.730000
-0.008834 0.231143 23.730000
-0.026503 0.231123 23.730000
-0.044172 0.231081 23.730000
-0.061841 0.231011 23.730000
-0.079510 0.230904 23.730000
-0.097178 0.230734 23.730000
-0.114844 0.230422 23.730000
-0.132488 0.229475 23.730000
-0.142130 0.214669 23.730000
-0.151232 0.199525 23.730000
-0.160214 0.184309 23.730000
-0.169141 0.169062 23.730000
-0.178036 0.153795 23.730000
-0.186906 0.138514 23.730000
-0.195758 0.123222 23.730000
-0.204593 0.107920 23.730000
-0.213410 0.092609 23.730000
-0.222208 0.077286 23.730000
-0.230982 0.061950 23.730000
-0.239723 0.046594 23.730000
-0.248410 0.031208 23.730000
-0.256974 0.015753 23.730000
-0.264975 0.000000 23.730000
-0.256974 -0.015753 23.730000
-0.248410 -0.031208 23.730000
-0.239723 -0.046594 23.730000
-0.230982 -0.061950 23.730000
-0.222208 -0.077286 23.730000
-0.213410 -0.092609 23.730000
-0.204593 -0.107920 23.730000
-0.195758 -0.123222 23.730000
-0.186906 -0.138514 23.730000
-0.178036 -0.153795 23.730000
-0.169141 -0.169062 23.730000
-0.160214 -0.184309 23.730000
-0.151232 -0.199525 23.730000
-0.142130 -0.214669 23.730000
-0.132488 -0.229475 23.730000
-0.114844 -0.230422 23.730000
-0.097178 -0.230734 23.730000
-0.079510 -0.230904 23.730000
-0.061841 -0.231011 23.730000
-0.044172 -0.231081 23.730000
-0.026503 -0.231123 23.730000
-0.008834 -0.231143 23.730000
0.008834 -0.231143 23.730000
0.026503 -0.231123 23.730000
0.044172 -0.231081 23.730000
0.061841 -0.231011 23.730000
0.079510 -0.230904 23.730000
0.097178 -0.230734 23.730000
0.114844 -0.230422 23.730000
0.132488 -0.229475 23.730000
0.142130 -0.214669 23.730000
0.151232 -0.199525 23.730000
0.160214 -0.184309 23.730000
0.169141 -0.169062 23.730000
0.178036 -0.153795 23.730000
0.186906 -0.138514 23.730000
0.195758 -0.123222 23.730000
0.204593 -0.107920 23.730000
0.213410 -0.092609 23.730000
0.222208 -0.077286 23.730000
0.230982 -0.061950 23.730000
0.239723 -0.046594 23.730000
0.248410 -0.031208 23.730000
0.256974 -0.015753 23.730000
0.264975 0.000000 23.730000

