0.338515 0.000000 36.370000
0.328228 0.020092 36.370000
0.317260 0.039820 36.370000
0.306142 0.059464 36.370000
0.294960 0.079071 36.370000
0.283739 0.098657 36.370000
0.272491 0.118227 36.370000
0.261223 0.137785 36.370000
0.249937 0.157333 36.370000
0.238633 0.176871 36.370000
0.227309 0.196397 36.370000
0.215958 0.215907 36.370000
0.204569 0.235395 36.370000
0.193115 0.254845 36.370000
0.181514 0.274208 36.370000
0.169257 0.293163 36.370000
0.146714 0.294300 36.370000
0.124145 0.294665 36.370000
0.101574 0.294859 36.370000
0.079002 0.294978 36.370000
0.056430 0.295053 36.370000
0.033858 0.295098 36.370000
0.011286 0.295118 36.370000
-0.011286 0.295118 36.370000
-0.033858 0.295098 36.370000
-0.056430 0.295053 36.370000
-0.079002 0.294978 36.370000
-0.101574 0.294859 36.370000
-0.124145 0.294665 36.370000
-0.146714 0.294300 36.370000
-0.169257 0.293163 36.370000
-0.181514 0.274208 36.370000
-0.193115 0.254845 36.370000
-0.204569 0.235395 36.370000
-0.215958 0.215907 36.370000
-0.227309 0.196397 36.370000
-0.238633 0.176871 36.370000
-0.249937 0.157333 36.370000
-0.261223 0.137785 36.370000
-0.272491 0.118227 36.370000
-0.283739 0.098657 36.370000
-0.294960 0.079071 36.370000
-0.306142 0.059464 36.370000
-0.317260 0.039820 36.370000
-0.328228 0.020092 36.370000
-0.338515 0.000000 36.370000
-0.328228 -0.020092 36.370000
-0.317260 -0.039820 36.370000
-0.306142 -0.059464 36.370000
-0.294960 -0.079071 36.370000
-0.283739 -0.098657 36.370000
-0.272491 -0.118227 36.370000
-0.261223 -0.137785 36.370000
-0.249937 -0.157333 36.370000
-0.238633 -0.176871 36.370000
-0.227309 -0.196397 36.370000
-0.215958 -0.215907 36.370000
-0.204569 -0.235395 36.370000
-0.193115 -0.254845 36.370000
-0.181514 -0.274208 36.370000
-0.169257 -0.293163 36.370000
-0.146714 -0.294300 36.370000
-0.124145 -0.294665 36.370000
-0.101574 -0.294859 36.370000
-0.079002 -0.294978 36.370000
-0.056430 -0.295053 36.370000
-0.033858 -0.295098 36.370000
-0.011286 -0.295118 36.370000
0.011286 -0.295118 36.370000
0.033858 -0.295098 36.370000
0.056430 -0.295053 36.370000
0.079002 -0.294978 36.370000
0.101574 -0.294859 36.370000
0.124145 -0.294665 36.370000
0.146714 -0.294300 36.370000
0.169257 -0.293163 36.370000
0.181514 -0.274208 36.370000
0.193115 -0.254845 36.370000
0.204569 -0.235395 36.370000
0.215958 -0.215907 36.370000
0.227309 -0.196397 36.370000
0.238633 -0.176871 36.370000
0.249937 -0.157333 36.370000
0.261223 -0.137785 36.370000
0.272491 -0.118227 36.370000
0.283739 -0.098657 36.370000
0.294960 -0.079071 36.370000
0.306142 -0.059464 36.370000
0.317260 -0.039820 36.370000
0.328228 -0.020092 36.370000
0.338515 0.000000 36.370000

