0.325611 0.000000 34.020000
0.315727 0.019331 34.020000
0.305181 0.038310 34.020000
0.294491 0.057207 34.020000
0.283737 0.076069 34.020000
0.272946 0.094909 34.020000
0.262128 0.113734 34.020000
0.251290 0.132547 34.020000
0.240434 0.151350 34.020000
0.229561 0.170143 34.020000
0.218666 0.188923 34.020000
0.207746 0.207689 34.020000
0.196788 0.226433 34.020000
0.185768 0.245140 34.020000
0.174605 0.263762 34.020000
0.162806 0.281987 34.020000
0.141122 0.283093 34.020000
0.119413 0.283449 34.020000
0.097702 0.283640 34.020000
0.075991 0.283758 34.020000
0.054279 0.283832 34.020000
0.032568 0.283877 34.020000
0.010856 0.283897 34.020000
-0.010856 0.283897 34.020000
-0.032568 0.283877 34.020000
-0.054279 0.283832 34.020000
-0.075991 0.283758 34.020000
-0.097702 0.283640 34.020000
-0.119413 0.283449 34.020000
-0.141122 0.283093 34.020000
-0.162806 0.281987 34.020000
-0.174605 0.263762 34.020000
-0.185768 0.245140 34.020000
-0.196788 0.226433 34.020000
-0.207746 0.207689 34.020000
-0.218666 0.188923 34.020000
-0.229561 0.170143 34.020000
-0.240434 0.151350 34.020000
-0.251290 0.132547 34.020000
-0.262128 0.113734 34.020000
-0.272946 0.094909 34.020000
-0.283737 0.076069 34.020000
-0.294491 0.057207 34.020000
-0.305181 0.038310 34.020000
-0.315727 0.019331 34.020000
-0.325611 0.000000 34.020000
-0.315727 -0.019331 34.020000
-0.305181 -0.038310 34.020000
-0.294491 -0.057207 34.020000
-0.283737 -0.076069 34.020000
-0.272946 -0.094909 34.020000
-0.262128 -0.113734 34.020000
-0.251290 -0.132547 34.020000
-0.240434 -0.151350 34.020000
-0.229561 -0.170143 34.020000
-0.218666 -0.188923 34.020000
-0.207746 -0.207689 34.020000
-0.196788 -0.226433 34.020000
-0.185768 -0.245140 34.020000
-0.174605 -0.263762 34.020000
-0.162806 -0.281987 34.020000
-0.141122 -0.283093 34.020000
-0.119413 -0.283449 34.020000
-0.097702 -0.283640 34.020000
-0.075991 -0.283758 34.020000
-0.054279 -0.283832 34.020000
-0.032568 -0.283877 34.020000
-0.010856 -0.283897 34.020000
0.010856 -0.283897 34.020000
0.032568 -0.283877 34.020000
0.054279 -0.283832 34.020000
0.075991 -0.283758 34.020000
0.097702 -0.283640 34.020000
0.119413 -0.283449 34.020000
0.141122 -0.283093 34.020000
0.162806 -0.281987 34.020000
0.174605 -0.263762 34.020000
0.185768 -0.245140 34.020000
0.196788 -0.226433 34.020000
0.207746 -0.207689 34.020000
0.218666 -0.188923 34.020000
0.229561 -0.170143 34.020000
0.240434 -0.151350 34.020000
0.251290 -0.132547 34.020000
0.262128 -0.113734 34.020000
0.272946 -0.094909 34.020000
0.283737 -0.076069 34.020000
0.294491 -0.057207 34.020000
0.305181 -0.038310 34.020000
0.315727 -0.019331 34.020000
0.325611 0.000000 34.020000

