0.345906 0.000000 37.740000
0.335389 0.020527 37.740000
0.324177 0.040684 37.740000
0.312815 0.060756 37.740000
0.301387 0.080791 37.740000
0.289920 0.100803 37.740000
0.278426 0.120800 37.740000
0.266911 0.140785 37.740000
0.255379 0.160759 37.740000
0.243828 0.180724 37.740000
0.232258 0.200676 37.740000
0.220660 0.220613 37.740000
0.209024 0.240528 37.740000
0.197322 0.260404 37.740000
0.185472 0.280191 37.740000
0.172953 0.299563 37.740000
0.149917 0.300719 37.740000
0.126855 0.301088 37.740000
0.103791 0.301284 37.740000
0.080727 0.301404 37.740000
0.057662 0.301479 37.740000
0.034597 0.301524 37.740000
0.011532 0.301544 37.740000
-0.011532 0.301544 37.740000
-0.034597 0.301524 37.740000
-0.057662 0.301479 37.740000
-0.080727 0.301404 37.740000
-0.103791 0.301284 37.740000
-0.126855 0.301088 37.740000
-0.149917 0.300719 37.740000
-0.172953 0.299563 37.740000
-0.185472 0.280191 37.740000
-0.197322 0.260404 37.740000
-0.209024 0.240528 37.740000
-0.220660 0.220613 37.740000
-0.232258 0.200676 37.740000
-0.243828 0.180724 37.740000
-0.255379 0.160759 37.740000
-0.266911 0.140785 37.740000
-0.278426 0.120800 37.740000
-0.289920 0.100803 37.740000
-0.301387 0.080791 37.740000
-0.312815 0.060756 37.740000
-0.324177 0.040684 37.740000
-0.335389 0.020527 37.740000
-0.345906 0.000000 37.740000
-0.335389 -0.020527 37.740000
-0.324177 -0.040684 37.740000
-0.312815 -0.060756 37.740000
-0.301387 -0.080791 37.740000
-0.289920 -0.100803 37.740000
-0.278426 -0.120800 37.740000
-0.266911 -0.140785 37.740000
-0.255379 -0.160759 37.740000
-0.243828 -0.180724 37.740000
-0.232258 -0.200676 37.740000
-0.220660 -0.220613 37.740000
-0.209024 -0.240528 37.740000
-0.197322 -0.260404 37.740000
-0.185472 -0.280191 37.740000
-0.172953 -0.299563 37.740000
-0.149917 -0.300719 37.740000
-0.126855 -0.301088 37.740000
-0.103791 -0.301284 37.740000
-0.080727 -0.301404 37.740000
-0.057662 -0.301479 37.740000
-0.034597 -0.301524 37.740000
-0.011532 -0.301544 37.740000
0.011532 -0.301544 37.740000
0.034597 -0.301524 37.740000
0.057662 -0.301479 37.740000
0.080727 -0.301404 37.740000
0.103791 -0.301284 37.740000
0.126855 -0.301088 37.740000
0.149917 -0.300719 37.740000
0.172953 -0.299563 37.740000
0.185472 -0.280191 37.740000
0.197322 -0.260404 37.740000
0.209024 -0.240528 37.740000
0.220660 -0.220613 37.740000
0.232258 -0.200676 37.740000
0.243828 -0.180724 37.740000
0.255379 -0.160759 37.740000
0.266911 -0.140785 37.740000
0.278426 -0.120800 37.740000
0.289920 -0.100803 37.740000
0.301387 -0.080791 37.740000
0.312815 -0.060756 37.740000
0.324177 -0.040684 37.740000
0.335389 -0.020527 37.740000
0.345906 0.000000 37.740000

