0.284783 0.000000 26.950000
0.276168 0.016923 26.950000
0.266958 0.033530 26.950000
0.257617 0.050063 26.950000
0.248219 0.066564 26.950000
0.238786 0.083045 26.950000
0.229329 0.099512 26.950000
0.219852 0.115968 26.950000
0.210357 0.132413 26.950000
0.200844 0.148849 26.950000
0.191312 0.165272 26.950000
0.181756 0.181682 26.950000
0.172164 0.198072 26.950000
0.162516 0.214428 26.950000
0.152740 0.230707 26.950000
0.142392 0.246629 26.950000
0.123428 0.247630 26.950000
0.104442 0.247957 26.950000
0.085453 0.248135 26.950000
0.066463 0.248246 26.950000
0.047474 0.248318 26.950000
0.028484 0.248361 26.950000
0.009495 0.248381 26.950000
-0.009495 0.248381 26.950000
-0.028484 0.248361 26.950000
-0.047474 0.248318 26.950000
-0.066463 0.248246 26.950000
-0.085453 0.248135 26.950000
-0.104442 0.247957 26.950000
-0.123428 0.247630 26.950000
-0.142392 0.246629 26.950000
-0.152740 0.230707 26.950000
-0.162516 0.214428 26.950000
-0.172164 0.198072 26.950000
-0.181756 0.181682 26.950000
-0.191312 0.165272 26.950000
-0.200844 0.148849 26.950000
-0.210357 0.132413 26.950000
-0.219852 0.115968 26.950000
-0.229329 0.099512 26.950000
-0.238786 0.083045 26.950000
-0.248219 0.066564 26.950000
-0.257617 0.050063 26.950000
-0.266958 0.033530 26.950000
-0.276168 0.016923 26.950000
-0.284783 0.000000 26.950000
-0.276168 -0.016923 26.950000
-0.266958 -0.033530 26.950000
-0.257617 -0.050063 26.950000
-0.248219 -0.066564 26.950000
-0.238786 -0.083045 26.950000
-0.229329 -0.099512 26.950000
-0.219852 -0.115968 26.950000
-0.210357 -0.132413 26.950000
-0.200844 -0.148849 26.950000
-0.191312 -0.165272 26.950000
-0.181756 -0.181682 26.950000
-0.172164 -0.198072 26.950000
-0.162516 -0.214428 26.950000
-0.152740 -0.230707 26.950000
-0.142392 -0.246629 26.950000
-0.123428 -0.247630 26.950000
-0.104442 -0.247957 26.950000
-0.085453 -0.248135 26.950000
-0.066463 -0.248246 26.950000
-0.047474 -0.248318 26.950000
-0.028484 -0.248361 26.950000
-0.009495 -0.248381 26.950000
0.009495 -0.248381 26.950000
0.028484 -0.248361 26.950000
0.047474 -0.248318 26.950000
0.066463 -0.248246 26.950000
0.085453 -0.248135 26.950000
0.104442 -0.247957 26.950000
0.123428 -0.247630 26.950000
0.142392 -0.246629 26.950000
0.152740 -0.230707 26.950000
0.162516 -0.214428 26.950000
0.172164 -0.198072 26.950000
0.181756 -0.181682 26.950000
0.191312 -0.165272 26.950000
0.200844 -0.148849 26.950000
0.210357 -0.132413 26.950000
0.219852 -0.115968 26.950000
0.229329 -0.099512 26.950000
0.238786 -0.083045 26.950000
0.248219 -0.066564 26.950000
0.257617 -0.050063 26.950000
0.266958 -0.033530 26.950000
0.276168 -0.016923 26.950000
0.284783 0.000000 26.950000

