0.385518 0.000000 45.370000
0.373761 0.022860 45.370000
0.361250 0.045315 45.370000
0.348575 0.067679 45.370000
0.335828 0.090002 45.370000
0.323040 0.112301 45.370000
0.310224 0.134584 45.370000
0.297388 0.156856 45.370000
0.284535 0.179118 45.370000
0.271666 0.201370 45.370000
0.258776 0.223610 45.370000
0.245858 0.245835 45.370000
0.232899 0.268035 45.370000
0.219869 0.290194 45.370000
0.206677 0.312257 45.370000
0.192759 0.333868 45.370000
0.167084 0.335116 45.370000
0.141381 0.335509 45.370000
0.115676 0.335714 45.370000
0.089970 0.335837 45.370000
0.064264 0.335911 45.370000
0.038559 0.335954 45.370000
0.012853 0.335974 45.370000
-0.012853 0.335974 45.370000
-0.038559 0.335954 45.370000
-0.064264 0.335911 45.370000
-0.089970 0.335837 45.370000
-0.115676 0.335714 45.370000
-0.141381 0.335509 45.370000
-0.167084 0.335116 45.370000
-0.192759 0.333868 45.370000
-0.206677 0.312257 45.370000
-0.219869 0.290194 45.370000
-0.232899 0.268035 45.370000
-0.245858 0.245835 45.370000
-0.258776 0.223610 45.370000
-0.271666 0.201370 45.370000
-0.284535 0.179118 45.370000
-0.297388 0.156856 45.370000
-0.310224 0.134584 45.370000
-0.323040 0.112301 45.370000
-0.335828 0.090002 45.370000
-0.348575 0.067679 45.370000
-0.361250 0.045315 45.370000
-0.373761 0.022860 45.370000
-0.385518 0.000000 45.370000
-0.373761 -0.022860 45.370000
-0.361250 -0.045315 45.370000
-0.348575 -0.067679 45.370000
-0.335828 -0.090002 45.370000
-0.323040 -0.112301 45.370000
-0.310224 -0.134584 45.370000
-0.297388 -0.156856 45.370000
-0.284535 -0.179118 45.370000
-0.271666 -0.201370 45.370000
-0.258776 -0.223610 45.370000
-0.245858 -0.245835 45.370000
-0.232899 -0.268035 45.370000
-0.219869 -0.290194 45.370000
-0.206677 -0.312257 45.370000
-0.192759 -0.333868 45.370000
-0.167084 -0.335116 45.370000
-0.141381 -0.335509 45.370000
-0.115676 -0.335714 45.370000
-0.089970 -0.335837 45.370000
-0.064264 -0.335911 45.370000
-0.038559 -0.335954 45.370000
-0.012853 -0.335974 45.370000
0.012853 -0.335974 45.370000
0.038559 -0.335954 45.370000
0.064264 -0.335911 45.370000
0.089970 -0.335837 45.370000
0.115676 -0.335714 45.370000
0.141381 -0.335509 45.370000
0.167084 -0.335116 45.370000
0.192759 -0.333868 45.370000
0.206677 -0.312257 45.370000
0.219869 -0.290194 45.370000
0.232899 -0.268035 45.370000
0.245858 -0.245835 45.370000
0.258776 -0.223610 45.370000
0.271666 -0.201370 45.370000
0.284535 -0.179118 45.370000
0.297388 -0.156856 45.370000
0.310224 -0.134584 45.370000
0.323040 -0.112301 45.370000
0.335828 -0.090002 45.370000
0.348575 -0.067679 45.370000
0.361250 -0.045315 45.370000
0.373761 -0.022860 45.370000
0.385518 0.000000 45.370000

