0.204704 0.000000 14.850000
0.198558 0.012188 14.850000
0.191958 0.024137 14.850000
0.185257 0.036029 14.850000
0.178511 0.047896 14.850000
0.171738 0.059748 14.850000
0.164945 0.071588 14.850000
0.158135 0.083418 14.850000
0.151309 0.095240 14.850000
0.144469 0.107052 14.850000
0.137612 0.118855 14.850000
0.130735 0.130647 14.850000
0.123831 0.142422 14.850000
0.116882 0.154172 14.850000
0.109834 0.165862 14.850000
0.102352 0.177279 14.850000
0.088724 0.178050 14.850000
0.075076 0.178309 14.850000
0.061426 0.178452 14.850000
0.047776 0.178543 14.850000
0.034126 0.178603 14.850000
0.020476 0.178640 14.850000
0.006825 0.178658 14.850000
-0.006825 0.178658 14.850000
-0.020476 0.178640 14.850000
-0.034126 0.178603 14.850000
-0.047776 0.178543 14.850000
-0.061426 0.178452 14.850000
-0.075076 0.178309 14.850000
-0.088724 0.178050 14.850000
-0.102352 0.177279 14.850000
-0.109834 0.165862 14.850000
-0.116882 0.154172 14.850000
-0.123831 0.142422 14.850000
-0.130735 0.130647 14.850000
-0.137612 0.118855 14.850000
-0.144469 0.107052 14.850000
-0.151309 0.095240 14.850000
-0.158135 0.083418 14.850000
-0.164945 0.071588 14.850000
-0.171738 0.059748 14.850000
-0.178511 0.047896 14.850000
-0.185257 0.036029 14.850000
-0.191958 0.024137 14.850000
-0.198558 0.012188 14.850000
-0.204704 0.000000 14.850000
-0.198558 -0.012188 14.850000
-0.191958 -0.024137 14.850000
-0.185257 -0.036029 14.850000
-0.178511 -0.047896 14.850000
-0.171738 -0.059748 14.850000
-0.164945 -0.071588 14.850000
-0.158135 -0.083418 14.850000
-0.151309 -0.095240 14.850000
-0.144469 -0.107052 14.850000
-0.137612 -0.118855 14.850000
-0.130735 -0.130647 14.850000
-0.123831 -0.142422 14.850000
-0.116882 -0.154172 14.850000
-0.109834 -0.165862 14.850000
-0.102352 -0.177279 14.850000
-0.088724 -0.178050 14.850000
-0.075076 -0.178309 14.850000
-0.061426 -0.178452 14.850000
-0.047776 -0.178543 14.850000
-0.034126 -0.178603 14.850000
-0.020476 -0.178640 14.850000
-0.006825 -0.178658 14.850000
0.006825 -0.178658 14.850000
0.020476 -0.178640 14.850000
0.034126 -0.178603 14.850000
0.047776 -0.178543 14.850000
0.061426 -0.178452 14.850000
0.075076 -0.178309 14.850000
0.088724 -0.178050 14.850000
0.102352 -0.177279 14.850000
0.109834 -0.165862 14.850000
0.116882 -0.154172 14.850000
0.123831 -0.142422 14.850000
0.130735 -0.130647 14.850000
0.137612 -0.118855 14.850000
0.144469 -0.107052 14.850000
0.151309 -0.095240 14.850000
0.158135 -0.083418 14.850000
0.164945 -0.071588 14.850000
0.171738 -0.059748 14.850000
0.178511 -0.047896 14.850000
0.185257 -0.036029 14.850000
0.191958 -0.024137 14.850000
0.198558 -0.012188 14.850000
0.204704 0.000000 14.850000

