0.084851 -0.000000 2.010000
0.082335 0.005069 2.010000
0.079613 0.010029 2.010000
0.076843 0.014964 2.010000
0.074053 0.019886 2.010000
0.071249 0.024801 2.010000
0.068436 0.029711 2.010000
0.065614 0.034615 2.010000
0.062785 0.039516 2.010000
0.059948 0.044412 2.010000
0.057103 0.049303 2.010000
0.054248 0.054189 2.010000
0.051381 0.059067 2.010000
0.048492 0.063932 2.010000
0.045557 0.068770 2.010000
0.042425 0.073483 2.010000
0.036778 0.073839 2.010000
0.031121 0.073961 2.010000
0.025463 0.074030 2.010000
0.019805 0.074075 2.010000
0.014146 0.074104 2.010000
0.008488 0.074123 2.010000
0.002829 0.074131 2.010000
-0.002829 0.074131 2.010000
-0.008488 0.074123 2.010000
-0.014146 0.074104 2.010000
-0.019805 0.074075 2.010000
-0.025463 0.074030 2.010000
-0.031121 0.073961 2.010000
-0.036778 0.073839 2.010000
-0.042425 0.073483 2.010000
-0.045557 0.068770 2.010000
-0.048492 0.063932 2.010000
-0.051381 0.059067 2.010000
-0.054248 0.054189 2.010000
-0.057103 0.049303 2.010000
-0.059948 0.044412 2.010000
-0.062785 0.039516 2.010000
-0.065614 0.034615 2.010000
-0.068436 0.029711 2.010000
-0.071249 0.024801 2.010000
-0.074053 0.019886 2.010000
-0.076843 0.014964 2.010000
-0.079613 0.010029 2.010000
-0.082335 0.005069 2.010000
-0.084851 -0.000000 2.010000
-0.082335 -0.005069 2.010000
-0.079613 -0.010029 2.010000
-0.076843 -0.014964 2.010000
-0.074053 -0.019886 2.010000
-0.071249 -0.024801 2.010000
-0.068436 -0.029711 2.010000
-0.065614 -0.034615 2.010000
-0.062785 -0.039516 2.010000
-0.059948 -0.044412 2.010000
-0.057103 -0.049303 2.010000
-0.054248 -0.054189 2.010000
-0.051381 -0.059067 2.010000
-0.048492 -0.063932 2.010000
-0.045557 -0.068770 2.010000
-0.042425 -0.073483 2.010000
-0.036778 -0.073839 2.010000
-0.031121 -0.073961 2.010000
-0.025463 -0.074030 2.010000
-0.019805 -0.074075 2.010000
-0.014146 -0.074104 2.010000
-0.008488 -0.074123 2.010000
-0.002829 -0.074131 2.010000
0.002829 -0.074131 2.010000
0.008488 -0.074123 2.010000
0.014146 -0.074104 2.010000
0.019805 -0.074075 2.010000
0.025463 -0.074030 2.010000
0.031121 -0.073961 2.010000
0.036778 -0.073839 2.010000
0.042425 -0.073483 2.010000
0.045557 -0.068770 2.010000
0.048492 -0.063932 2.010000
0.051381 -0.059067 2.010000
0.054248 -0.054189 2.010000
0.057103 -0.049303 2.010000
0.059948 -0.044412 2.010000
0.062785 -0.039516 2.010000
0.065614 -0.034615 2.010000
0.068436 -0.029711 2.010000
0.071249 -0.024801 2.010000
0.074053 -0.019886 2.010000
0.076843 -0.014964 2.010000
0.079613 -0.010029 2.010000
0.082335 -0.005069 2.010000
0.084851 -0.000000 2.010000

