0.406600 0.000000 49.620000
0.394181 0.024100 49.620000
0.380976 0.047778 49.620000
0.367602 0.071361 49.620000
0.354153 0.094901 49.620000
0.340661 0.118417 49.620000
0.327141 0.141917 49.620000
0.313602 0.165405 49.620000
0.300046 0.188885 49.620000
0.286474 0.212354 49.620000
0.272883 0.235813 49.620000
0.259263 0.259255 49.620000
0.245601 0.282672 49.620000
0.231865 0.306046 49.620000
0.217961 0.329321 49.620000
0.203300 0.352126 49.620000
0.176219 0.353420 49.620000
0.149111 0.353824 49.620000
0.122001 0.354033 49.620000
0.094890 0.354156 49.620000
0.067778 0.354230 49.620000
0.040667 0.354271 49.620000
0.013556 0.354290 49.620000
-0.013556 0.354290 49.620000
-0.040667 0.354271 49.620000
-0.067778 0.354230 49.620000
-0.094890 0.354156 49.620000
-0.122001 0.354033 49.620000
-0.149111 0.353824 49.620000
-0.176219 0.353420 49.620000
-0.203300 0.352126 49.620000
-0.217961 0.329321 49.620000
-0.231865 0.306046 49.620000
-0.245601 0.282672 49.620000
-0.259263 0.259255 49.620000
-0.272883 0.235813 49.620000
-0.286474 0.212354 49.620000
-0.300046 0.188885 49.620000
-0.313602 0.165405 49.620000
-0.327141 0.141917 49.620000
-0.340661 0.118417 49.620000
-0.354153 0.094901 49.620000
-0.367602 0.071361 49.620000
-0.380976 0.047778 49.620000
-0.394181 0.024100 49.620000
-0.406600 0.000000 49.620000
-0.394181 -0.024100 49.620000
-0.380976 -0.047778 49.620000
-0.367602 -0.071361 49.620000
-0.354153 -0.094901 49.620000
-0.340661 -0.118417 49.620000
-0.327141 -0.141917 49.620000
-0.313602 -0.165405 49.620000
-0.300046 -0.188885 49.620000
-0.286474 -0.212354 49.620000
-0.272883 -0.235813 49.620000
-0.259263 -0.259255 49.620000
-0.245601 -0.282672 49.620000
-0.231865 -0.306046 49.620000
-0.217961 -0.329321 49.620000
-0.203300 -0.352126 49.620000
-0.176219 -0.353420 49.620000
-0.149111 -0.353824 49.620000
-0.122001 -0.354033 49.620000
-0.094890 -0.354156 49.620000
-0.067778 -0.354230 49.620000
-0.040667 -0.354271 49.620000
-0.013556 -0.354290 49.620000
0.013556 -0.354290 49.620000
0.040667 -0.354271 49.620000
0.067778 -0.354230 49.620000
0.094890 -0.354156 49.620000
0.122001 -0.354033 49.620000
0.149111 -0.353824 49.620000
0.176219 -0.353420 49.620000
0.203300 -0.352126 49.620000
0.217961 -0.329321 49.620000
0.231865 -0.306046 49.620000
0.245601 -0.282672 49.620000
0.259263 -0.259255 49.620000
0.272883 -0.235813 49.620000
0.286474 -0.212354 49.620000
0.300046 -0.188885 49.620000
0.313602 -0.165405 49.620000
0.327141 -0.141917 49.620000
0.340661 -0.118417 49.620000
0.354153 -0.094901 49.620000
0.367602 -0.071361 49.620000
0.380976 -0.047778 49.620000
0.394181 -0.024100 49.620000
0.406600 0.000000 49.620000

