0.192486 0.000000 13.230000
0.186713 0.011464 13.230000
0.180510 0.022702 13.230000
0.174211 0.033885 13.230000
0.167869 0.045045 13.230000
0.161502 0.056190 13.230000
0.155114 0.067323 13.230000
0.148711 0.078448 13.230000
0.142293 0.089564 13.230000
0.135861 0.100671 13.230000
0.129413 0.111770 13.230000
0.122945 0.122857 13.230000
0.116451 0.133929 13.230000
0.109915 0.144976 13.230000
0.103285 0.155966 13.230000
0.096243 0.166698 13.230000
0.083428 0.167431 13.230000
0.070595 0.167677 13.230000
0.057760 0.167814 13.230000
0.044925 0.167902 13.230000
0.032089 0.167959 13.230000
0.019253 0.167995 13.230000
0.006418 0.168012 13.230000
-0.006418 0.168012 13.230000
-0.019253 0.167995 13.230000
-0.032089 0.167959 13.230000
-0.044925 0.167902 13.230000
-0.057760 0.167814 13.230000
-0.070595 0.167677 13.230000
-0.083428 0.167431 13.230000
-0.096243 0.166698 13.230000
-0.103285 0.155966 13.230000
-0.109915 0.144976 13.230000
-0.116451 0.133929 13.230000
-0.122945 0.122857 13.230000
-0.129413 0.111770 13.230000
-0.135861 0.100671 13.230000
-0.142293 0.089564 13.230000
-0.148711 0.078448 13.230000
-0.155114 0.067323 13.230000
-0.161502 0.056190 13.230000
-0.167869 0.045045 13.230000
-0.174211 0.033885 13.230000
-0.180510 0.022702 13.230000
-0.186713 0.011464 13.230000
-0.192486 0.000000 13.230000
-0.186713 -0.011464 13.230000
-0.180510 -0.022702 13.230000
-0.174211 -0.033885 13.230000
-0.167869 -0.045045 13.230000
-0.161502 -0.056190 13.230000
-0.155114 -0.067323 13.230000
-0.148711 -0.078448 13.230000
-0.142293 -0.089564 13.230000
-0.135861 -0.100671 13.230000
-0.129413 -0.111770 13.230000
-0.122945 -0.122857 13.230000
-0.116451 -0.133929 13.230000
-0.109915 -0.144976 13.230000
-0.103285 -0.155966 13.230000
-0.096243 -0.166698 13.230000
-0.083428 -0.167431 13.230000
-0.070595 -0.167677 13.230000
-0.057760 -0.167814 13.230000
-0.044925 -0.167902 13.230000
-0.032089 -0.167959 13.230000
-0.019253 -0.167995 13.230000
-0.006418 -0.168012 13.230000
0.006418 -0.168012 13.230000
0.019253 -0.167995 13.230000
0.032089 -0.167959 13.230000
0.044925 -0.167902 13.230000
0.057760 -0.167814 13.230000
0.070595 -0.167677 13.230000
0.083428 -0.167431 13.230000
0.096243 -0.166698 13.230000
0.103285 -0.155966 13.230000
0.109915 -0.144976 13.230000
0.116451 -0.133929 13.230000
0.122945 -0.122857 13.230000
0.129413 -0.111770 13.230000
0.135861 -0.100671 13.230000
0.142293 -0.089564 13.230000
0.148711 -0.078448 13.230000
0.155114 -0.067323 13.230000
0.161502 -0.056190 13.230000
0.167869 -0.045045 13.230000
0.174211 -0.033885 13.230000
0.180510 -0.022702 13.230000
0.186713 -0.011464 13.230000
0.192486 0.000000 13.230000

