0.214038 0.000000 16.130000
0.207605 0.012741 16.130000
0.200701 0.025233 16.130000
0.193693 0.037667 16.130000
0.186639 0.050074 16.130000
0.179556 0.062465 16.130000
0.172453 0.074845 16.130000
0.165332 0.087214 16.130000
0.158196 0.099575 16.130000
0.151044 0.111926 16.130000
0.143875 0.124268 16.130000
0.136685 0.136597 16.130000
0.129467 0.148910 16.130000
0.122203 0.161196 16.130000
0.114837 0.173421 16.130000
0.107019 0.185362 16.130000
0.092769 0.186162 16.130000
0.078498 0.186429 16.130000
0.064226 0.186577 16.130000
0.049954 0.186671 16.130000
0.035682 0.186733 16.130000
0.021409 0.186771 16.130000
0.007136 0.186789 16.130000
-0.007136 0.186789 16.130000
-0.021409 0.186771 16.130000
-0.035682 0.186733 16.130000
-0.049954 0.186671 16.130000
-0.064226 0.186577 16.130000
-0.078498 0.186429 16.130000
-0.092769 0.186162 16.130000
-0.107019 0.185362 16.130000
-0.114837 0.173421 16.130000
-0.122203 0.161196 16.130000
-0.129467 0.148910 16.130000
-0.136685 0.136597 16.130000
-0.143875 0.124268 16.130000
-0.151044 0.111926 16.130000
-0.158196 0.099575 16.130000
-0.165332 0.087214 16.130000
-0.172453 0.074845 16.130000
-0.179556 0.062465 16.130000
-0.186639 0.050074 16.130000
-0.193693 0.037667 16.130000
-0.200701 0.025233 16.130000
-0.207605 0.012741 16.130000
-0.214038 0.000000 16.130000
-0.207605 -0.012741 16.130000
-0.200701 -0.025233 16.130000
-0.193693 -0.037667 16.130000
-0.186639 -0.050074 16.130000
-0.179556 -0.062465 16.130000
-0.172453 -0.074845 16.130000
-0.165332 -0.087214 16.130000
-0.158196 -0.099575 16.130000
-0.151044 -0.111926 16.130000
-0.143875 -0.124268 16.130000
-0.136685 -0.136597 16.130000
-0.129467 -0.148910 16.130000
-0.122203 -0.161196 16.130000
-0.114837 -0.173421 16.130000
-0.107019 -0.185362 16.130000
-0.092769 -0.186162 16.130000
-0.078498 -0.186429 16.130000
-0.064226 -0.186577 16.130000
-0.049954 -0.186671 16.130000
-0.035682 -0.186733 16.130000
-0.021409 -0.186771 16.130000
-0.007136 -0.186789 16.130000
0.007136 -0.186789 16.130000
0.021409 -0.186771 16.130000
0.035682 -0.186733 16.130000
0.049954 -0.186671 16.130000
0.064226 -0.186577 16.130000
0.078498 -0.186429 16.130000
0.092769 -0.186162 16.130000
0.107019 -0.185362 16.130000
0.114837 -0.173421 16.130000
0.122203 -0.161196 16.130000
0.129467 -0.148910 16.130000
0.136685 -0.136597 16.130000
0.143875 -0.124268 16.130000
0.151044 -0.111926 16.130000
0.158196 -0.099575 16.130000
0.165332 -0.087214 16.130000
0.172453 -0.074845 16.130000
0.179556 -0.062465 16.130000
0.186639 -0.050074 16.130000
0.193693 -0.037667 16.130000
0.200701 -0.025233 16.130000
0.207605 -0.012741 16.130000
0.214038 0.000000 16.130000

