0.324722 0.000000 33.860000
0.314865 0.019279 33.860000
0.304348 0.038206 33.860000
0.293688 0.057052 33.860000
0.282963 0.075862 33.860000
0.272202 0.094651 33.860000
0.261414 0.113424 33.860000
0.250606 0.132186 33.860000
0.239779 0.150938 33.860000
0.228935 0.169679 33.860000
0.218071 0.188408 33.860000
0.207180 0.207123 33.860000
0.196252 0.225815 33.860000
0.185261 0.244471 33.860000
0.174129 0.263042 33.860000
0.162361 0.281217 33.860000
0.140737 0.282321 33.860000
0.119087 0.282676 33.860000
0.097435 0.282867 33.860000
0.075783 0.282984 33.860000
0.054131 0.283059 33.860000
0.032479 0.283103 33.860000
0.010826 0.283124 33.860000
-0.010826 0.283124 33.860000
-0.032479 0.283103 33.860000
-0.054131 0.283059 33.860000
-0.075783 0.282984 33.860000
-0.097435 0.282867 33.860000
-0.119087 0.282676 33.860000
-0.140737 0.282321 33.860000
-0.162361 0.281217 33.860000
-0.174129 0.263042 33.860000
-0.185261 0.244471 33.860000
-0.196252 0.225815 33.860000
-0.207180 0.207123 33.860000
-0.218071 0.188408 33.860000
-0.228935 0.169679 33.860000
-0.239779 0.150938 33.860000
-0.250606 0.132186 33.860000
-0.261414 0.113424 33.860000
-0.272202 0.094651 33.860000
-0.282963 0.075862 33.860000
-0.293688 0.057052 33.860000
-0.304348 0.038206 33.860000
-0.314865 0.019279 33.860000
-0.324722 0.000000 33.860000
-0.314865 -0.019279 33.860000
-0.304348 -0.038206 33.860000
-0.293688 -0.057052 33.860000
-0.282963 -0.075862 33.860000
-0.272202 -0.094651 33.860000
-0.261414 -0.113424 33.860000
-0.250606 -0.132186 33.860000
-0.239779 -0.150938 33.860000
-0.228935 -0.169679 33.860000
-0.218071 -0.188408 33.860000
-0.207180 -0.207123 33.860000
-0.196252 -0.225815 33.860000
-0.185261 -0.244471 33.860000
-0.174129 -0.263042 33.860000
-0.162361 -0.281217 33.860000
-0.140737 -0.282321 33.860000
-0.119087 -0.282676 33.860000
-0.097435 -0.282867 33.860000
-0.075783 -0.282984 33.860000
-0.054131 -0.283059 33.860000
-0.032479 -0.283103 33.860000
-0.010826 -0.283124 33.860000
0.010826 -0.283124 33.860000
0.032479 -0.283103 33.860000
0.054131 -0.283059 33.860000
0.075783 -0.282984 33.860000
0.097435 -0.282867 33.860000
0.119087 -0.282676 33.860000
0.140737 -0.282321 33.860000
0.162361 -0.281217 33.860000
0.174129 -0.263042 33.860000
0.185261 -0.244471 33.860000
0.196252 -0.225815 33.860000
0.207180 -0.207123 33.860000
0.218071 -0.188408 33.860000
0.228935 -0.169679 33.860000
0.239779 -0.150938 33.860000
0.250606 -0.132186 33.860000
0.261414 -0.113424 33.860000
0.272202 -0.094651 33.860000
0.282963 -0.075862 33.860000
0.293688 -0.057052 33.860000
0.304348 -0.038206 33.860000
0.314865 -0.019279 33.860000
0.324722 0.000000 33.860000

