0.117856 -0.000000 4.820000
0.114349 0.007034 4.820000
0.110563 0.013921 4.820000
0.106713 0.020773 4.820000
0.102835 0.027609 4.820000
0.098940 0.034435 4.820000
0.095031 0.041253 4.820000
0.091111 0.048066 4.820000
0.087182 0.054872 4.820000
0.083242 0.061673 4.820000
0.079291 0.068467 4.820000
0.075328 0.075253 4.820000
0.071346 0.082030 4.820000
0.067337 0.088790 4.820000
0.063266 0.095513 4.820000
0.058928 0.102066 4.820000
0.051083 0.102546 4.820000
0.043226 0.102711 4.820000
0.035367 0.102803 4.820000
0.027508 0.102862 4.820000
0.019648 0.102902 4.820000
0.011789 0.102926 4.820000
0.003930 0.102938 4.820000
-0.003930 0.102938 4.820000
-0.011789 0.102926 4.820000
-0.019648 0.102902 4.820000
-0.027508 0.102862 4.820000
-0.035367 0.102803 4.820000
-0.043226 0.102711 4.820000
-0.051083 0.102546 4.820000
-0.058928 0.102066 4.820000
-0.063266 0.095513 4.820000
-0.067337 0.088790 4.820000
-0.071346 0.082030 4.820000
-0.075328 0.075253 4.820000
-0.079291 0.068467 4.820000
-0.083242 0.061673 4.820000
-0.087182 0.054872 4.820000
-0.091111 0.048066 4.820000
-0.095031 0.041253 4.820000
-0.098940 0.034435 4.820000
-0.102835 0.027609 4.820000
-0.106713 0.020773 4.820000
-0.110563 0.013921 4.820000
-0.114349 0.007034 4.820000
-0.117856 -0.000000 4.820000
-0.114349 -0.007034 4.820000
-0.110563 -0.013921 4.820000
-0.106713 -0.020773 4.820000
-0.102835 -0.027609 4.820000
-0.098940 -0.034435 4.820000
-0.095031 -0.041253 4.820000
-0.091111 -0.048066 4.820000
-0.087182 -0.054872 4.820000
-0.083242 -0.061673 4.820000
-0.079291 -0.068467 4.820000
-0.075328 -0.075253 4.820000
-0.071346 -0.082030 4.820000
-0.067337 -0.088790 4.820000
-0.063266 -0.095513 4.820000
-0.058928 -0.102066 4.820000
-0.051083 -0.102546 4.820000
-0.043226 -0.102711 4.820000
-0.035367 -0.102803 4.820000
-0.027508 -0.102862 4.820000
-0.019648 -0.102902 4.820000
-0.011789 -0.102926 4.820000
-0.003930 -0.102938 4.820000
0.003930 -0.102938 4.820000
0.011789 -0.102926 4.820000
0.019648 -0.102902 4.820000
0.027508 -0.102862 4.820000
0.035367 -0.102803 4.820000
0.043226 -0.102711 4.820000
0.051083 -0.102546 4.820000
0.058928 -0.102066 4.820000
0.063266 -0.095513 4.820000
0.067337 -0.088790 4.820000
0.071346 -0.082030 4.820000
0.075328 -0.075253 4.820000
0.079291 -0.068467 4.820000
0.083242 -0.061673 4.820000
0.087182 -0.054872 4.820000
0.091111 -0.048066 4.820000
0.095031 -0.041253 4.820000
0.098940 -0.034435 4.820000
0.102835 -0.027609 4.820000
0.106713 -0.020773 4.820000
0.110563 -0.013921 4.820000
0.114349 -0.007034 4.820000
0.117856 -0.000000 4.820000

