0.396956 0.000000 47.660000
0.384840 0.023532 47.660000
0.371953 0.046652 47.660000
0.358898 0.069677 47.660000
0.345771 0.092660 47.660000
0.332601 0.115620 47.660000
0.319403 0.138563 47.660000
0.306186 0.161495 47.660000
0.292951 0.184417 47.660000
0.279701 0.207330 47.660000
0.266430 0.230231 47.660000
0.253131 0.253116 47.660000
0.239791 0.275977 47.660000
0.226378 0.298795 47.660000
0.212800 0.321515 47.660000
0.198478 0.343774 47.660000
0.172040 0.345047 47.660000
0.145575 0.345446 47.660000
0.119107 0.345653 47.660000
0.092639 0.345776 47.660000
0.066171 0.345850 47.660000
0.039703 0.345893 47.660000
0.013234 0.345912 47.660000
-0.013234 0.345912 47.660000
-0.039703 0.345893 47.660000
-0.066171 0.345850 47.660000
-0.092639 0.345776 47.660000
-0.119107 0.345653 47.660000
-0.145575 0.345446 47.660000
-0.172040 0.345047 47.660000
-0.198478 0.343774 47.660000
-0.212800 0.321515 47.660000
-0.226378 0.298795 47.660000
-0.239791 0.275977 47.660000
-0.253131 0.253116 47.660000
-0.266430 0.230231 47.660000
-0.279701 0.207330 47.660000
-0.292951 0.184417 47.660000
-0.306186 0.161495 47.660000
-0.319403 0.138563 47.660000
-0.332601 0.115620 47.660000
-0.345771 0.092660 47.660000
-0.358898 0.069677 47.660000
-0.371953 0.046652 47.660000
-0.384840 0.023532 47.660000
-0.396956 0.000000 47.660000
-0.384840 -0.023532 47.660000
-0.371953 -0.046652 47.660000
-0.358898 -0.069677 47.660000
-0.345771 -0.092660 47.660000
-0.332601 -0.115620 47.660000
-0.319403 -0.138563 47.660000
-0.306186 -0.161495 47.660000
-0.292951 -0.184417 47.660000
-0.279701 -0.207330 47.660000
-0.266430 -0.230231 47.660000
-0.253131 -0.253116 47.660000
-0.239791 -0.275977 47.660000
-0.226378 -0.298795 47.660000
-0.212800 -0.321515 47.660000
-0.198478 -0.343774 47.660000
-0.172040 -0.345047 47.660000
-0.145575 -0.345446 47.660000
-0.119107 -0.345653 47.660000
-0.092639 -0.345776 47.660000
-0.066171 -0.345850 47.660000
-0.039703 -0.345893 47.660000
-0.013234 -0.345912 47.660000
0.013234 -0.345912 47.660000
0.039703 -0.345893 47.660000
0.066171 -0.345850 47.660000
0.092639 -0.345776 47.660000
0.119107 -0.345653 47.660000
0.145575 -0.345446 47.660000
0.172040 -0.345047 47.660000
0.198478 -0.343774 47.660000
0.212800 -0.321515 47.660000
0.226378 -0.298795 47.660000
0.239791 -0.275977 47.660000
0.253131 -0.253116 47.660000
0.266430 -0.230231 47.660000
0.279701 -0.207330 47.660000
0.292951 -0.184417 47.660000
0.306186 -0.161495 47.660000
0.319403 -0.138563 47.660000
0.332601 -0.115620 47.660000
0.345771 -0.092660 47.660000
0.358898 -0.069677 47.660000
0.371953 -0.046652 47.660000
0.384840 -0.023532 47.660000
0.396956 0.000000 47.660000

