0.250382 0.000000 21.450000
0.242831 0.014891 21.450000
0.234744 0.029497 21.450000
0.226538 0.044038 21.450000
0.218280 0.058549 21.450000
0.209991 0.073041 21.450000
0.201679 0.087521 21.450000
0.193348 0.101990 21.450000
0.185000 0.116449 21.450000
0.176635 0.130898 21.450000
0.168251 0.145337 21.450000
0.159845 0.159762 21.450000
0.151407 0.174169 21.450000
0.142917 0.188545 21.450000
0.134311 0.202852 21.450000
0.125191 0.216837 21.450000
0.108520 0.217743 21.450000
0.091826 0.218043 21.450000
0.075131 0.218207 21.450000
0.058436 0.218311 21.450000
0.041740 0.218378 21.450000
0.025044 0.218419 21.450000
0.008348 0.218439 21.450000
-0.008348 0.218439 21.450000
-0.025044 0.218419 21.450000
-0.041740 0.218378 21.450000
-0.058436 0.218311 21.450000
-0.075131 0.218207 21.450000
-0.091826 0.218043 21.450000
-0.108520 0.217743 21.450000
-0.125191 0.216837 21.450000
-0.134311 0.202852 21.450000
-0.142917 0.188545 21.450000
-0.151407 0.174169 21.450000
-0.159845 0.159762 21.450000
-0.168251 0.145337 21.450000
-0.176635 0.130898 21.450000
-0.185000 0.116449 21.450000
-0.193348 0.101990 21.450000
-0.201679 0.087521 21.450000
-0.209991 0.073041 21.450000
-0.218280 0.058549 21.450000
-0.226538 0.044038 21.450000
-0.234744 0.029497 21.450000
-0.242831 0.014891 21.450000
-0.250382 0.000000 21.450000
-0.242831 -0.014891 21.450000
-0.234744 -0.029497 21.450000
-0.226538 -0.044038 21.450000
-0.218280 -0.058549 21.450000
-0.209991 -0.073041 21.450000
-0.201679 -0.087521 21.450000
-0.193348 -0.101990 21.450000
-0.185000 -0.116449 21.450000
-0.176635 -0.130898 21.450000
-0.168251 -0.145337 21.450000
-0.159845 -0.159762 21.450000
-0.151407 -0.174169 21.450000
-0.142917 -0.188545 21.450000
-0.134311 -0.202852 21.450000
-0.125191 -0.216837 21.450000
-0.108520 -0.217743 21.450000
-0.091826 -0.218043 21.450000
-0.075131 -0.218207 21.450000
-0.058436 -0.218311 21.450000
-0.041740 -0.218378 21.450000
-0.025044 -0.218419 21.450000
-0.008348 -0.218439 21.450000
0.008348 -0.218439 21.450000
0.025044 -0.218419 21.450000
0.041740 -0.218378 21.450000
0.058436 -0.218311 21.450000
0.075131 -0.218207 21.450000
0.091826 -0.218043 21.450000
0.108520 -0.217743 21.450000
0.125191 -0.216837 21.450000
0.134311 -0.202852 21.450000
0.142917 -0.188545 21.450000
0.151407 -0.174169 21.450000
0.159845 -0.159762 21.450000
0.168251 -0.145337 21.450000
0.176635 -0.130898 21.450000
0.185000 -0.116449 21.450000
0.193348 -0.101990 21.450000
0.201679 -0.087521 21.450000
0.209991 -0.073041 21.450000
0.218280 -0.058549 21.450000
0.226538 -0.044038 21.450000
0.234744 -0.029497 21.450000
0.242831 -0.014891 21.450000
0.250382 0.000000 21.450000

