0.296614 0.000000 28.940000
0.287632 0.017621 28.940000
0.278035 0.034915 28.940000
0.268304 0.052134 28.940000
0.258513 0.069319 28.940000
0.248687 0.086484 28.940000
0.238835 0.103634 28.940000
0.228964 0.120773 28.940000
0.219075 0.137902 28.940000
0.209168 0.155020 28.940000
0.199241 0.172127 28.940000
0.189289 0.189219 28.940000
0.179301 0.206291 28.940000
0.169255 0.223328 28.940000
0.159077 0.240286 28.940000
0.148307 0.256875 28.940000
0.128556 0.257907 28.940000
0.108780 0.258243 28.940000
0.089002 0.258425 28.940000
0.069224 0.258538 28.940000
0.049446 0.258611 28.940000
0.029668 0.258654 28.940000
0.009889 0.258675 28.940000
-0.009889 0.258675 28.940000
-0.029668 0.258654 28.940000
-0.049446 0.258611 28.940000
-0.069224 0.258538 28.940000
-0.089002 0.258425 28.940000
-0.108780 0.258243 28.940000
-0.128556 0.257907 28.940000
-0.148307 0.256875 28.940000
-0.159077 0.240286 28.940000
-0.169255 0.223328 28.940000
-0.179301 0.206291 28.940000
-0.189289 0.189219 28.940000
-0.199241 0.172127 28.940000
-0.209168 0.155020 28.940000
-0.219075 0.137902 28.940000
-0.228964 0.120773 28.940000
-0.238835 0.103634 28.940000
-0.248687 0.086484 28.940000
-0.258513 0.069319 28.940000
-0.268304 0.052134 28.940000
-0.278035 0.034915 28.940000
-0.287632 0.017621 28.940000
-0.296614 0.000000 28.940000
-0.287632 -0.017621 28.940000
-0.278035 -0.034915 28.940000
-0.268304 -0.052134 28.940000
-0.258513 -0.069319 28.940000
-0.248687 -0.086484 28.940000
-0.238835 -0.103634 28.940000
-0.228964 -0.120773 28.940000
-0.219075 -0.137902 28.940000
-0.209168 -0.155020 28.940000
-0.199241 -0.172127 28.940000
-0.189289 -0.189219 28.940000
-0.179301 -0.206291 28.940000
-0.169255 -0.223328 28.940000
-0.159077 -0.240286 28.940000
-0.148307 -0.256875 28.940000
-0.128556 -0.257907 28.940000
-0.108780 -0.258243 28.940000
-0.089002 -0.258425 28.940000
-0.069224 -0.258538 28.940000
-0.049446 -0.258611 28.940000
-0.029668 -0.258654 28.940000
-0.009889 -0.258675 28.940000
0.009889 -0.258675 28.940000
0.029668 -0.258654 28.940000
0.049446 -0.258611 28.940000
0.069224 -0.258538 28.940000
0.089002 -0.258425 28.940000
0.108780 -0.258243 28.940000
0.128556 -0.257907 28.940000
0.148307 -0.256875 28.940000
0.159077 -0.240286 28.940000
0.169255 -0.223328 28.940000
0.179301 -0.206291 28.940000
0.189289 -0.189219 28.940000
0.199241 -0.172127 28.940000
0.209168 -0.155020 28.940000
0.219075 -0.137902 28.940000
0.228964 -0.120773 28.940000
0.238835 -0.103634 28.940000
0.248687 -0.086484 28.940000
0.258513 -0.069319 28.940000
0.268304 -0.052134 28.940000
0.278035 -0.034915 28.940000
0.287632 -0.017621 28.940000
0.296614 0.000000 28.940000

