0.108141 -0.000000 3.930000
0.104927 0.006456 3.930000
0.101454 0.012776 3.930000
0.097923 0.019064 3.930000
0.094365 0.025336 3.930000
0.090791 0.031600 3.930000
0.087204 0.037857 3.930000
0.083608 0.044108 3.930000
0.080002 0.050353 3.930000
0.076387 0.056593 3.930000
0.072762 0.062827 3.930000
0.069124 0.069054 3.930000
0.065471 0.075272 3.930000
0.061791 0.081474 3.930000
0.058054 0.087642 3.930000
0.054071 0.093653 3.930000
0.046873 0.094097 3.930000
0.039663 0.094250 3.930000
0.032452 0.094335 3.930000
0.025240 0.094391 3.930000
0.018029 0.094427 3.930000
0.010817 0.094450 3.930000
0.003606 0.094460 3.930000
-0.003606 0.094460 3.930000
-0.010817 0.094450 3.930000
-0.018029 0.094427 3.930000
-0.025240 0.094391 3.930000
-0.032452 0.094335 3.930000
-0.039663 0.094250 3.930000
-0.046873 0.094097 3.930000
-0.054071 0.093653 3.930000
-0.058054 0.087642 3.930000
-0.061791 0.081474 3.930000
-0.065471 0.075272 3.930000
-0.069124 0.069054 3.930000
-0.072762 0.062827 3.930000
-0.076387 0.056593 3.930000
-0.080002 0.050353 3.930000
-0.083608 0.044108 3.930000
-0.087204 0.037857 3.930000
-0.090791 0.031600 3.930000
-0.094365 0.025336 3.930000
-0.097923 0.019064 3.930000
-0.101454 0.012776 3.930000
-0.104927 0.006456 3.930000
-0.108141 -0.000000 3.930000
-0.104927 -0.006456 3.930000
-0.101454 -0.012776 3.930000
-0.097923 -0.019064 3.930000
-0.094365 -0.025336 3.930000
-0.090791 -0.031600 3.930000
-0.087204 -0.037857 3.930000
-0.083608 -0.044108 3.930000
-0.080002 -0.050353 3.930000
-0.076387 -0.056593 3.930000
-0.072762 -0.062827 3.930000
-0.069124 -0.069054 3.930000
-0.065471 -0.075272 3.930000
-0.061791 -0.081474 3.930000
-0.058054 -0.087642 3.930000
-0.054071 -0.093653 3.930000
-0.046873 -0.094097 3.930000
-0.039663 -0.094250 3.930000
-0.032452 -0.094335 3.930000
-0.025240 -0.094391 3.930000
-0.018029 -0.094427 3.930000
-0.010817 -0.094450 3.930000
-0.003606 -0.094460 3.930000
0.003606 -0.094460 3.930000
0.010817 -0.094450 3.930000
0.018029 -0.094427 3.930000
0.025240 -0.094391 3.930000
0.032452 -0.094335 3.930000
0.039663 -0.094250 3.930000
0.046873 -0.094097 3.930000
0.054071 -0.093653 3.930000
0.058054 -0.087642 3.930000
0.061791 -0.081474 3.930000
0.065471 -0.075272 3.930000
0.069124 -0.069054 3.930000
0.072762 -0.062827 3.930000
0.076387 -0.056593 3.930000
0.080002 -0.050353 3.930000
0.083608 -0.044108 3.930000
0.087204 -0.037857 3.930000
0.090791 -0.031600 3.930000
0.094365 -0.025336 3.930000
0.097923 -0.019064 3.930000
0.101454 -0.012776 3.930000
0.104927 -0.006456 3.930000
0.108141 -0.000000 3.930000

