0.255754 0.000000 22.280000
0.248037 0.015208 22.280000
0.239775 0.030127 22.280000
0.231392 0.044979 22.280000
0.222956 0.059801 22.280000
0.214488 0.074604 22.280000
0.205997 0.089394 22.280000
0.197487 0.104173 22.280000
0.188960 0.118942 22.280000
0.180416 0.133702 22.280000
0.171853 0.148450 22.280000
0.163267 0.163185 22.280000
0.154649 0.177902 22.280000
0.145978 0.192587 22.280000
0.137189 0.207202 22.280000
0.127877 0.221489 22.280000
0.110848 0.222411 22.280000
0.093796 0.222715 22.280000
0.076743 0.222881 22.280000
0.059689 0.222986 22.280000
0.042635 0.223054 22.280000
0.025581 0.223096 22.280000
0.008527 0.223116 22.280000
-0.008527 0.223116 22.280000
-0.025581 0.223096 22.280000
-0.042635 0.223054 22.280000
-0.059689 0.222986 22.280000
-0.076743 0.222881 22.280000
-0.093796 0.222715 22.280000
-0.110848 0.222411 22.280000
-0.127877 0.221489 22.280000
-0.137189 0.207202 22.280000
-0.145978 0.192587 22.280000
-0.154649 0.177902 22.280000
-0.163267 0.163185 22.280000
-0.171853 0.148450 22.280000
-0.180416 0.133702 22.280000
-0.188960 0.118942 22.280000
-0.197487 0.104173 22.280000
-0.205997 0.089394 22.280000
-0.214488 0.074604 22.280000
-0.222956 0.059801 22.280000
-0.231392 0.044979 22.280000
-0.239775 0.030127 22.280000
-0.248037 0.015208 22.280000
-0.255754 0.000000 22.280000
-0.248037 -0.015208 22.280000
-0.239775 -0.030127 22.280000
-0.231392 -0.044979 22.280000
-0.222956 -0.059801 22.280000
-0.214488 -0.074604 22.280000
-0.205997 -0.089394 22.280000
-0.197487 -0.104173 22.280000
-0.188960 -0.118942 22.280000
-0.180416 -0.133702 22.280000
-0.171853 -0.148450 22.280000
-0.163267 -0.163185 22.280000
-0.154649 -0.177902 22.280000
-0.145978 -0.192587 22.280000
-0.137189 -0.207202 22.280000
-0.127877 -0.221489 22.280000
-0.110848 -0.222411 22.280000
-0.093796 -0.222715 22.280000
-0.076743 -0.222881 22.280000
-0.059689 -0.222986 22.280000
-0.042635 -0.223054 22.280000
-0.025581 -0.223096 22.280000
-0.008527 -0.223116 22.280000
0.008527 -0.223116 22.280000
0.025581 -0.223096 22.280000
0.042635 -0.223054 22.280000
0.059689 -0.222986 22.280000
0.076743 -0.222881 22.280000
0.093796 -0.222715 22.280000
0.110848 -0.222411 22.280000
0.127877 -0.221489 22.280000
0.137189 -0.207202 22.280000
0.145978 -0.192587 22.280000
0.154649 -0.177902 22.280000
0.163267 -0.163185 22.280000
0.171853 -0.148450 22.280000
0.180416 -0.133702 22.280000
0.188960 -0.118942 22.280000
0.197487 -0.104173 22.280000
0.205997 -0.089394 22.280000
0.214488 -0.074604 22.280000
0.222956 -0.059801 22.280000
0.231392 -0.044979 22.280000
0.239775 -0.030127 22.280000
0.248037 -0.015208 22.280000
0.255754 0.000000 22.280000

