0.131951 -0.000000 6.200000
0.128019 0.007872 6.200000
0.123777 0.015581 6.200000
0.119466 0.023252 6.200000
0.115123 0.030905 6.200000
0.110761 0.038546 6.200000
0.106384 0.046180 6.200000
0.101996 0.053807 6.200000
0.097596 0.061427 6.200000
0.093185 0.069041 6.200000
0.088763 0.076648 6.200000
0.084326 0.084247 6.200000
0.079869 0.091834 6.200000
0.075382 0.099404 6.200000
0.070827 0.106932 6.200000
0.065975 0.114273 6.200000
0.057192 0.114804 6.200000
0.048395 0.114985 6.200000
0.039596 0.115086 6.200000
0.030797 0.115152 6.200000
0.021998 0.115195 6.200000
0.013199 0.115221 6.200000
0.004400 0.115234 6.200000
-0.004400 0.115234 6.200000
-0.013199 0.115221 6.200000
-0.021998 0.115195 6.200000
-0.030797 0.115152 6.200000
-0.039596 0.115086 6.200000
-0.048395 0.114985 6.200000
-0.057192 0.114804 6.200000
-0.065975 0.114273 6.200000
-0.070827 0.106932 6.200000
-0.075382 0.099404 6.200000
-0.079869 0.091834 6.200000
-0.084326 0.084247 6.200000
-0.088763 0.076648 6.200000
-0.093185 0.069041 6.200000
-0.097596 0.061427 6.200000
-0.101996 0.053807 6.200000
-0.106384 0.046180 6.200000
-0.110761 0.038546 6.200000
-0.115123 0.030905 6.200000
-0.119466 0.023252 6.200000
-0.123777 0.015581 6.200000
-0.128019 0.007872 6.200000
-0.131951 -0.000000 6.200000
-0.128019 -0.007872 6.200000
-0.123777 -0.015581 6.200000
-0.119466 -0.023252 6.200000
-0.115123 -0.030905 6.200000
-0.110761 -0.038546 6.200000
-0.106384 -0.046180 6.200000
-0.101996 -0.053807 6.200000
-0.097596 -0.061427 6.200000
-0.093185 -0.069041 6.200000
-0.088763 -0.076648 6.200000
-0.084326 -0.084247 6.200000
-0.079869 -0.091834 6.200000
-0.075382 -0.099404 6.200000
-0.070827 -0.106932 6.200000
-0.065975 -0.114273 6.200000
-0.057192 -0.114804 6.200000
-0.048395 -0.114985 6.200000
-0.039596 -0.115086 6.200000
-0.030797 -0.115152 6.200000
-0.021998 -0.115195 6.200000
-0.013199 -0.115221 6.200000
-0.004400 -0.115234 6.200000
0.004400 -0.115234 6.200000
0.013199 -0.115221 6.200000
0.021998 -0.115195 6.200000
0.030797 -0.115152 6.200000
0.039596 -0.115086 6.200000
0.048395 -0.114985 6.200000
0.057192 -0.114804 6.200000
0.065975 -0.114273 6.200000
0.070827 -0.106932 6.200000
0.075382 -0.099404 6.200000
0.079869 -0.091834 6.200000
0.084326 -0.084247 6.200000
0.088763 -0.076648 6.200000
0.093185 -0.069041 6.200000
0.097596 -0.061427 6.200000
0.101996 -0.053807 6.200000
0.106384 -0.046180 6.200000
0.110761 -0.038546 6.200000
0.115123 -0.030905 6.200000
0.119466 -0.023252 6.200000
0.123777 -0.015581 6.200000
0.128019 -0.007872 6.200000
0.131951 -0.000000 6.200000

