0.081233 -0.000000 1.740000
0.078826 0.004853 1.740000
0.076220 0.009602 1.740000
0.073569 0.014327 1.740000
0.070898 0.019039 1.740000
0.068214 0.023745 1.740000
0.065520 0.028445 1.740000
0.062819 0.033141 1.740000
0.060110 0.037832 1.740000
0.057394 0.042520 1.740000
0.054671 0.047202 1.740000
0.051937 0.051880 1.740000
0.049192 0.056549 1.740000
0.046426 0.061208 1.740000
0.043616 0.065839 1.740000
0.040617 0.070350 1.740000
0.035210 0.070692 1.740000
0.029794 0.070810 1.740000
0.024377 0.070876 1.740000
0.018960 0.070919 1.740000
0.013543 0.070947 1.740000
0.008126 0.070965 1.740000
0.002709 0.070973 1.740000
-0.002709 0.070973 1.740000
-0.008126 0.070965 1.740000
-0.013543 0.070947 1.740000
-0.018960 0.070919 1.740000
-0.024377 0.070876 1.740000
-0.029794 0.070810 1.740000
-0.035210 0.070692 1.740000
-0.040617 0.070350 1.740000
-0.043616 0.065839 1.740000
-0.046426 0.061208 1.740000
-0.049192 0.056549 1.740000
-0.051937 0.051880 1.740000
-0.054671 0.047202 1.740000
-0.057394 0.042520 1.740000
-0.060110 0.037832 1.740000
-0.062819 0.033141 1.740000
-0.065520 0.028445 1.740000
-0.068214 0.023745 1.740000
-0.070898 0.019039 1.740000
-0.073569 0.014327 1.740000
-0.076220 0.009602 1.740000
-0.078826 0.004853 1.740000
-0.081233 -0.000000 1.740000
-0.078826 -0.004853 1.740000
-0.076220 -0.009602 1.740000
-0.073569 -0.014327 1.740000
-0.070898 -0.019039 1.740000
-0.068214 -0.023745 1.740000
-0.065520 -0.028445 1.740000
-0.062819 -0.033141 1.740000
-0.060110 -0.037832 1.740000
-0.057394 -0.042520 1.740000
-0.054671 -0.047202 1.740000
-0.051937 -0.051880 1.740000
-0.049192 -0.056549 1.740000
-0.046426 -0.061208 1.740000
-0.043616 -0.065839 1.740000
-0.040617 -0.070350 1.740000
-0.035210 -0.070692 1.740000
-0.029794 -0.070810 1.740000
-0.024377 -0.070876 1.740000
-0.018960 -0.070919 1.740000
-0.013543 -0.070947 1.740000
-0.008126 -0.070965 1.740000
-0.002709 -0.070973 1.740000
0.002709 -0.070973 1.740000
0.008126 -0.070965 1.740000
0.013543 -0.070947 1.740000
0.018960 -0.070919 1.740000
0.024377 -0.070876 1.740000
0.029794 -0.070810 1.740000
0.035210 -0.070692 1.740000
0.040617 -0.070350 1.740000
0.043616 -0.065839 1.740000
0.046426 -0.061208 1.740000
0.049192 -0.056549 1.740000
0.051937 -0.051880 1.740000
0.054671 -0.047202 1.740000
0.057394 -0.042520 1.740000
0.060110 -0.037832 1.740000
0.062819 -0.033141 1.740000
0.065520 -0.028445 1.740000
0.068214 -0.023745 1.740000
0.070898 -0.019039 1.740000
0.073569 -0.014327 1.740000
0.076220 -0.009602 1.740000
0.078826 -0.004853 1.740000
0.081233 -0.000000 1.740000

