0.252526 0.000000 21.780000
0.244909 0.015018 21.780000
0.236752 0.029749 21.780000
0.228476 0.044414 21.780000
0.220147 0.059048 21.780000
0.211786 0.073665 21.780000
0.203403 0.088269 21.780000
0.195000 0.102861 21.780000
0.186581 0.117444 21.780000
0.178144 0.132017 21.780000
0.169689 0.146580 21.780000
0.161211 0.161129 21.780000
0.152701 0.175659 21.780000
0.144139 0.190159 21.780000
0.135460 0.204589 21.780000
0.126263 0.218694 21.780000
0.109449 0.219606 21.780000
0.092613 0.219907 21.780000
0.075775 0.220073 21.780000
0.058936 0.220177 21.780000
0.042097 0.220245 21.780000
0.025258 0.220286 21.780000
0.008419 0.220306 21.780000
-0.008419 0.220306 21.780000
-0.025258 0.220286 21.780000
-0.042097 0.220245 21.780000
-0.058936 0.220177 21.780000
-0.075775 0.220073 21.780000
-0.092613 0.219907 21.780000
-0.109449 0.219606 21.780000
-0.126263 0.218694 21.780000
-0.135460 0.204589 21.780000
-0.144139 0.190159 21.780000
-0.152701 0.175659 21.780000
-0.161211 0.161129 21.780000
-0.169689 0.146580 21.780000
-0.178144 0.132017 21.780000
-0.186581 0.117444 21.780000
-0.195000 0.102861 21.780000
-0.203403 0.088269 21.780000
-0.211786 0.073665 21.780000
-0.220147 0.059048 21.780000
-0.228476 0.044414 21.780000
-0.236752 0.029749 21.780000
-0.244909 0.015018 21.780000
-0.252526 0.000000 21.780000
-0.244909 -0.015018 21.780000
-0.236752 -0.029749 21.780000
-0.228476 -0.044414 21.780000
-0.220147 -0.059048 21.780000
-0.211786 -0.073665 21.780000
-0.203403 -0.088269 21.780000
-0.195000 -0.102861 21.780000
-0.186581 -0.117444 21.780000
-0.178144 -0.132017 21.780000
-0.169689 -0.146580 21.780000
-0.161211 -0.161129 21.780000
-0.152701 -0.175659 21.780000
-0.144139 -0.190159 21.780000
-0.135460 -0.204589 21.780000
-0.126263 -0.218694 21.780000
-0.109449 -0.219606 21.780000
-0.092613 -0.219907 21.780000
-0.075775 -0.220073 21.780000
-0.058936 -0.220177 21.780000
-0.042097 -0.220245 21.780000
-0.025258 -0.220286 21.780000
-0.008419 -0.220306 21.780000
0.008419 -0.220306 21.780000
0.025258 -0.220286 21.780000
0.042097 -0.220245 21.780000
0.058936 -0.220177 21.780000
0.075775 -0.220073 21.780000
0.092613 -0.219907 21.780000
0.109449 -0.219606 21.780000
0.126263 -0.218694 21.780000
0.135460 -0.204589 21.780000
0.144139 -0.190159 21.780000
0.152701 -0.175659 21.780000
0.161211 -0.161129 21.780000
0.169689 -0.146580 21.780000
0.178144 -0.132017 21.780000
0.186581 -0.117444 21.780000
0.195000 -0.102861 21.780000
0.203403 -0.088269 21.780000
0.211786 -0.073665 21.780000
0.220147 -0.059048 21.780000
0.228476 -0.044414 21.780000
0.236752 -0.029749 21.780000
0.244909 -0.015018 21.780000
0.252526 0.000000 21.780000

