0.131161 -0.000000 6.120000
0.127253 0.007825 6.120000
0.123037 0.015488 6.120000
0.118751 0.023113 6.120000
0.114435 0.030720 6.120000
0.110099 0.038316 6.120000
0.105748 0.045904 6.120000
0.101386 0.053485 6.120000
0.097013 0.061060 6.120000
0.092628 0.068629 6.120000
0.088232 0.076190 6.120000
0.083822 0.083743 6.120000
0.079392 0.091285 6.120000
0.074932 0.098809 6.120000
0.070403 0.106292 6.120000
0.065581 0.113589 6.120000
0.056850 0.114117 6.120000
0.048105 0.114297 6.120000
0.039359 0.114398 6.120000
0.030613 0.114463 6.120000
0.021866 0.114506 6.120000
0.013120 0.114533 6.120000
0.004373 0.114546 6.120000
-0.004373 0.114546 6.120000
-0.013120 0.114533 6.120000
-0.021866 0.114506 6.120000
-0.030613 0.114463 6.120000
-0.039359 0.114398 6.120000
-0.048105 0.114297 6.120000
-0.056850 0.114117 6.120000
-0.065581 0.113589 6.120000
-0.070403 0.106292 6.120000
-0.074932 0.098809 6.120000
-0.079392 0.091285 6.120000
-0.083822 0.083743 6.120000
-0.088232 0.076190 6.120000
-0.092628 0.068629 6.120000
-0.097013 0.061060 6.120000
-0.101386 0.053485 6.120000
-0.105748 0.045904 6.120000
-0.110099 0.038316 6.120000
-0.114435 0.030720 6.120000
-0.118751 0.023113 6.120000
-0.123037 0.015488 6.120000
-0.127253 0.007825 6.120000
-0.131161 -0.000000 6.120000
-0.127253 -0.007825 6.120000
-0.123037 -0.015488 6.120000
-0.118751 -0.023113 6.120000
-0.114435 -0.030720 6.120000
-0.110099 -0.038316 6.120000
-0.105748 -0.045904 6.120000
-0.101386 -0.053485 6.120000
-0.097013 -0.061060 6.120000
-0.092628 -0.068629 6.120000
-0.088232 -0.076190 6.120000
-0.083822 -0.083743 6.120000
-0.079392 -0.091285 6.120000
-0.074932 -0.098809 6.120000
-0.070403 -0.106292 6.120000
-0.065581 -0.113589 6.120000
-0.056850 -0.114117 6.120000
-0.048105 -0.114297 6.120000
-0.039359 -0.114398 6.120000
-0.030613 -0.114463 6.120000
-0.021866 -0.114506 6.120000
-0.013120 -0.114533 6.120000
-0.004373 -0.114546 6.120000
0.004373 -0.114546 6.120000
0.013120 -0.114533 6.120000
0.021866 -0.114506 6.120000
0.030613 -0.114463 6.120000
0.039359 -0.114398 6.120000
0.048105 -0.114297 6.120000
0.056850 -0.114117 6.120000
0.065581 -0.113589 6.120000
0.070403 -0.106292 6.120000
0.074932 -0.098809 6.120000
0.079392 -0.091285 6.120000
0.083822 -0.083743 6.120000
0.088232 -0.076190 6.120000
0.092628 -0.068629 6.120000
0.097013 -0.061060 6.120000
0.101386 -0.053485 6.120000
0.105748 -0.045904 6.120000
0.110099 -0.038316 6.120000
0.114435 -0.030720 6.120000
0.118751 -0.023113 6.120000
0.123037 -0.015488 6.120000
0.127253 -0.007825 6.120000
0.131161 -0.000000 6.120000

