0.354528 0.000000 39.360000
0.343741 0.021035 39.360000
0.332248 0.041693 39.360000
0.320600 0.062264 39.360000
0.308885 0.082796 39.360000
0.297130 0.103306 39.360000
0.285349 0.123801 39.360000
0.273546 0.144284 39.360000
0.261726 0.164756 39.360000
0.249889 0.185219 39.360000
0.238031 0.205669 39.360000
0.226146 0.226104 39.360000
0.214222 0.246516 39.360000
0.202231 0.266889 39.360000
0.190088 0.287171 39.360000
0.177264 0.307030 39.360000
0.153654 0.308206 39.360000
0.130017 0.308581 39.360000
0.106378 0.308779 39.360000
0.082739 0.308900 39.360000
0.059099 0.308975 39.360000
0.035460 0.309020 39.360000
0.011820 0.309040 39.360000
-0.011820 0.309040 39.360000
-0.035460 0.309020 39.360000
-0.059099 0.308975 39.360000
-0.082739 0.308900 39.360000
-0.106378 0.308779 39.360000
-0.130017 0.308581 39.360000
-0.153654 0.308206 39.360000
-0.177264 0.307030 39.360000
-0.190088 0.287171 39.360000
-0.202231 0.266889 39.360000
-0.214222 0.246516 39.360000
-0.226146 0.226104 39.360000
-0.238031 0.205669 39.360000
-0.249889 0.185219 39.360000
-0.261726 0.164756 39.360000
-0.273546 0.144284 39.360000
-0.285349 0.123801 39.360000
-0.297130 0.103306 39.360000
-0.308885 0.082796 39.360000
-0.320600 0.062264 39.360000
-0.332248 0.041693 39.360000
-0.343741 0.021035 39.360000
-0.354528 0.000000 39.360000
-0.343741 -0.021035 39.360000
-0.332248 -0.041693 39.360000
-0.320600 -0.062264 39.360000
-0.308885 -0.082796 39.360000
-0.297130 -0.103306 39.360000
-0.285349 -0.123801 39.360000
-0.273546 -0.144284 39.360000
-0.261726 -0.164756 39.360000
-0.249889 -0.185219 39.360000
-0.238031 -0.205669 39.360000
-0.226146 -0.226104 39.360000
-0.214222 -0.246516 39.360000
-0.202231 -0.266889 39.360000
-0.190088 -0.287171 39.360000
-0.177264 -0.307030 39.360000
-0.153654 -0.308206 39.360000
-0.130017 -0.308581 39.360000
-0.106378 -0.308779 39.360000
-0.082739 -0.308900 39.360000
-0.059099 -0.308975 39.360000
-0.035460 -0.309020 39.360000
-0.011820 -0.309040 39.360000
0.011820 -0.309040 39.360000
0.035460 -0.309020 39.360000
0.059099 -0.308975 39.360000
0.082739 -0.308900 39.360000
0.106378 -0.308779 39.360000
0.130017 -0.308581 39.360000
0.153654 -0.308206 39.360000
0.177264 -0.307030 39.360000
0.190088 -0.287171 39.360000
0.202231 -0.266889 39.360000
0.214222 -0.246516 39.360000
0.226146 -0.226104 39.360000
0.238031 -0.205669 39.360000
0.249889 -0.185219 39.360000
0.261726 -0.164756 39.360000
0.273546 -0.144284 39.360000
0.285349 -0.123801 39.360000
0.297130 -0.103306 39.360000
0.308885 -0.082796 39.360000
0.320600 -0.062264 39.360000
0.332248 -0.041693 39.360000
0.343741 -0.021035 39.360000
0.354528 0.000000 39.360000

