0.325667 0.000000 34.030000
0.315781 0.019335 34.030000
0.305233 0.038316 34.030000
0.294541 0.057217 34.030000
0.283785 0.076082 34.030000
0.272992 0.094925 34.030000
0.262173 0.113753 34.030000
0.251333 0.132570 34.030000
0.240475 0.151376 34.030000
0.229600 0.170172 34.030000
0.218704 0.188956 34.030000
0.207782 0.207724 34.030000
0.196822 0.226471 34.030000
0.185799 0.245181 34.030000
0.174635 0.263807 34.030000
0.162833 0.282036 34.030000
0.141146 0.283142 34.030000
0.119434 0.283498 34.030000
0.097719 0.283689 34.030000
0.076004 0.283806 34.030000
0.054289 0.283881 34.030000
0.032573 0.283925 34.030000
0.010858 0.283946 34.030000
-0.010858 0.283946 34.030000
-0.032573 0.283925 34.030000
-0.054289 0.283881 34.030000
-0.076004 0.283806 34.030000
-0.097719 0.283689 34.030000
-0.119434 0.283498 34.030000
-0.141146 0.283142 34.030000
-0.162833 0.282036 34.030000
-0.174635 0.263807 34.030000
-0.185799 0.245181 34.030000
-0.196822 0.226471 34.030000
-0.207782 0.207724 34.030000
-0.218704 0.188956 34.030000
-0.229600 0.170172 34.030000
-0.240475 0.151376 34.030000
-0.251333 0.132570 34.030000
-0.262173 0.113753 34.030000
-0.272992 0.094925 34.030000
-0.283785 0.076082 34.030000
-0.294541 0.057217 34.030000
-0.305233 0.038316 34.030000
-0.315781 0.019335 34.030000
-0.325667 0.000000 34.030000
-0.315781 -0.019335 34.030000
-0.305233 -0.038316 34.030000
-0.294541 -0.057217 34.030000
-0.283785 -0.076082 34.030000
-0.272992 -0.094925 34.030000
-0.262173 -0.113753 34.030000
-0.251333 -0.132570 34.030000
-0.240475 -0.151376 34.030000
-0.229600 -0.170172 34.030000
-0.218704 -0.188956 34.030000
-0.207782 -0.207724 34.030000
-0.196822 -0.226471 34.030000
-0.185799 -0.245181 34.030000
-0.174635 -0.263807 34.030000
-0.162833 -0.282036 34.030000
-0.141146 -0.283142 34.030000
-0.119434 -0.283498 34.030000
-0.097719 -0.283689 34.030000
-0.076004 -0.283806 34.030000
-0.054289 -0.283881 34.030000
-0.032573 -0.283925 34.030000
-0.010858 -0.283946 34.030000
0.010858 -0.283946 34.030000
0.032573 -0.283925 34.030000
0.054289 -0.283881 34.030000
0.076004 -0.283806 34.030000
0.097719 -0.283689 34.030000
0.119434 -0.283498 34.030000
0.141146 -0.283142 34.030000
0.162833 -0.282036 34.030000
0.174635 -0.263807 34.030000
0.185799 -0.245181 34.030000
0.196822 -0.226471 34.030000
0.207782 -0.207724 34.030000
0.218704 -0.188956 34.030000
0.229600 -0.170172 34.030000
0.240475 -0.151376 34.030000
0.251333 -0.132570 34.030000
0.262173 -0.113753 34.030000
0.272992 -0.094925 34.030000
0.283785 -0.076082 34.030000
0.294541 -0.057217 34.030000
0.305233 -0.038316 34.030000
0.315781 -0.019335 34.030000
0.325667 0.000000 34.030000

