0.218750 0.000000 16.790000
0.212173 0.013020 16.790000
0.205116 0.025786 16.790000
0.197953 0.038493 16.790000
0.190742 0.051173 16.790000
0.183503 0.063837 16.790000
0.176243 0.076489 16.790000
0.168965 0.089130 16.790000
0.161672 0.101763 16.790000
0.154363 0.114387 16.790000
0.147036 0.127000 16.790000
0.139689 0.139601 16.790000
0.132312 0.152186 16.790000
0.124889 0.164743 16.790000
0.117362 0.177237 16.790000
0.109375 0.189443 16.790000
0.094811 0.190257 16.790000
0.080227 0.190529 16.790000
0.065640 0.190679 16.790000
0.051054 0.190774 16.790000
0.036467 0.190837 16.790000
0.021880 0.190875 16.790000
0.007293 0.190894 16.790000
-0.007293 0.190894 16.790000
-0.021880 0.190875 16.790000
-0.036467 0.190837 16.790000
-0.051054 0.190774 16.790000
-0.065640 0.190679 16.790000
-0.080227 0.190529 16.790000
-0.094811 0.190257 16.790000
-0.109375 0.189443 16.790000
-0.117362 0.177237 16.790000
-0.124889 0.164743 16.790000
-0.132312 0.152186 16.790000
-0.139689 0.139601 16.790000
-0.147036 0.127000 16.790000
-0.154363 0.114387 16.790000
-0.161672 0.101763 16.790000
-0.168965 0.089130 16.790000
-0.176243 0.076489 16.790000
-0.183503 0.063837 16.790000
-0.190742 0.051173 16.790000
-0.197953 0.038493 16.790000
-0.205116 0.025786 16.790000
-0.212173 0.013020 16.790000
-0.218750 0.000000 16.790000
-0.212173 -0.013020 16.790000
-0.205116 -0.025786 16.790000
-0.197953 -0.038493 16.790000
-0.190742 -0.051173 16.790000
-0.183503 -0.063837 16.790000
-0.176243 -0.076489 16.790000
-0.168965 -0.089130 16.790000
-0.161672 -0.101763 16.790000
-0.154363 -0.114387 16.790000
-0.147036 -0.127000 16.790000
-0.139689 -0.139601 16.790000
-0.132312 -0.152186 16.790000
-0.124889 -0.164743 16.790000
-0.117362 -0.177237 16.790000
-0.109375 -0.189443 16.790000
-0.094811 -0.190257 16.790000
-0.080227 -0.190529 16.790000
-0.065640 -0.190679 16.790000
-0.051054 -0.190774 16.790000
-0.036467 -0.190837 16.790000
-0.021880 -0.190875 16.790000
-0.007293 -0.190894 16.790000
0.007293 -0.190894 16.790000
0.021880 -0.190875 16.790000
0.036467 -0.190837 16.790000
0.051054 -0.190774 16.790000
0.065640 -0.190679 16.790000
0.080227 -0.190529 16.790000
0.094811 -0.190257 16.790000
0.109375 -0.189443 16.790000
0.117362 -0.177237 16.790000
0.124889 -0.164743 16.790000
0.132312 -0.152186 16.790000
0.139689 -0.139601 16.790000
0.147036 -0.127000 16.790000
0.154363 -0.114387 16.790000
0.161672 -0.101763 16.790000
0.168965 -0.089130 16.790000
0.176243 -0.076489 16.790000
0.183503 -0.063837 16.790000
0.190742 -0.051173 16.790000
0.197953 -0.038493 16.790000
0.205116 -0.025786 16.790000
0.212173 -0.013020 16.790000
0.218750 0.000000 16.790000

