0.081776 -0.000000 1.780000
0.079353 0.004885 1.780000
0.076729 0.009666 1.780000
0.074060 0.014422 1.780000
0.071371 0.019166 1.780000
0.068669 0.023903 1.780000
0.065958 0.028635 1.780000
0.063238 0.033362 1.780000
0.060511 0.038085 1.780000
0.057777 0.042803 1.780000
0.055035 0.047517 1.780000
0.052284 0.052226 1.780000
0.049520 0.056927 1.780000
0.046736 0.061616 1.780000
0.043907 0.066279 1.780000
0.040888 0.070820 1.780000
0.035445 0.071164 1.780000
0.029993 0.071283 1.780000
0.024540 0.071349 1.780000
0.019087 0.071392 1.780000
0.013634 0.071421 1.780000
0.008180 0.071438 1.780000
0.002727 0.071447 1.780000
-0.002727 0.071447 1.780000
-0.008180 0.071438 1.780000
-0.013634 0.071421 1.780000
-0.019087 0.071392 1.780000
-0.024540 0.071349 1.780000
-0.029993 0.071283 1.780000
-0.035445 0.071164 1.780000
-0.040888 0.070820 1.780000
-0.043907 0.066279 1.780000
-0.046736 0.061616 1.780000
-0.049520 0.056927 1.780000
-0.052284 0.052226 1.780000
-0.055035 0.047517 1.780000
-0.057777 0.042803 1.780000
-0.060511 0.038085 1.780000
-0.063238 0.033362 1.780000
-0.065958 0.028635 1.780000
-0.068669 0.023903 1.780000
-0.071371 0.019166 1.780000
-0.074060 0.014422 1.780000
-0.076729 0.009666 1.780000
-0.079353 0.004885 1.780000
-0.081776 -0.000000 1.780000
-0.079353 -0.004885 1.780000
-0.076729 -0.009666 1.780000
-0.074060 -0.014422 1.780000
-0.071371 -0.019166 1.780000
-0.068669 -0.023903 1.780000
-0.065958 -0.028635 1.780000
-0.063238 -0.033362 1.780000
-0.060511 -0.038085 1.780000
-0.057777 -0.042803 1.780000
-0.055035 -0.047517 1.780000
-0.052284 -0.052226 1.780000
-0.049520 -0.056927 1.780000
-0.046736 -0.061616 1.780000
-0.043907 -0.066279 1.780000
-0.040888 -0.070820 1.780000
-0.035445 -0.071164 1.780000
-0.029993 -0.071283 1.780000
-0.024540 -0.071349 1.780000
-0.019087 -0.071392 1.780000
-0.013634 -0.071421 1.780000
-0.008180 -0.071438 1.780000
-0.002727 -0.071447 1.780000
0.002727 -0.071447 1.780000
0.008180 -0.071438 1.780000
0.013634 -0.071421 1.780000
0.019087 -0.071392 1.780000
0.024540 -0.071349 1.780000
0.029993 -0.071283 1.780000
0.035445 -0.071164 1.780000
0.040888 -0.070820 1.780000
0.043907 -0.066279 1.780000
0.046736 -0.061616 1.780000
0.049520 -0.056927 1.780000
0.052284 -0.052226 1.780000
0.055035 -0.047517 1.780000
0.057777 -0.042803 1.780000
0.060511 -0.038085 1.780000
0.063238 -0.033362 1.780000
0.065958 -0.028635 1.780000
0.068669 -0.023903 1.780000
0.071371 -0.019166 1.780000
0.074060 -0.014422 1.780000
0.076729 -0.009666 1.780000
0.079353 -0.004885 1.780000
0.081776 -0.000000 1.780000

