0.352835 0.000000 39.040000
0.342101 0.020936 39.040000
0.330663 0.041495 39.040000
0.319071 0.061968 39.040000
0.307412 0.082402 39.040000
0.295714 0.102815 39.040000
0.283989 0.123212 39.040000
0.272243 0.143596 39.040000
0.260480 0.163971 39.040000
0.248699 0.184336 39.040000
0.236897 0.204689 39.040000
0.225069 0.225026 39.040000
0.213201 0.245340 39.040000
0.201267 0.265615 39.040000
0.189181 0.285800 39.040000
0.176417 0.305564 39.040000
0.152920 0.306736 39.040000
0.129396 0.307109 39.040000
0.105870 0.307307 39.040000
0.082344 0.307428 39.040000
0.058817 0.307503 39.040000
0.035290 0.307547 39.040000
0.011763 0.307568 39.040000
-0.011763 0.307568 39.040000
-0.035290 0.307547 39.040000
-0.058817 0.307503 39.040000
-0.082344 0.307428 39.040000
-0.105870 0.307307 39.040000
-0.129396 0.307109 39.040000
-0.152920 0.306736 39.040000
-0.176417 0.305564 39.040000
-0.189181 0.285800 39.040000
-0.201267 0.265615 39.040000
-0.213201 0.245340 39.040000
-0.225069 0.225026 39.040000
-0.236897 0.204689 39.040000
-0.248699 0.184336 39.040000
-0.260480 0.163971 39.040000
-0.272243 0.143596 39.040000
-0.283989 0.123212 39.040000
-0.295714 0.102815 39.040000
-0.307412 0.082402 39.040000
-0.319071 0.061968 39.040000
-0.330663 0.041495 39.040000
-0.342101 0.020936 39.040000
-0.352835 0.000000 39.040000
-0.342101 -0.020936 39.040000
-0.330663 -0.041495 39.040000
-0.319071 -0.061968 39.040000
-0.307412 -0.082402 39.040000
-0.295714 -0.102815 39.040000
-0.283989 -0.123212 39.040000
-0.272243 -0.143596 39.040000
-0.260480 -0.163971 39.040000
-0.248699 -0.184336 39.040000
-0.236897 -0.204689 39.040000
-0.225069 -0.225026 39.040000
-0.213201 -0.245340 39.040000
-0.201267 -0.265615 39.040000
-0.189181 -0.285800 39.040000
-0.176417 -0.305564 39.040000
-0.152920 -0.306736 39.040000
-0.129396 -0.307109 39.040000
-0.105870 -0.307307 39.040000
-0.082344 -0.307428 39.040000
-0.058817 -0.307503 39.040000
-0.035290 -0.307547 39.040000
-0.011763 -0.307568 39.040000
0.011763 -0.307568 39.040000
0.035290 -0.307547 39.040000
0.058817 -0.307503 39.040000
0.082344 -0.307428 39.040000
0.105870 -0.307307 39.040000
0.129396 -0.307109 39.040000
0.152920 -0.306736 39.040000
0.176417 -0.305564 39.040000
0.189181 -0.285800 39.040000
0.201267 -0.265615 39.040000
0.213201 -0.245340 39.040000
0.225069 -0.225026 39.040000
0.236897 -0.204689 39.040000
0.248699 -0.184336 39.040000
0.260480 -0.163971 39.040000
0.272243 -0.143596 39.040000
0.283989 -0.123212 39.040000
0.295714 -0.102815 39.040000
0.307412 -0.082402 39.040000
0.319071 -0.061968 39.040000
0.330663 -0.041495 39.040000
0.342101 -0.020936 39.040000
0.352835 0.000000 39.040000

