0.253691 0.000000 21.960000
0.246038 0.015087 21.960000
0.237843 0.029885 21.960000
0.229528 0.044618 21.960000
0.221161 0.059320 21.960000
0.212762 0.074004 21.960000
0.204339 0.088675 21.960000
0.195898 0.103335 21.960000
0.187439 0.117985 21.960000
0.178964 0.132625 21.960000
0.170470 0.147255 21.960000
0.161953 0.161871 21.960000
0.153404 0.176468 21.960000
0.144803 0.191035 21.960000
0.136084 0.205532 21.960000
0.126845 0.219703 21.960000
0.109954 0.220618 21.960000
0.093040 0.220921 21.960000
0.076124 0.221086 21.960000
0.059208 0.221191 21.960000
0.042291 0.221259 21.960000
0.025375 0.221300 21.960000
0.008458 0.221320 21.960000
-0.008458 0.221320 21.960000
-0.025375 0.221300 21.960000
-0.042291 0.221259 21.960000
-0.059208 0.221191 21.960000
-0.076124 0.221086 21.960000
-0.093040 0.220921 21.960000
-0.109954 0.220618 21.960000
-0.126845 0.219703 21.960000
-0.136084 0.205532 21.960000
-0.144803 0.191035 21.960000
-0.153404 0.176468 21.960000
-0.161953 0.161871 21.960000
-0.170470 0.147255 21.960000
-0.178964 0.132625 21.960000
-0.187439 0.117985 21.960000
-0.195898 0.103335 21.960000
-0.204339 0.088675 21.960000
-0.212762 0.074004 21.960000
-0.221161 0.059320 21.960000
-0.229528 0.044618 21.960000
-0.237843 0.029885 21.960000
-0.246038 0.015087 21.960000
-0.253691 0.000000 21.960000
-0.246038 -0.015087 21.960000
-0.237843 -0.029885 21.960000
-0.229528 -0.044618 21.960000
-0.221161 -0.059320 21.960000
-0.212762 -0.074004 21.960000
-0.204339 -0.088675 21.960000
-0.195898 -0.103335 21.960000
-0.187439 -0.117985 21.960000
-0.178964 -0.132625 21.960000
-0.170470 -0.147255 21.960000
-0.161953 -0.161871 21.960000
-0.153404 -0.176468 21.960000
-0.144803 -0.191035 21.960000
-0.136084 -0.205532 21.960000
-0.126845 -0.219703 21.960000
-0.109954 -0.220618 21.960000
-0.093040 -0.220921 21.960000
-0.076124 -0.221086 21.960000
-0.059208 -0.221191 21.960000
-0.042291 -0.221259 21.960000
-0.025375 -0.221300 21.960000
-0.008458 -0.221320 21.960000
0.008458 -0.221320 21.960000
0.025375 -0.221300 21.960000
0.042291 -0.221259 21.960000
0.059208 -0.221191 21.960000
0.076124 -0.221086 21.960000
0.093040 -0.220921 21.960000
0.109954 -0.220618 21.960000
0.126845 -0.219703 21.960000
0.136084 -0.205532 21.960000
0.144803 -0.191035 21.960000
0.153404 -0.176468 21.960000
0.161953 -0.161871 21.960000
0.170470 -0.147255 21.960000
0.178964 -0.132625 21.960000
0.187439 -0.117985 21.960000
0.195898 -0.103335 21.960000
0.204339 -0.088675 21.960000
0.212762 -0.074004 21.960000
0.221161 -0.059320 21.960000
0.229528 -0.044618 21.960000
0.237843 -0.029885 21.960000
0.246038 -0.015087 21.960000
0.253691 0.000000 21.960000

