0.167827 0.000000 10.160000
0.162807 0.010002 10.160000
0.157404 0.019803 10.160000
0.151915 0.029556 10.160000
0.146388 0.039288 10.160000
0.140838 0.049006 10.160000
0.135270 0.058714 10.160000
0.129688 0.068414 10.160000
0.124092 0.078106 10.160000
0.118483 0.087790 10.160000
0.112859 0.097466 10.160000
0.107218 0.107132 10.160000
0.101554 0.116784 10.160000
0.095852 0.126414 10.160000
0.090066 0.135994 10.160000
0.083914 0.145343 10.160000
0.072741 0.145996 10.160000
0.061552 0.146217 10.160000
0.050361 0.146341 10.160000
0.039170 0.146420 10.160000
0.027979 0.146472 10.160000
0.016787 0.146504 10.160000
0.005596 0.146520 10.160000
-0.005596 0.146520 10.160000
-0.016787 0.146504 10.160000
-0.027979 0.146472 10.160000
-0.039170 0.146420 10.160000
-0.050361 0.146341 10.160000
-0.061552 0.146217 10.160000
-0.072741 0.145996 10.160000
-0.083914 0.145343 10.160000
-0.090066 0.135994 10.160000
-0.095852 0.126414 10.160000
-0.101554 0.116784 10.160000
-0.107218 0.107132 10.160000
-0.112859 0.097466 10.160000
-0.118483 0.087790 10.160000
-0.124092 0.078106 10.160000
-0.129688 0.068414 10.160000
-0.135270 0.058714 10.160000
-0.140838 0.049006 10.160000
-0.146388 0.039288 10.160000
-0.151915 0.029556 10.160000
-0.157404 0.019803 10.160000
-0.162807 0.010002 10.160000
-0.167827 0.000000 10.160000
-0.162807 -0.010002 10.160000
-0.157404 -0.019803 10.160000
-0.151915 -0.029556 10.160000
-0.146388 -0.039288 10.160000
-0.140838 -0.049006 10.160000
-0.135270 -0.058714 10.160000
-0.129688 -0.068414 10.160000
-0.124092 -0.078106 10.160000
-0.118483 -0.087790 10.160000
-0.112859 -0.097466 10.160000
-0.107218 -0.107132 10.160000
-0.101554 -0.116784 10.160000
-0.095852 -0.126414 10.160000
-0.090066 -0.135994 10.160000
-0.083914 -0.145343 10.160000
-0.072741 -0.145996 10.160000
-0.061552 -0.146217 10.160000
-0.050361 -0.146341 10.160000
-0.039170 -0.146420 10.160000
-0.027979 -0.146472 10.160000
-0.016787 -0.146504 10.160000
-0.005596 -0.146520 10.160000
0.005596 -0.146520 10.160000
0.016787 -0.146504 10.160000
0.027979 -0.146472 10.160000
0.039170 -0.146420 10.160000
0.050361 -0.146341 10.160000
0.061552 -0.146217 10.160000
0.072741 -0.145996 10.160000
0.083914 -0.145343 10.160000
0.090066 -0.135994 10.160000
0.095852 -0.126414 10.160000
0.101554 -0.116784 10.160000
0.107218 -0.107132 10.160000
0.112859 -0.097466 10.160000
0.118483 -0.087790 10.160000
0.124092 -0.078106 10.160000
0.129688 -0.068414 10.160000
0.135270 -0.058714 10.160000
0.140838 -0.049006 10.160000
0.146388 -0.039288 10.160000
0.151915 -0.029556 10.160000
0.157404 -0.019803 10.160000
0.162807 -0.010002 10.160000
0.167827 0.000000 10.160000

