0.303033 0.000000 30.040000
0.293851 0.018000 30.040000
0.284045 0.035667 30.040000
0.274101 0.053257 30.040000
0.264097 0.070814 30.040000
0.254057 0.088349 30.040000
0.243992 0.105870 30.040000
0.233907 0.123380 30.040000
0.223804 0.140879 30.040000
0.213682 0.158368 30.040000
0.203541 0.175845 30.040000
0.193375 0.193308 30.040000
0.183173 0.210750 30.040000
0.172911 0.228156 30.040000
0.162514 0.245483 30.040000
0.151516 0.262434 30.040000
0.131337 0.263483 30.040000
0.111134 0.263823 30.040000
0.090928 0.264007 30.040000
0.070722 0.264122 30.040000
0.050516 0.264195 30.040000
0.030310 0.264239 30.040000
0.010103 0.264259 30.040000
-0.010103 0.264259 30.040000
-0.030310 0.264239 30.040000
-0.050516 0.264195 30.040000
-0.070722 0.264122 30.040000
-0.090928 0.264007 30.040000
-0.111134 0.263823 30.040000
-0.131337 0.263483 30.040000
-0.151516 0.262434 30.040000
-0.162514 0.245483 30.040000
-0.172911 0.228156 30.040000
-0.183173 0.210750 30.040000
-0.193375 0.193308 30.040000
-0.203541 0.175845 30.040000
-0.213682 0.158368 30.040000
-0.223804 0.140879 30.040000
-0.233907 0.123380 30.040000
-0.243992 0.105870 30.040000
-0.254057 0.088349 30.040000
-0.264097 0.070814 30.040000
-0.274101 0.053257 30.040000
-0.284045 0.035667 30.040000
-0.293851 0.018000 30.040000
-0.303033 0.000000 30.040000
-0.293851 -0.018000 30.040000
-0.284045 -0.035667 30.040000
-0.274101 -0.053257 30.040000
-0.264097 -0.070814 30.040000
-0.254057 -0.088349 30.040000
-0.243992 -0.105870 30.040000
-0.233907 -0.123380 30.040000
-0.223804 -0.140879 30.040000
-0.213682 -0.158368 30.040000
-0.203541 -0.175845 30.040000
-0.193375 -0.193308 30.040000
-0.183173 -0.210750 30.040000
-0.172911 -0.228156 30.040000
-0.162514 -0.245483 30.040000
-0.151516 -0.262434 30.040000
-0.131337 -0.263483 30.040000
-0.111134 -0.263823 30.040000
-0.090928 -0.264007 30.040000
-0.070722 -0.264122 30.040000
-0.050516 -0.264195 30.040000
-0.030310 -0.264239 30.040000
-0.010103 -0.264259 30.040000
0.010103 -0.264259 30.040000
0.030310 -0.264239 30.040000
0.050516 -0.264195 30.040000
0.070722 -0.264122 30.040000
0.090928 -0.264007 30.040000
0.111134 -0.263823 30.040000
0.131337 -0.263483 30.040000
0.151516 -0.262434 30.040000
0.162514 -0.245483 30.040000
0.172911 -0.228156 30.040000
0.183173 -0.210750 30.040000
0.193375 -0.193308 30.040000
0.203541 -0.175845 30.040000
0.213682 -0.158368 30.040000
0.223804 -0.140879 30.040000
0.233907 -0.123380 30.040000
0.243992 -0.105870 30.040000
0.254057 -0.088349 30.040000
0.264097 -0.070814 30.040000
0.274101 -0.053257 30.040000
0.284045 -0.035667 30.040000
0.293851 -0.018000 30.040000
0.303033 0.000000 30.040000

