0.273325 0.000000 25.070000
0.265065 0.016246 25.070000
0.256229 0.032187 25.070000
0.247267 0.048057 25.070000
0.238248 0.063895 25.070000
0.229197 0.079714 25.070000
0.220121 0.095519 25.070000
0.211025 0.111313 25.070000
0.201913 0.127097 25.070000
0.192782 0.142871 25.070000
0.183633 0.158633 25.070000
0.174459 0.174382 25.070000
0.165252 0.190111 25.070000
0.155989 0.205807 25.070000
0.146602 0.221430 25.070000
0.136662 0.236706 25.070000
0.118463 0.237676 25.070000
0.100240 0.237994 25.070000
0.082015 0.238168 25.070000
0.063790 0.238277 25.070000
0.045564 0.238347 25.070000
0.027338 0.238390 25.070000
0.009113 0.238410 25.070000
-0.009113 0.238410 25.070000
-0.027338 0.238390 25.070000
-0.045564 0.238347 25.070000
-0.063790 0.238277 25.070000
-0.082015 0.238168 25.070000
-0.100240 0.237994 25.070000
-0.118463 0.237676 25.070000
-0.136662 0.236706 25.070000
-0.146602 0.221430 25.070000
-0.155989 0.205807 25.070000
-0.165252 0.190111 25.070000
-0.174459 0.174382 25.070000
-0.183633 0.158633 25.070000
-0.192782 0.142871 25.070000
-0.201913 0.127097 25.070000
-0.211025 0.111313 25.070000
-0.220121 0.095519 25.070000
-0.229197 0.079714 25.070000
-0.238248 0.063895 25.070000
-0.247267 0.048057 25.070000
-0.256229 0.032187 25.070000
-0.265065 0.016246 25.070000
-0.273325 0.000000 25.070000
-0.265065 -0.016246 25.070000
-0.256229 -0.032187 25.070000
-0.247267 -0.048057 25.070000
-0.238248 -0.063895 25.070000
-0.229197 -0.079714 25.070000
-0.220121 -0.095519 25.070000
-0.211025 -0.111313 25.070000
-0.201913 -0.127097 25.070000
-0.192782 -0.142871 25.070000
-0.183633 -0.158633 25.070000
-0.174459 -0.174382 25.070000
-0.165252 -0.190111 25.070000
-0.155989 -0.205807 25.070000
-0.146602 -0.221430 25.070000
-0.136662 -0.236706 25.070000
-0.118463 -0.237676 25.070000
-0.100240 -0.237994 25.070000
-0.082015 -0.238168 25.070000
-0.063790 -0.238277 25.070000
-0.045564 -0.238347 25.070000
-0.027338 -0.238390 25.070000
-0.009113 -0.238410 25.070000
0.009113 -0.238410 25.070000
0.027338 -0.238390 25.070000
0.045564 -0.238347 25.070000
0.063790 -0.238277 25.070000
0.082015 -0.238168 25.070000
0.100240 -0.237994 25.070000
0.118463 -0.237676 25.070000
0.136662 -0.236706 25.070000
0.146602 -0.221430 25.070000
0.155989 -0.205807 25.070000
0.165252 -0.190111 25.070000
0.174459 -0.174382 25.070000
0.183633 -0.158633 25.070000
0.192782 -0.142871 25.070000
0.201913 -0.127097 25.070000
0.211025 -0.111313 25.070000
0.220121 -0.095519 25.070000
0.229197 -0.079714 25.070000
0.238248 -0.063895 25.070000
0.247267 -0.048057 25.070000
0.256229 -0.032187 25.070000
0.265065 -0.016246 25.070000
0.273325 0.000000 25.070000

