0.157617 0.000000 8.970000
0.152908 0.009396 8.970000
0.147835 0.018602 8.970000
0.142682 0.027763 8.970000
0.137492 0.036903 8.970000
0.132280 0.046030 8.970000
0.127051 0.055148 8.970000
0.121808 0.064258 8.970000
0.116553 0.073360 8.970000
0.111285 0.082455 8.970000
0.106003 0.091543 8.970000
0.100705 0.100620 8.970000
0.095384 0.109685 8.970000
0.090028 0.118728 8.970000
0.084591 0.127724 8.970000
0.078809 0.136500 8.970000
0.068316 0.137120 8.970000
0.057808 0.137330 8.970000
0.047298 0.137447 8.970000
0.036787 0.137523 8.970000
0.026277 0.137573 8.970000
0.015766 0.137603 8.970000
0.005255 0.137618 8.970000
-0.005255 0.137618 8.970000
-0.015766 0.137603 8.970000
-0.026277 0.137573 8.970000
-0.036787 0.137523 8.970000
-0.047298 0.137447 8.970000
-0.057808 0.137330 8.970000
-0.068316 0.137120 8.970000
-0.078809 0.136500 8.970000
-0.084591 0.127724 8.970000
-0.090028 0.118728 8.970000
-0.095384 0.109685 8.970000
-0.100705 0.100620 8.970000
-0.106003 0.091543 8.970000
-0.111285 0.082455 8.970000
-0.116553 0.073360 8.970000
-0.121808 0.064258 8.970000
-0.127051 0.055148 8.970000
-0.132280 0.046030 8.970000
-0.137492 0.036903 8.970000
-0.142682 0.027763 8.970000
-0.147835 0.018602 8.970000
-0.152908 0.009396 8.970000
-0.157617 -0.000000 8.970000
-0.152908 -0.009396 8.970000
-0.147835 -0.018602 8.970000
-0.142682 -0.027763 8.970000
-0.137492 -0.036903 8.970000
-0.132280 -0.046030 8.970000
-0.127051 -0.055148 8.970000
-0.121808 -0.064258 8.970000
-0.116553 -0.073360 8.970000
-0.111285 -0.082455 8.970000
-0.106003 -0.091543 8.970000
-0.100705 -0.100620 8.970000
-0.095384 -0.109685 8.970000
-0.090028 -0.118728 8.970000
-0.084591 -0.127724 8.970000
-0.078809 -0.136500 8.970000
-0.068316 -0.137120 8.970000
-0.057808 -0.137330 8.970000
-0.047298 -0.137447 8.970000
-0.036787 -0.137523 8.970000
-0.026277 -0.137573 8.970000
-0.015766 -0.137603 8.970000
-0.005255 -0.137618 8.970000
0.005255 -0.137618 8.970000
0.015766 -0.137603 8.970000
0.026277 -0.137573 8.970000
0.036787 -0.137523 8.970000
0.047298 -0.137447 8.970000
0.057808 -0.137330 8.970000
0.068316 -0.137120 8.970000
0.078809 -0.136500 8.970000
0.084591 -0.127724 8.970000
0.090028 -0.118728 8.970000
0.095384 -0.109685 8.970000
0.100705 -0.100620 8.970000
0.106003 -0.091543 8.970000
0.111285 -0.082455 8.970000
0.116553 -0.073360 8.970000
0.121808 -0.064258 8.970000
0.127051 -0.055148 8.970000
0.132280 -0.046030 8.970000
0.137492 -0.036903 8.970000
0.142682 -0.027763 8.970000
0.147835 -0.018602 8.970000
0.152908 -0.009396 8.970000
0.157617 0.000000 8.970000

