0.259020 0.000000 22.790000
0.251203 0.015401 22.790000
0.242834 0.030510 22.790000
0.234343 0.045551 22.790000
0.225799 0.060562 22.790000
0.217223 0.075554 22.790000
0.208623 0.090533 22.790000
0.200004 0.105501 22.790000
0.191368 0.120459 22.790000
0.182715 0.135407 22.790000
0.174043 0.150344 22.790000
0.165348 0.165267 22.790000
0.156620 0.180172 22.790000
0.147839 0.195045 22.790000
0.138939 0.209847 22.790000
0.129510 0.224318 22.790000
0.112263 0.225249 22.790000
0.094994 0.225555 22.790000
0.077723 0.225723 22.790000
0.060451 0.225829 22.790000
0.043180 0.225898 22.790000
0.025908 0.225939 22.790000
0.008636 0.225959 22.790000
-0.008636 0.225959 22.790000
-0.025908 0.225939 22.790000
-0.043180 0.225898 22.790000
-0.060451 0.225829 22.790000
-0.077723 0.225723 22.790000
-0.094994 0.225555 22.790000
-0.112263 0.225249 22.790000
-0.129510 0.224318 22.790000
-0.138939 0.209847 22.790000
-0.147839 0.195045 22.790000
-0.156620 0.180172 22.790000
-0.165348 0.165267 22.790000
-0.174043 0.150344 22.790000
-0.182715 0.135407 22.790000
-0.191368 0.120459 22.790000
-0.200004 0.105501 22.790000
-0.208623 0.090533 22.790000
-0.217223 0.075554 22.790000
-0.225799 0.060562 22.790000
-0.234343 0.045551 22.790000
-0.242834 0.030510 22.790000
-0.251203 0.015401 22.790000
-0.259020 0.000000 22.790000
-0.251203 -0.015401 22.790000
-0.242834 -0.030510 22.790000
-0.234343 -0.045551 22.790000
-0.225799 -0.060562 22.790000
-0.217223 -0.075554 22.790000
-0.208623 -0.090533 22.790000
-0.200004 -0.105501 22.790000
-0.191368 -0.120459 22.790000
-0.182715 -0.135407 22.790000
-0.174043 -0.150344 22.790000
-0.165348 -0.165267 22.790000
-0.156620 -0.180172 22.790000
-0.147839 -0.195045 22.790000
-0.138939 -0.209847 22.790000
-0.129510 -0.224318 22.790000
-0.112263 -0.225249 22.790000
-0.094994 -0.225555 22.790000
-0.077723 -0.225723 22.790000
-0.060451 -0.225829 22.790000
-0.043180 -0.225898 22.790000
-0.025908 -0.225939 22.790000
-0.008636 -0.225959 22.790000
0.008636 -0.225959 22.790000
0.025908 -0.225939 22.790000
0.043180 -0.225898 22.790000
0.060451 -0.225829 22.790000
0.077723 -0.225723 22.790000
0.094994 -0.225555 22.790000
0.112263 -0.225249 22.790000
0.129510 -0.224318 22.790000
0.138939 -0.209847 22.790000
0.147839 -0.195045 22.790000
0.156620 -0.180172 22.790000
0.165348 -0.165267 22.790000
0.174043 -0.150344 22.790000
0.182715 -0.135407 22.790000
0.191368 -0.120459 22.790000
0.200004 -0.105501 22.790000
0.208623 -0.090533 22.790000
0.217223 -0.075554 22.790000
0.225799 -0.060562 22.790000
0.234343 -0.045551 22.790000
0.242834 -0.030510 22.790000
0.251203 -0.015401 22.790000
0.259020 0.000000 22.790000

