0.330092 0.000000 34.830000
0.320069 0.019596 34.830000
0.309376 0.038834 34.830000
0.298537 0.057991 34.830000
0.287635 0.077112 34.830000
0.276694 0.096211 34.830000
0.265727 0.115294 34.830000
0.254740 0.134366 34.830000
0.243735 0.153428 34.830000
0.232711 0.172479 34.830000
0.221668 0.191519 34.830000
0.210598 0.210543 34.830000
0.199490 0.229545 34.830000
0.188319 0.248510 34.830000
0.177005 0.267390 34.830000
0.165046 0.285868 34.830000
0.143064 0.286985 34.830000
0.121056 0.287344 34.830000
0.099047 0.287536 34.830000
0.077037 0.287655 34.830000
0.055026 0.287729 34.830000
0.033016 0.287774 34.830000
0.011005 0.287794 34.830000
-0.011005 0.287794 34.830000
-0.033016 0.287774 34.830000
-0.055026 0.287729 34.830000
-0.077037 0.287655 34.830000
-0.099047 0.287536 34.830000
-0.121056 0.287344 34.830000
-0.143064 0.286985 34.830000
-0.165046 0.285868 34.830000
-0.177005 0.267390 34.830000
-0.188319 0.248510 34.830000
-0.199490 0.229545 34.830000
-0.210598 0.210543 34.830000
-0.221668 0.191519 34.830000
-0.232711 0.172479 34.830000
-0.243735 0.153428 34.830000
-0.254740 0.134366 34.830000
-0.265727 0.115294 34.830000
-0.276694 0.096211 34.830000
-0.287635 0.077112 34.830000
-0.298537 0.057991 34.830000
-0.309376 0.038834 34.830000
-0.320069 0.019596 34.830000
-0.330092 0.000000 34.830000
-0.320069 -0.019596 34.830000
-0.309376 -0.038834 34.830000
-0.298537 -0.057991 34.830000
-0.287635 -0.077112 34.830000
-0.276694 -0.096211 34.830000
-0.265727 -0.115294 34.830000
-0.254740 -0.134366 34.830000
-0.243735 -0.153428 34.830000
-0.232711 -0.172479 34.830000
-0.221668 -0.191519 34.830000
-0.210598 -0.210543 34.830000
-0.199490 -0.229545 34.830000
-0.188319 -0.248510 34.830000
-0.177005 -0.267390 34.830000
-0.165046 -0.285868 34.830000
-0.143064 -0.286985 34.830000
-0.121056 -0.287344 34.830000
-0.099047 -0.287536 34.830000
-0.077037 -0.287655 34.830000
-0.055026 -0.287729 34.830000
-0.033016 -0.287774 34.830000
-0.011005 -0.287794 34.830000
0.011005 -0.287794 34.830000
0.033016 -0.287774 34.830000
0.055026 -0.287729 34.830000
0.077037 -0.287655 34.830000
0.099047 -0.287536 34.830000
0.121056 -0.287344 34.830000
0.143064 -0.286985 34.830000
0.165046 -0.285868 34.830000
0.177005 -0.267390 34.830000
0.188319 -0.248510 34.830000
0.199490 -0.229545 34.830000
0.210598 -0.210543 34.830000
0.221668 -0.191519 34.830000
0.232711 -0.172479 34.830000
0.243735 -0.153428 34.830000
0.254740 -0.134366 34.830000
0.265727 -0.115294 34.830000
0.276694 -0.096211 34.830000
0.287635 -0.077112 34.830000
0.298537 -0.057991 34.830000
0.309376 -0.038834 34.830000
0.320069 -0.019596 34.830000
0.330092 0.000000 34.830000

