0.270973 0.000000 24.690000
0.262786 0.016108 24.690000
0.254027 0.031911 24.690000
0.245142 0.047645 24.690000
0.236202 0.063347 24.690000
0.227228 0.079030 24.690000
0.218231 0.094699 24.690000
0.209214 0.110357 24.690000
0.200179 0.126006 24.690000
0.191127 0.141644 24.690000
0.182056 0.157270 24.690000
0.172961 0.172883 24.690000
0.163833 0.188477 24.690000
0.154649 0.204038 24.690000
0.145343 0.219526 24.690000
0.135487 0.234670 24.690000
0.117443 0.235633 24.690000
0.099377 0.235949 24.690000
0.081309 0.236122 24.690000
0.063241 0.236230 24.690000
0.045172 0.236300 24.690000
0.027103 0.236343 24.690000
0.009034 0.236363 24.690000
-0.009034 0.236363 24.690000
-0.027103 0.236343 24.690000
-0.045172 0.236300 24.690000
-0.063241 0.236230 24.690000
-0.081309 0.236122 24.690000
-0.099377 0.235949 24.690000
-0.117443 0.235633 24.690000
-0.135487 0.234670 24.690000
-0.145343 0.219526 24.690000
-0.154649 0.204038 24.690000
-0.163833 0.188477 24.690000
-0.172961 0.172883 24.690000
-0.182056 0.157270 24.690000
-0.191127 0.141644 24.690000
-0.200179 0.126006 24.690000
-0.209214 0.110357 24.690000
-0.218231 0.094699 24.690000
-0.227228 0.079030 24.690000
-0.236202 0.063347 24.690000
-0.245142 0.047645 24.690000
-0.254027 0.031911 24.690000
-0.262786 0.016108 24.690000
-0.270973 0.000000 24.690000
-0.262786 -0.016108 24.690000
-0.254027 -0.031911 24.690000
-0.245142 -0.047645 24.690000
-0.236202 -0.063347 24.690000
-0.227228 -0.079030 24.690000
-0.218231 -0.094699 24.690000
-0.209214 -0.110357 24.690000
-0.200179 -0.126006 24.690000
-0.191127 -0.141644 24.690000
-0.182056 -0.157270 24.690000
-0.172961 -0.172883 24.690000
-0.163833 -0.188477 24.690000
-0.154649 -0.204038 24.690000
-0.145343 -0.219526 24.690000
-0.135487 -0.234670 24.690000
-0.117443 -0.235633 24.690000
-0.099377 -0.235949 24.690000
-0.081309 -0.236122 24.690000
-0.063241 -0.236230 24.690000
-0.045172 -0.236300 24.690000
-0.027103 -0.236343 24.690000
-0.009034 -0.236363 24.690000
0.009034 -0.236363 24.690000
0.027103 -0.236343 24.690000
0.045172 -0.236300 24.690000
0.063241 -0.236230 24.690000
0.081309 -0.236122 24.690000
0.099377 -0.235949 24.690000
0.117443 -0.235633 24.690000
0.135487 -0.234670 24.690000
0.145343 -0.219526 24.690000
0.154649 -0.204038 24.690000
0.163833 -0.188477 24.690000
0.172961 -0.172883 24.690000
0.182056 -0.157270 24.690000
0.191127 -0.141644 24.690000
0.200179 -0.126006 24.690000
0.209214 -0.110357 24.690000
0.218231 -0.094699 24.690000
0.227228 -0.079030 24.690000
0.236202 -0.063347 24.690000
0.245142 -0.047645 24.690000
0.254027 -0.031911 24.690000
0.262786 -0.016108 24.690000
0.270973 0.000000 24.690000

