0.127065 -0.000000 5.710000
0.123281 0.007582 5.710000
0.119197 0.015006 5.710000
0.115046 0.022393 5.710000
0.110864 0.029762 5.710000
0.106664 0.037121 5.710000
0.102449 0.044473 5.710000
0.098223 0.051817 5.710000
0.093987 0.059155 5.710000
0.089739 0.066487 5.710000
0.085480 0.073813 5.710000
0.081207 0.081130 5.710000
0.076915 0.088436 5.710000
0.072594 0.095725 5.710000
0.068206 0.102974 5.710000
0.063533 0.110042 5.710000
0.055075 0.110555 5.710000
0.046603 0.110731 5.710000
0.038130 0.110829 5.710000
0.029657 0.110892 5.710000
0.021184 0.110934 5.710000
0.012710 0.110960 5.710000
0.004237 0.110972 5.710000
-0.004237 0.110972 5.710000
-0.012710 0.110960 5.710000
-0.021184 0.110934 5.710000
-0.029657 0.110892 5.710000
-0.038130 0.110829 5.710000
-0.046603 0.110731 5.710000
-0.055075 0.110555 5.710000
-0.063533 0.110042 5.710000
-0.068206 0.102974 5.710000
-0.072594 0.095725 5.710000
-0.076915 0.088436 5.710000
-0.081207 0.081130 5.710000
-0.085480 0.073813 5.710000
-0.089739 0.066487 5.710000
-0.093987 0.059155 5.710000
-0.098223 0.051817 5.710000
-0.102449 0.044473 5.710000
-0.106664 0.037121 5.710000
-0.110864 0.029762 5.710000
-0.115046 0.022393 5.710000
-0.119197 0.015006 5.710000
-0.123281 0.007582 5.710000
-0.127065 -0.000000 5.710000
-0.123281 -0.007582 5.710000
-0.119197 -0.015006 5.710000
-0.115046 -0.022393 5.710000
-0.110864 -0.029762 5.710000
-0.106664 -0.037121 5.710000
-0.102449 -0.044473 5.710000
-0.098223 -0.051817 5.710000
-0.093987 -0.059155 5.710000
-0.089739 -0.066487 5.710000
-0.085480 -0.073813 5.710000
-0.081207 -0.081130 5.710000
-0.076915 -0.088436 5.710000
-0.072594 -0.095725 5.710000
-0.068206 -0.102974 5.710000
-0.063533 -0.110042 5.710000
-0.055075 -0.110555 5.710000
-0.046603 -0.110731 5.710000
-0.038130 -0.110829 5.710000
-0.029657 -0.110892 5.710000
-0.021184 -0.110934 5.710000
-0.012710 -0.110960 5.710000
-0.004237 -0.110972 5.710000
0.004237 -0.110972 5.710000
0.012710 -0.110960 5.710000
0.021184 -0.110934 5.710000
0.029657 -0.110892 5.710000
0.038130 -0.110829 5.710000
0.046603 -0.110731 5.710000
0.055075 -0.110555 5.710000
0.063533 -0.110042 5.710000
0.068206 -0.102974 5.710000
0.072594 -0.095725 5.710000
0.076915 -0.088436 5.710000
0.081207 -0.081130 5.710000
0.085480 -0.073813 5.710000
0.089739 -0.066487 5.710000
0.093987 -0.059155 5.710000
0.098223 -0.051817 5.710000
0.102449 -0.044473 5.710000
0.106664 -0.037121 5.710000
0.110864 -0.029762 5.710000
0.115046 -0.022393 5.710000
0.119197 -0.015006 5.710000
0.123281 -0.007582 5.710000
0.127065 -0.000000 5.710000

