0.406062 0.000000 49.510000
0.393660 0.024068 49.510000
0.380473 0.047715 49.510000
0.367117 0.071267 49.510000
0.353685 0.094776 49.510000
0.340212 0.118261 49.510000
0.326710 0.141730 49.510000
0.313188 0.165187 49.510000
0.299651 0.188635 49.510000
0.286097 0.212074 49.510000
0.272523 0.235501 49.510000
0.258921 0.258912 49.510000
0.245277 0.282299 49.510000
0.231559 0.305642 49.510000
0.217673 0.328885 49.510000
0.203031 0.351660 49.510000
0.175986 0.352953 49.510000
0.148914 0.353357 49.510000
0.121839 0.353566 49.510000
0.094764 0.353689 49.510000
0.067689 0.353763 49.510000
0.040613 0.353804 49.510000
0.013538 0.353823 49.510000
-0.013538 0.353823 49.510000
-0.040613 0.353804 49.510000
-0.067689 0.353763 49.510000
-0.094764 0.353689 49.510000
-0.121839 0.353566 49.510000
-0.148914 0.353357 49.510000
-0.175986 0.352953 49.510000
-0.203031 0.351660 49.510000
-0.217673 0.328885 49.510000
-0.231559 0.305642 49.510000
-0.245277 0.282299 49.510000
-0.258921 0.258912 49.510000
-0.272523 0.235501 49.510000
-0.286097 0.212074 49.510000
-0.299651 0.188635 49.510000
-0.313188 0.165187 49.510000
-0.326710 0.141730 49.510000
-0.340212 0.118261 49.510000
-0.353685 0.094776 49.510000
-0.367117 0.071267 49.510000
-0.380473 0.047715 49.510000
-0.393660 0.024068 49.510000
-0.406062 0.000000 49.510000
-0.393660 -0.024068 49.510000
-0.380473 -0.047715 49.510000
-0.367117 -0.071267 49.510000
-0.353685 -0.094776 49.510000
-0.340212 -0.118261 49.510000
-0.326710 -0.141730 49.510000
-0.313188 -0.165187 49.510000
-0.299651 -0.188635 49.510000
-0.286097 -0.212074 49.510000
-0.272523 -0.235501 49.510000
-0.258921 -0.258912 49.510000
-0.245277 -0.282299 49.510000
-0.231559 -0.305642 49.510000
-0.217673 -0.328885 49.510000
-0.203031 -0.351660 49.510000
-0.175986 -0.352953 49.510000
-0.148914 -0.353357 49.510000
-0.121839 -0.353566 49.510000
-0.094764 -0.353689 49.510000
-0.067689 -0.353763 49.510000
-0.040613 -0.353804 49.510000
-0.013538 -0.353823 49.510000
0.013538 -0.353823 49.510000
0.040613 -0.353804 49.510000
0.067689 -0.353763 49.510000
0.094764 -0.353689 49.510000
0.121839 -0.353566 49.510000
0.148914 -0.353357 49.510000
0.175986 -0.352953 49.510000
0.203031 -0.351660 49.510000
0.217673 -0.328885 49.510000
0.231559 -0.305642 49.510000
0.245277 -0.282299 49.510000
0.258921 -0.258912 49.510000
0.272523 -0.235501 49.510000
0.286097 -0.212074 49.510000
0.299651 -0.188635 49.510000
0.313188 -0.165187 49.510000
0.326710 -0.141730 49.510000
0.340212 -0.118261 49.510000
0.353685 -0.094776 49.510000
0.367117 -0.071267 49.510000
0.380473 -0.047715 49.510000
0.393660 -0.024068 49.510000
0.406062 0.000000 49.510000

