0.097686 -0.000000 3.030000
0.094786 0.005833 3.030000
0.091651 0.011543 3.030000
0.088461 0.017224 3.030000
0.085248 0.022890 3.030000
0.082020 0.028549 3.030000
0.078780 0.034201 3.030000
0.075532 0.039847 3.030000
0.072275 0.045489 3.030000
0.069009 0.051125 3.030000
0.065734 0.056757 3.030000
0.062448 0.062382 3.030000
0.059147 0.067998 3.030000
0.055822 0.073600 3.030000
0.052445 0.079171 3.030000
0.048843 0.084599 3.030000
0.042341 0.085004 3.030000
0.035828 0.085143 3.030000
0.029314 0.085221 3.030000
0.022800 0.085272 3.030000
0.016286 0.085305 3.030000
0.009772 0.085326 3.030000
0.003257 0.085336 3.030000
-0.003257 0.085336 3.030000
-0.009772 0.085326 3.030000
-0.016286 0.085305 3.030000
-0.022800 0.085272 3.030000
-0.029314 0.085221 3.030000
-0.035828 0.085143 3.030000
-0.042341 0.085004 3.030000
-0.048843 0.084599 3.030000
-0.052445 0.079171 3.030000
-0.055822 0.073600 3.030000
-0.059147 0.067998 3.030000
-0.062448 0.062382 3.030000
-0.065734 0.056757 3.030000
-0.069009 0.051125 3.030000
-0.072275 0.045489 3.030000
-0.075532 0.039847 3.030000
-0.078780 0.034201 3.030000
-0.082020 0.028549 3.030000
-0.085248 0.022890 3.030000
-0.088461 0.017224 3.030000
-0.091651 0.011543 3.030000
-0.094786 0.005833 3.030000
-0.097686 -0.000000 3.030000
-0.094786 -0.005833 3.030000
-0.091651 -0.011543 3.030000
-0.088461 -0.017224 3.030000
-0.085248 -0.022890 3.030000
-0.082020 -0.028549 3.030000
-0.078780 -0.034201 3.030000
-0.075532 -0.039847 3.030000
-0.072275 -0.045489 3.030000
-0.069009 -0.051125 3.030000
-0.065734 -0.056757 3.030000
-0.062448 -0.062382 3.030000
-0.059147 -0.067998 3.030000
-0.055822 -0.073600 3.030000
-0.052445 -0.079171 3.030000
-0.048843 -0.084599 3.030000
-0.042341 -0.085004 3.030000
-0.035828 -0.085143 3.030000
-0.029314 -0.085221 3.030000
-0.022800 -0.085272 3.030000
-0.016286 -0.085305 3.030000
-0.009772 -0.085326 3.030000
-0.003257 -0.085336 3.030000
0.003257 -0.085336 3.030000
0.009772 -0.085326 3.030000
0.016286 -0.085305 3.030000
0.022800 -0.085272 3.030000
0.029314 -0.085221 3.030000
0.035828 -0.085143 3.030000
0.042341 -0.085004 3.030000
0.048843 -0.084599 3.030000
0.052445 -0.079171 3.030000
0.055822 -0.073600 3.030000
0.059147 -0.067998 3.030000
0.062448 -0.062382 3.030000
0.065734 -0.056757 3.030000
0.069009 -0.051125 3.030000
0.072275 -0.045489 3.030000
0.075532 -0.039847 3.030000
0.078780 -0.034201 3.030000
0.082020 -0.028549 3.030000
0.085248 -0.022890 3.030000
0.088461 -0.017224 3.030000
0.091651 -0.011543 3.030000
0.094786 -0.005833 3.030000
0.097686 -0.000000 3.030000

