0.281218 0.000000 26.360000
0.272713 0.016713 26.360000
0.263620 0.033112 26.360000
0.254397 0.049439 26.360000
0.245117 0.065734 26.360000
0.235803 0.082009 26.360000
0.226464 0.098270 26.360000
0.217106 0.114520 26.360000
0.207730 0.130759 26.360000
0.198336 0.146989 26.360000
0.188923 0.163207 26.360000
0.179485 0.179411 26.360000
0.170014 0.195595 26.360000
0.160486 0.211745 26.360000
0.150830 0.227820 26.360000
0.140609 0.243542 26.360000
0.121883 0.244533 26.360000
0.103134 0.244857 26.360000
0.084383 0.245033 26.360000
0.065631 0.245144 26.360000
0.046880 0.245215 26.360000
0.028128 0.245258 26.360000
0.009376 0.245279 26.360000
-0.009376 0.245279 26.360000
-0.028128 0.245258 26.360000
-0.046880 0.245215 26.360000
-0.065631 0.245144 26.360000
-0.084383 0.245033 26.360000
-0.103134 0.244857 26.360000
-0.121883 0.244533 26.360000
-0.140609 0.243542 26.360000
-0.150830 0.227820 26.360000
-0.160486 0.211745 26.360000
-0.170014 0.195595 26.360000
-0.179485 0.179411 26.360000
-0.188923 0.163207 26.360000
-0.198336 0.146989 26.360000
-0.207730 0.130759 26.360000
-0.217106 0.114520 26.360000
-0.226464 0.098270 26.360000
-0.235803 0.082009 26.360000
-0.245117 0.065734 26.360000
-0.254397 0.049439 26.360000
-0.263620 0.033112 26.360000
-0.272713 0.016713 26.360000
-0.281218 0.000000 26.360000
-0.272713 -0.016713 26.360000
-0.263620 -0.033112 26.360000
-0.254397 -0.049439 26.360000
-0.245117 -0.065734 26.360000
-0.235803 -0.082009 26.360000
-0.226464 -0.098270 26.360000
-0.217106 -0.114520 26.360000
-0.207730 -0.130759 26.360000
-0.198336 -0.146989 26.360000
-0.188923 -0.163207 26.360000
-0.179485 -0.179411 26.360000
-0.170014 -0.195595 26.360000
-0.160486 -0.211745 26.360000
-0.150830 -0.227820 26.360000
-0.140609 -0.243542 26.360000
-0.121883 -0.244533 26.360000
-0.103134 -0.244857 26.360000
-0.084383 -0.245033 26.360000
-0.065631 -0.245144 26.360000
-0.046880 -0.245215 26.360000
-0.028128 -0.245258 26.360000
-0.009376 -0.245279 26.360000
0.009376 -0.245279 26.360000
0.028128 -0.245258 26.360000
0.046880 -0.245215 26.360000
0.065631 -0.245144 26.360000
0.084383 -0.245033 26.360000
0.103134 -0.244857 26.360000
0.121883 -0.244533 26.360000
0.140609 -0.243542 26.360000
0.150830 -0.227820 26.360000
0.160486 -0.211745 26.360000
0.170014 -0.195595 26.360000
0.179485 -0.179411 26.360000
0.188923 -0.163207 26.360000
0.198336 -0.146989 26.360000
0.207730 -0.130759 26.360000
0.217106 -0.114520 26.360000
0.226464 -0.098270 26.360000
0.235803 -0.082009 26.360000
0.245117 -0.065734 26.360000
0.254397 -0.049439 26.360000
0.263620 -0.033112 26.360000
0.272713 -0.016713 26.360000
0.281218 0.000000 26.360000

