0.257678 0.000000 22.580000
0.249902 0.015322 22.580000
0.241577 0.030353 22.580000
0.233131 0.045316 22.580000
0.224631 0.060249 22.580000
0.216100 0.075164 22.580000
0.207544 0.090065 22.580000
0.198970 0.104955 22.580000
0.190379 0.119836 22.580000
0.181771 0.134706 22.580000
0.173144 0.149566 22.580000
0.164493 0.164412 22.580000
0.155810 0.179239 22.580000
0.147075 0.194035 22.580000
0.138220 0.208761 22.580000
0.128839 0.223156 22.580000
0.111682 0.224083 22.580000
0.094502 0.224388 22.580000
0.077320 0.224555 22.580000
0.060138 0.224661 22.580000
0.042956 0.224730 22.580000
0.025774 0.224771 22.580000
0.008591 0.224791 22.580000
-0.008591 0.224791 22.580000
-0.025774 0.224771 22.580000
-0.042956 0.224730 22.580000
-0.060138 0.224661 22.580000
-0.077320 0.224555 22.580000
-0.094502 0.224388 22.580000
-0.111682 0.224083 22.580000
-0.128839 0.223156 22.580000
-0.138220 0.208761 22.580000
-0.147075 0.194035 22.580000
-0.155810 0.179239 22.580000
-0.164493 0.164412 22.580000
-0.173144 0.149566 22.580000
-0.181771 0.134706 22.580000
-0.190379 0.119836 22.580000
-0.198970 0.104955 22.580000
-0.207544 0.090065 22.580000
-0.216100 0.075164 22.580000
-0.224631 0.060249 22.580000
-0.233131 0.045316 22.580000
-0.241577 0.030353 22.580000
-0.249902 0.015322 22.580000
-0.257678 0.000000 22.580000
-0.249902 -0.015322 22.580000
-0.241577 -0.030353 22.580000
-0.233131 -0.045316 22.580000
-0.224631 -0.060249 22.580000
-0.216100 -0.075164 22.580000
-0.207544 -0.090065 22.580000
-0.198970 -0.104955 22.580000
-0.190379 -0.119836 22.580000
-0.181771 -0.134706 22.580000
-0.173144 -0.149566 22.580000
-0.164493 -0.164412 22.580000
-0.155810 -0.179239 22.580000
-0.147075 -0.194035 22.580000
-0.138220 -0.208761 22.580000
-0.128839 -0.223156 22.580000
-0.111682 -0.224083 22.580000
-0.094502 -0.224388 22.580000
-0.077320 -0.224555 22.580000
-0.060138 -0.224661 22.580000
-0.042956 -0.224730 22.580000
-0.025774 -0.224771 22.580000
-0.008591 -0.224791 22.580000
0.008591 -0.224791 22.580000
0.025774 -0.224771 22.580000
0.042956 -0.224730 22.580000
0.060138 -0.224661 22.580000
0.077320 -0.224555 22.580000
0.094502 -0.224388 22.580000
0.111682 -0.224083 22.580000
0.128839 -0.223156 22.580000
0.138220 -0.208761 22.580000
0.147075 -0.194035 22.580000
0.155810 -0.179239 22.580000
0.164493 -0.164412 22.580000
0.173144 -0.149566 22.580000
0.181771 -0.134706 22.580000
0.190379 -0.119836 22.580000
0.198970 -0.104955 22.580000
0.207544 -0.090065 22.580000
0.216100 -0.075164 22.580000
0.224631 -0.060249 22.580000
0.233131 -0.045316 22.580000
0.241577 -0.030353 22.580000
0.249902 -0.015322 22.580000
0.257678 0.000000 22.580000

