0.311086 0.000000 31.440000
0.301654 0.018475 31.440000
0.291584 0.036610 31.440000
0.281374 0.054667 31.440000
0.271103 0.072688 31.440000
0.260795 0.090689 31.440000
0.250462 0.108676 31.440000
0.240108 0.126650 31.440000
0.229736 0.144614 31.440000
0.219347 0.162568 31.440000
0.208937 0.180510 31.440000
0.198501 0.198438 31.440000
0.188030 0.216344 31.440000
0.177497 0.234214 31.440000
0.166827 0.252003 31.440000
0.155543 0.269408 31.440000
0.134827 0.270478 31.440000
0.114087 0.270824 31.440000
0.093344 0.271010 31.440000
0.072601 0.271126 31.440000
0.051858 0.271200 31.440000
0.031115 0.271244 31.440000
0.010372 0.271264 31.440000
-0.010372 0.271264 31.440000
-0.031115 0.271244 31.440000
-0.051858 0.271200 31.440000
-0.072601 0.271126 31.440000
-0.093344 0.271010 31.440000
-0.114087 0.270824 31.440000
-0.134827 0.270478 31.440000
-0.155543 0.269408 31.440000
-0.166827 0.252003 31.440000
-0.177497 0.234214 31.440000
-0.188030 0.216344 31.440000
-0.198501 0.198438 31.440000
-0.208937 0.180510 31.440000
-0.219347 0.162568 31.440000
-0.229736 0.144614 31.440000
-0.240108 0.126650 31.440000
-0.250462 0.108676 31.440000
-0.260795 0.090689 31.440000
-0.271103 0.072688 31.440000
-0.281374 0.054667 31.440000
-0.291584 0.036610 31.440000
-0.301654 0.018475 31.440000
-0.311086 0.000000 31.440000
-0.301654 -0.018475 31.440000
-0.291584 -0.036610 31.440000
-0.281374 -0.054667 31.440000
-0.271103 -0.072688 31.440000
-0.260795 -0.090689 31.440000
-0.250462 -0.108676 31.440000
-0.240108 -0.126650 31.440000
-0.229736 -0.144614 31.440000
-0.219347 -0.162568 31.440000
-0.208937 -0.180510 31.440000
-0.198501 -0.198438 31.440000
-0.188030 -0.216344 31.440000
-0.177497 -0.234214 31.440000
-0.166827 -0.252003 31.440000
-0.155543 -0.269408 31.440000
-0.134827 -0.270478 31.440000
-0.114087 -0.270824 31.440000
-0.093344 -0.271010 31.440000
-0.072601 -0.271126 31.440000
-0.051858 -0.271200 31.440000
-0.031115 -0.271244 31.440000
-0.010372 -0.271264 31.440000
0.010372 -0.271264 31.440000
0.031115 -0.271244 31.440000
0.051858 -0.271200 31.440000
0.072601 -0.271126 31.440000
0.093344 -0.271010 31.440000
0.114087 -0.270824 31.440000
0.134827 -0.270478 31.440000
0.155543 -0.269408 31.440000
0.166827 -0.252003 31.440000
0.177497 -0.234214 31.440000
0.188030 -0.216344 31.440000
0.198501 -0.198438 31.440000
0.208937 -0.180510 31.440000
0.219347 -0.162568 31.440000
0.229736 -0.144614 31.440000
0.240108 -0.126650 31.440000
0.250462 -0.108676 31.440000
0.260795 -0.090689 31.440000
0.271103 -0.072688 31.440000
0.281374 -0.054667 31.440000
0.291584 -0.036610 31.440000
0.301654 -0.018475 31.440000
0.311086 0.000000 31.440000

