0.228472 0.000000 18.180000
0.221596 0.013595 18.180000
0.214222 0.026927 18.180000
0.206739 0.040198 18.180000
0.199207 0.053441 18.180000
0.191645 0.066666 18.180000
0.184061 0.079880 18.180000
0.176460 0.093083 18.180000
0.168843 0.106277 18.180000
0.161209 0.119462 18.180000
0.153557 0.132636 18.180000
0.145884 0.145798 18.180000
0.138182 0.158942 18.180000
0.130431 0.172058 18.180000
0.122572 0.185110 18.180000
0.114236 0.197862 18.180000
0.099024 0.198705 18.180000
0.083792 0.198985 18.180000
0.068557 0.199140 18.180000
0.053323 0.199238 18.180000
0.038088 0.199303 18.180000
0.022853 0.199342 18.180000
0.007618 0.199361 18.180000
-0.007618 0.199361 18.180000
-0.022853 0.199342 18.180000
-0.038088 0.199303 18.180000
-0.053323 0.199238 18.180000
-0.068557 0.199140 18.180000
-0.083792 0.198985 18.180000
-0.099024 0.198705 18.180000
-0.114236 0.197862 18.180000
-0.122572 0.185110 18.180000
-0.130431 0.172058 18.180000
-0.138182 0.158942 18.180000
-0.145884 0.145798 18.180000
-0.153557 0.132636 18.180000
-0.161209 0.119462 18.180000
-0.168843 0.106277 18.180000
-0.176460 0.093083 18.180000
-0.184061 0.079880 18.180000
-0.191645 0.066666 18.180000
-0.199207 0.053441 18.180000
-0.206739 0.040198 18.180000
-0.214222 0.026927 18.180000
-0.221596 0.013595 18.180000
-0.228472 0.000000 18.180000
-0.221596 -0.013595 18.180000
-0.214222 -0.026927 18.180000
-0.206739 -0.040198 18.180000
-0.199207 -0.053441 18.180000
-0.191645 -0.066666 18.180000
-0.184061 -0.079880 18.180000
-0.176460 -0.093083 18.180000
-0.168843 -0.106277 18.180000
-0.161209 -0.119462 18.180000
-0.153557 -0.132636 18.180000
-0.145884 -0.145798 18.180000
-0.138182 -0.158942 18.180000
-0.130431 -0.172058 18.180000
-0.122572 -0.185110 18.180000
-0.114236 -0.197862 18.180000
-0.099024 -0.198705 18.180000
-0.083792 -0.198985 18.180000
-0.068557 -0.199140 18.180000
-0.053323 -0.199238 18.180000
-0.038088 -0.199303 18.180000
-0.022853 -0.199342 18.180000
-0.007618 -0.199361 18.180000
0.007618 -0.199361 18.180000
0.022853 -0.199342 18.180000
0.038088 -0.199303 18.180000
0.053323 -0.199238 18.180000
0.068557 -0.199140 18.180000
0.083792 -0.198985 18.180000
0.099024 -0.198705 18.180000
0.114236 -0.197862 18.180000
0.122572 -0.185110 18.180000
0.130431 -0.172058 18.180000
0.138182 -0.158942 18.180000
0.145884 -0.145798 18.180000
0.153557 -0.132636 18.180000
0.161209 -0.119462 18.180000
0.168843 -0.106277 18.180000
0.176460 -0.093083 18.180000
0.184061 -0.079880 18.180000
0.191645 -0.066666 18.180000
0.199207 -0.053441 18.180000
0.206739 -0.040198 18.180000
0.214222 -0.026927 18.180000
0.221596 -0.013595 18.180000
0.228472 0.000000 18.180000

