0.292841 0.000000 28.300000
0.283976 0.017399 28.300000
0.274502 0.034473 28.300000
0.264895 0.051474 28.300000
0.255230 0.068440 28.300000
0.245529 0.085387 28.300000
0.235803 0.102320 28.300000
0.226058 0.119241 28.300000
0.216294 0.136151 28.300000
0.206513 0.153052 28.300000
0.196712 0.169941 28.300000
0.186886 0.186815 28.300000
0.177025 0.203669 28.300000
0.167106 0.220489 28.300000
0.157056 0.237231 28.300000
0.146420 0.253608 28.300000
0.126920 0.254630 28.300000
0.107396 0.254963 28.300000
0.087870 0.255143 28.300000
0.068344 0.255256 28.300000
0.048817 0.255328 28.300000
0.029290 0.255372 28.300000
0.009763 0.255392 28.300000
-0.009763 0.255392 28.300000
-0.029290 0.255372 28.300000
-0.048817 0.255328 28.300000
-0.068344 0.255256 28.300000
-0.087870 0.255143 28.300000
-0.107396 0.254963 28.300000
-0.126920 0.254630 28.300000
-0.146420 0.253608 28.300000
-0.157056 0.237231 28.300000
-0.167106 0.220489 28.300000
-0.177025 0.203669 28.300000
-0.186886 0.186815 28.300000
-0.196712 0.169941 28.300000
-0.206513 0.153052 28.300000
-0.216294 0.136151 28.300000
-0.226058 0.119241 28.300000
-0.235803 0.102320 28.300000
-0.245529 0.085387 28.300000
-0.255230 0.068440 28.300000
-0.264895 0.051474 28.300000
-0.274502 0.034473 28.300000
-0.283976 0.017399 28.300000
-0.292841 0.000000 28.300000
-0.283976 -0.017399 28.300000
-0.274502 -0.034473 28.300000
-0.264895 -0.051474 28.300000
-0.255230 -0.068440 28.300000
-0.245529 -0.085387 28.300000
-0.235803 -0.102320 28.300000
-0.226058 -0.119241 28.300000
-0.216294 -0.136151 28.300000
-0.206513 -0.153052 28.300000
-0.196712 -0.169941 28.300000
-0.186886 -0.186815 28.300000
-0.177025 -0.203669 28.300000
-0.167106 -0.220489 28.300000
-0.157056 -0.237231 28.300000
-0.146420 -0.253608 28.300000
-0.126920 -0.254630 28.300000
-0.107396 -0.254963 28.300000
-0.087870 -0.255143 28.300000
-0.068344 -0.255256 28.300000
-0.048817 -0.255328 28.300000
-0.029290 -0.255372 28.300000
-0.009763 -0.255392 28.300000
0.009763 -0.255392 28.300000
0.029290 -0.255372 28.300000
0.048817 -0.255328 28.300000
0.068344 -0.255256 28.300000
0.087870 -0.255143 28.300000
0.107396 -0.254963 28.300000
0.126920 -0.254630 28.300000
0.146420 -0.253608 28.300000
0.157056 -0.237231 28.300000
0.167106 -0.220489 28.300000
0.177025 -0.203669 28.300000
0.186886 -0.186815 28.300000
0.196712 -0.169941 28.300000
0.206513 -0.153052 28.300000
0.216294 -0.136151 28.300000
0.226058 -0.119241 28.300000
0.235803 -0.102320 28.300000
0.245529 -0.085387 28.300000
0.255230 -0.068440 28.300000
0.264895 -0.051474 28.300000
0.274502 -0.034473 28.300000
0.283976 -0.017399 28.300000
0.292841 0.000000 28.300000

