0.222208 0.000000 17.280000
0.215524 0.013225 17.280000
0.208355 0.026192 17.280000
0.201078 0.039099 17.280000
0.193753 0.051980 17.280000
0.186399 0.064843 17.280000
0.179024 0.077695 17.280000
0.171631 0.090536 17.280000
0.164222 0.103369 17.280000
0.156798 0.116192 17.280000
0.149356 0.129005 17.280000
0.141892 0.141805 17.280000
0.134400 0.154589 17.280000
0.126860 0.167345 17.280000
0.119215 0.180037 17.280000
0.111104 0.192438 17.280000
0.096309 0.193262 17.280000
0.081495 0.193537 17.280000
0.066678 0.193688 17.280000
0.051861 0.193785 17.280000
0.037043 0.193848 17.280000
0.022226 0.193887 17.280000
0.007409 0.193905 17.280000
-0.007409 0.193905 17.280000
-0.022226 0.193887 17.280000
-0.037043 0.193848 17.280000
-0.051861 0.193785 17.280000
-0.066678 0.193688 17.280000
-0.081495 0.193537 17.280000
-0.096309 0.193262 17.280000
-0.111104 0.192438 17.280000
-0.119215 0.180037 17.280000
-0.126860 0.167345 17.280000
-0.134400 0.154589 17.280000
-0.141892 0.141805 17.280000
-0.149356 0.129005 17.280000
-0.156798 0.116192 17.280000
-0.164222 0.103369 17.280000
-0.171631 0.090536 17.280000
-0.179024 0.077695 17.280000
-0.186399 0.064843 17.280000
-0.193753 0.051980 17.280000
-0.201078 0.039099 17.280000
-0.208355 0.026192 17.280000
-0.215524 0.013225 17.280000
-0.222208 0.000000 17.280000
-0.215524 -0.013225 17.280000
-0.208355 -0.026192 17.280000
-0.201078 -0.039099 17.280000
-0.193753 -0.051980 17.280000
-0.186399 -0.064843 17.280000
-0.179024 -0.077695 17.280000
-0.171631 -0.090536 17.280000
-0.164222 -0.103369 17.280000
-0.156798 -0.116192 17.280000
-0.149356 -0.129005 17.280000
-0.141892 -0.141805 17.280000
-0.134400 -0.154589 17.280000
-0.126860 -0.167345 17.280000
-0.119215 -0.180037 17.280000
-0.111104 -0.192438 17.280000
-0.096309 -0.193262 17.280000
-0.081495 -0.193537 17.280000
-0.066678 -0.193688 17.280000
-0.051861 -0.193785 17.280000
-0.037043 -0.193848 17.280000
-0.022226 -0.193887 17.280000
-0.007409 -0.193905 17.280000
0.007409 -0.193905 17.280000
0.022226 -0.193887 17.280000
0.037043 -0.193848 17.280000
0.051861 -0.193785 17.280000
0.066678 -0.193688 17.280000
0.081495 -0.193537 17.280000
0.096309 -0.193262 17.280000
0.111104 -0.192438 17.280000
0.119215 -0.180037 17.280000
0.126860 -0.167345 17.280000
0.134400 -0.154589 17.280000
0.141892 -0.141805 17.280000
0.149356 -0.129005 17.280000
0.156798 -0.116192 17.280000
0.164222 -0.103369 17.280000
0.171631 -0.090536 17.280000
0.179024 -0.077695 17.280000
0.186399 -0.064843 17.280000
0.193753 -0.051980 17.280000
0.201078 -0.039099 17.280000
0.208355 -0.026192 17.280000
0.215524 -0.013225 17.280000
0.222208 0.000000 17.280000

