0.296790 0.000000 28.970000
0.287803 0.017632 28.970000
0.278200 0.034936 28.970000
0.268463 0.052165 28.970000
0.258666 0.069360 28.970000
0.248834 0.086535 28.970000
0.238977 0.103696 28.970000
0.229099 0.120845 28.970000
0.219204 0.137984 28.970000
0.209291 0.155112 28.970000
0.199359 0.172229 28.970000
0.189401 0.189331 28.970000
0.179407 0.206413 28.970000
0.169355 0.223460 28.970000
0.159171 0.240429 28.970000
0.148395 0.257028 28.970000
0.128632 0.258060 28.970000
0.108845 0.258396 28.970000
0.089055 0.258578 28.970000
0.069265 0.258691 28.970000
0.049475 0.258764 28.970000
0.029685 0.258808 28.970000
0.009895 0.258828 28.970000
-0.009895 0.258828 28.970000
-0.029685 0.258808 28.970000
-0.049475 0.258764 28.970000
-0.069265 0.258691 28.970000
-0.089055 0.258578 28.970000
-0.108845 0.258396 28.970000
-0.128632 0.258060 28.970000
-0.148395 0.257028 28.970000
-0.159171 0.240429 28.970000
-0.169355 0.223460 28.970000
-0.179407 0.206413 28.970000
-0.189401 0.189331 28.970000
-0.199359 0.172229 28.970000
-0.209291 0.155112 28.970000
-0.219204 0.137984 28.970000
-0.229099 0.120845 28.970000
-0.238977 0.103696 28.970000
-0.248834 0.086535 28.970000
-0.258666 0.069360 28.970000
-0.268463 0.052165 28.970000
-0.278200 0.034936 28.970000
-0.287803 0.017632 28.970000
-0.296790 0.000000 28.970000
-0.287803 -0.017632 28.970000
-0.278200 -0.034936 28.970000
-0.268463 -0.052165 28.970000
-0.258666 -0.069360 28.970000
-0.248834 -0.086535 28.970000
-0.238977 -0.103696 28.970000
-0.229099 -0.120845 28.970000
-0.219204 -0.137984 28.970000
-0.209291 -0.155112 28.970000
-0.199359 -0.172229 28.970000
-0.189401 -0.189331 28.970000
-0.179407 -0.206413 28.970000
-0.169355 -0.223460 28.970000
-0.159171 -0.240429 28.970000
-0.148395 -0.257028 28.970000
-0.128632 -0.258060 28.970000
-0.108845 -0.258396 28.970000
-0.089055 -0.258578 28.970000
-0.069265 -0.258691 28.970000
-0.049475 -0.258764 28.970000
-0.029685 -0.258808 28.970000
-0.009895 -0.258828 28.970000
0.009895 -0.258828 28.970000
0.029685 -0.258808 28.970000
0.049475 -0.258764 28.970000
0.069265 -0.258691 28.970000
0.089055 -0.258578 28.970000
0.108845 -0.258396 28.970000
0.128632 -0.258060 28.970000
0.148395 -0.257028 28.970000
0.159171 -0.240429 28.970000
0.169355 -0.223460 28.970000
0.179407 -0.206413 28.970000
0.189401 -0.189331 28.970000
0.199359 -0.172229 28.970000
0.209291 -0.155112 28.970000
0.219204 -0.137984 28.970000
0.229099 -0.120845 28.970000
0.238977 -0.103696 28.970000
0.248834 -0.086535 28.970000
0.258666 -0.069360 28.970000
0.268463 -0.052165 28.970000
0.278200 -0.034936 28.970000
0.287803 -0.017632 28.970000
0.296790 0.000000 28.970000

