0.311714 0.000000 31.550000
0.302262 0.018512 31.550000
0.292171 0.036683 31.550000
0.281941 0.054776 31.550000
0.271649 0.072834 31.550000
0.261320 0.090872 31.550000
0.250966 0.108894 31.550000
0.240591 0.126905 31.550000
0.230198 0.144905 31.550000
0.219788 0.162895 31.550000
0.209357 0.180874 31.550000
0.198901 0.198837 31.550000
0.188408 0.216780 31.550000
0.177854 0.234686 31.550000
0.167163 0.252511 31.550000
0.155857 0.269952 31.550000
0.135099 0.271023 31.550000
0.114317 0.271369 31.550000
0.093533 0.271556 31.550000
0.072748 0.271672 31.550000
0.051963 0.271746 31.550000
0.031178 0.271790 31.550000
0.010393 0.271810 31.550000
-0.010393 0.271810 31.550000
-0.031178 0.271790 31.550000
-0.051963 0.271746 31.550000
-0.072748 0.271672 31.550000
-0.093533 0.271556 31.550000
-0.114317 0.271369 31.550000
-0.135099 0.271023 31.550000
-0.155857 0.269952 31.550000
-0.167163 0.252511 31.550000
-0.177854 0.234686 31.550000
-0.188408 0.216780 31.550000
-0.198901 0.198837 31.550000
-0.209357 0.180874 31.550000
-0.219788 0.162895 31.550000
-0.230198 0.144905 31.550000
-0.240591 0.126905 31.550000
-0.250966 0.108894 31.550000
-0.261320 0.090872 31.550000
-0.271649 0.072834 31.550000
-0.281941 0.054776 31.550000
-0.292171 0.036683 31.550000
-0.302262 0.018512 31.550000
-0.311714 0.000000 31.550000
-0.302262 -0.018512 31.550000
-0.292171 -0.036683 31.550000
-0.281941 -0.054776 31.550000
-0.271649 -0.072834 31.550000
-0.261320 -0.090872 31.550000
-0.250966 -0.108894 31.550000
-0.240591 -0.126905 31.550000
-0.230198 -0.144905 31.550000
-0.219788 -0.162895 31.550000
-0.209357 -0.180874 31.550000
-0.198901 -0.198837 31.550000
-0.188408 -0.216780 31.550000
-0.177854 -0.234686 31.550000
-0.167163 -0.252511 31.550000
-0.155857 -0.269952 31.550000
-0.135099 -0.271023 31.550000
-0.114317 -0.271369 31.550000
-0.093533 -0.271556 31.550000
-0.072748 -0.271672 31.550000
-0.051963 -0.271746 31.550000
-0.031178 -0.271790 31.550000
-0.010393 -0.271810 31.550000
0.010393 -0.271810 31.550000
0.031178 -0.271790 31.550000
0.051963 -0.271746 31.550000
0.072748 -0.271672 31.550000
0.093533 -0.271556 31.550000
0.114317 -0.271369 31.550000
0.135099 -0.271023 31.550000
0.155857 -0.269952 31.550000
0.167163 -0.252511 31.550000
0.177854 -0.234686 31.550000
0.188408 -0.216780 31.550000
0.198901 -0.198837 31.550000
0.209357 -0.180874 31.550000
0.219788 -0.162895 31.550000
0.230198 -0.144905 31.550000
0.240591 -0.126905 31.550000
0.250966 -0.108894 31.550000
0.261320 -0.090872 31.550000
0.271649 -0.072834 31.550000
0.281941 -0.054776 31.550000
0.292171 -0.036683 31.550000
0.302262 -0.018512 31.550000
0.311714 0.000000 31.550000

