0.085114 -0.000000 2.030000
0.082591 0.005084 2.030000
0.079860 0.010060 2.030000
0.077082 0.015010 2.030000
0.074283 0.019948 2.030000
0.071471 0.024878 2.030000
0.068648 0.029803 2.030000
0.065818 0.034723 2.030000
0.062980 0.039639 2.030000
0.060134 0.044550 2.030000
0.057281 0.049456 2.030000
0.054417 0.054357 2.030000
0.051540 0.059250 2.030000
0.048643 0.064131 2.030000
0.045699 0.068984 2.030000
0.042557 0.073711 2.030000
0.036892 0.074068 2.030000
0.031218 0.074191 2.030000
0.025542 0.074260 2.030000
0.019866 0.074305 2.030000
0.014190 0.074335 2.030000
0.008514 0.074353 2.030000
0.002838 0.074362 2.030000
-0.002838 0.074362 2.030000
-0.008514 0.074353 2.030000
-0.014190 0.074335 2.030000
-0.019866 0.074305 2.030000
-0.025542 0.074260 2.030000
-0.031218 0.074191 2.030000
-0.036892 0.074068 2.030000
-0.042557 0.073711 2.030000
-0.045699 0.068984 2.030000
-0.048643 0.064131 2.030000
-0.051540 0.059250 2.030000
-0.054417 0.054357 2.030000
-0.057281 0.049456 2.030000
-0.060134 0.044550 2.030000
-0.062980 0.039639 2.030000
-0.065818 0.034723 2.030000
-0.068648 0.029803 2.030000
-0.071471 0.024878 2.030000
-0.074283 0.019948 2.030000
-0.077082 0.015010 2.030000
-0.079860 0.010060 2.030000
-0.082591 0.005084 2.030000
-0.085114 -0.000000 2.030000
-0.082591 -0.005084 2.030000
-0.079860 -0.010060 2.030000
-0.077082 -0.015010 2.030000
-0.074283 -0.019948 2.030000
-0.071471 -0.024878 2.030000
-0.068648 -0.029803 2.030000
-0.065818 -0.034723 2.030000
-0.062980 -0.039639 2.030000
-0.060134 -0.044550 2.030000
-0.057281 -0.049456 2.030000
-0.054417 -0.054357 2.030000
-0.051540 -0.059250 2.030000
-0.048643 -0.064131 2.030000
-0.045699 -0.068984 2.030000
-0.042557 -0.073711 2.030000
-0.036892 -0.074068 2.030000
-0.031218 -0.074191 2.030000
-0.025542 -0.074260 2.030000
-0.019866 -0.074305 2.030000
-0.014190 -0.074335 2.030000
-0.008514 -0.074353 2.030000
-0.002838 -0.074362 2.030000
0.002838 -0.074362 2.030000
0.008514 -0.074353 2.030000
0.014190 -0.074335 2.030000
0.019866 -0.074305 2.030000
0.025542 -0.074260 2.030000
0.031218 -0.074191 2.030000
0.036892 -0.074068 2.030000
0.042557 -0.073711 2.030000
0.045699 -0.068984 2.030000
0.048643 -0.064131 2.030000
0.051540 -0.059250 2.030000
0.054417 -0.054357 2.030000
0.057281 -0.049456 2.030000
0.060134 -0.044550 2.030000
0.062980 -0.039639 2.030000
0.065818 -0.034723 2.030000
0.068648 -0.029803 2.030000
0.071471 -0.024878 2.030000
0.074283 -0.019948 2.030000
0.077082 -0.015010 2.030000
0.079860 -0.010060 2.030000
0.082591 -0.005084 2.030000
0.085114 -0.000000 2.030000

