0.347405 0.000000 38.020000
0.336841 0.020616 38.020000
0.325581 0.040860 38.020000
0.314169 0.061018 38.020000
0.302691 0.081139 38.020000
0.291174 0.101238 38.020000
0.279629 0.121322 38.020000
0.268065 0.141393 38.020000
0.256482 0.161454 38.020000
0.244882 0.181505 38.020000
0.233262 0.201545 38.020000
0.221614 0.221568 38.020000
0.209928 0.241569 38.020000
0.198176 0.261531 38.020000
0.186274 0.281405 38.020000
0.173702 0.300861 38.020000
0.150567 0.302021 38.020000
0.127405 0.302391 38.020000
0.104241 0.302587 38.020000
0.081077 0.302708 38.020000
0.057912 0.302783 38.020000
0.034747 0.302827 38.020000
0.011582 0.302847 38.020000
-0.011582 0.302847 38.020000
-0.034747 0.302827 38.020000
-0.057912 0.302783 38.020000
-0.081077 0.302708 38.020000
-0.104241 0.302587 38.020000
-0.127405 0.302391 38.020000
-0.150567 0.302021 38.020000
-0.173702 0.300861 38.020000
-0.186274 0.281405 38.020000
-0.198176 0.261531 38.020000
-0.209928 0.241569 38.020000
-0.221614 0.221568 38.020000
-0.233262 0.201545 38.020000
-0.244882 0.181505 38.020000
-0.256482 0.161454 38.020000
-0.268065 0.141393 38.020000
-0.279629 0.121322 38.020000
-0.291174 0.101238 38.020000
-0.302691 0.081139 38.020000
-0.314169 0.061018 38.020000
-0.325581 0.040860 38.020000
-0.336841 0.020616 38.020000
-0.347405 0.000000 38.020000
-0.336841 -0.020616 38.020000
-0.325581 -0.040860 38.020000
-0.314169 -0.061018 38.020000
-0.302691 -0.081139 38.020000
-0.291174 -0.101238 38.020000
-0.279629 -0.121322 38.020000
-0.268065 -0.141393 38.020000
-0.256482 -0.161454 38.020000
-0.244882 -0.181505 38.020000
-0.233262 -0.201545 38.020000
-0.221614 -0.221568 38.020000
-0.209928 -0.241569 38.020000
-0.198176 -0.261531 38.020000
-0.186274 -0.281405 38.020000
-0.173702 -0.300861 38.020000
-0.150567 -0.302021 38.020000
-0.127405 -0.302391 38.020000
-0.104241 -0.302587 38.020000
-0.081077 -0.302708 38.020000
-0.057912 -0.302783 38.020000
-0.034747 -0.302827 38.020000
-0.011582 -0.302847 38.020000
0.011582 -0.302847 38.020000
0.034747 -0.302827 38.020000
0.057912 -0.302783 38.020000
0.081077 -0.302708 38.020000
0.104241 -0.302587 38.020000
0.127405 -0.302391 38.020000
0.150567 -0.302021 38.020000
0.173702 -0.300861 38.020000
0.186274 -0.281405 38.020000
0.198176 -0.261531 38.020000
0.209928 -0.241569 38.020000
0.221614 -0.221568 38.020000
0.233262 -0.201545 38.020000
0.244882 -0.181505 38.020000
0.256482 -0.161454 38.020000
0.268065 -0.141393 38.020000
0.279629 -0.121322 38.020000
0.291174 -0.101238 38.020000
0.302691 -0.081139 38.020000
0.314169 -0.061018 38.020000
0.325581 -0.040860 38.020000
0.336841 -0.020616 38.020000
0.347405 0.000000 38.020000

