0.319410 0.000000 32.910000
0.309719 0.018966 32.910000
0.299376 0.037584 32.910000
0.288891 0.056123 32.910000
0.278344 0.074626 32.910000
0.267759 0.093108 32.910000
0.257148 0.111575 32.910000
0.246517 0.130030 32.910000
0.235867 0.148475 32.910000
0.225200 0.166909 32.910000
0.214513 0.185332 32.910000
0.203800 0.203740 32.910000
0.193049 0.222126 32.910000
0.182237 0.240475 32.910000
0.171285 0.258742 32.910000
0.159705 0.276617 32.910000
0.138435 0.277708 32.910000
0.117139 0.278060 32.910000
0.095842 0.278249 32.910000
0.074544 0.278365 32.910000
0.053246 0.278440 32.910000
0.031947 0.278484 32.910000
0.010649 0.278505 32.910000
-0.010649 0.278505 32.910000
-0.031947 0.278484 32.910000
-0.053246 0.278440 32.910000
-0.074544 0.278365 32.910000
-0.095842 0.278249 32.910000
-0.117139 0.278060 32.910000
-0.138435 0.277708 32.910000
-0.159705 0.276617 32.910000
-0.171285 0.258742 32.910000
-0.182237 0.240475 32.910000
-0.193049 0.222126 32.910000
-0.203800 0.203740 32.910000
-0.214513 0.185332 32.910000
-0.225200 0.166909 32.910000
-0.235867 0.148475 32.910000
-0.246517 0.130030 32.910000
-0.257148 0.111575 32.910000
-0.267759 0.093108 32.910000
-0.278344 0.074626 32.910000
-0.288891 0.056123 32.910000
-0.299376 0.037584 32.910000
-0.309719 0.018966 32.910000
-0.319410 0.000000 32.910000
-0.309719 -0.018966 32.910000
-0.299376 -0.037584 32.910000
-0.288891 -0.056123 32.910000
-0.278344 -0.074626 32.910000
-0.267759 -0.093108 32.910000
-0.257148 -0.111575 32.910000
-0.246517 -0.130030 32.910000
-0.235867 -0.148475 32.910000
-0.225200 -0.166909 32.910000
-0.214513 -0.185332 32.910000
-0.203800 -0.203740 32.910000
-0.193049 -0.222126 32.910000
-0.182237 -0.240475 32.910000
-0.171285 -0.258742 32.910000
-0.159705 -0.276617 32.910000
-0.138435 -0.277708 32.910000
-0.117139 -0.278060 32.910000
-0.095842 -0.278249 32.910000
-0.074544 -0.278365 32.910000
-0.053246 -0.278440 32.910000
-0.031947 -0.278484 32.910000
-0.010649 -0.278505 32.910000
0.010649 -0.278505 32.910000
0.031947 -0.278484 32.910000
0.053246 -0.278440 32.910000
0.074544 -0.278365 32.910000
0.095842 -0.278249 32.910000
0.117139 -0.278060 32.910000
0.138435 -0.277708 32.910000
0.159705 -0.276617 32.910000
0.171285 -0.258742 32.910000
0.182237 -0.240475 32.910000
0.193049 -0.222126 32.910000
0.203800 -0.203740 32.910000
0.214513 -0.185332 32.910000
0.225200 -0.166909 32.910000
0.235867 -0.148475 32.910000
0.246517 -0.130030 32.910000
0.257148 -0.111575 32.910000
0.267759 -0.093108 32.910000
0.278344 -0.074626 32.910000
0.288891 -0.056123 32.910000
0.299376 -0.037584 32.910000
0.309719 -0.018966 32.910000
0.319410 0.000000 32.910000

