0.311314 0.000000 31.480000
0.301875 0.018488 31.480000
0.291798 0.036637 31.480000
0.281580 0.054706 31.480000
0.271301 0.072742 31.480000
0.260986 0.090756 31.480000
0.250645 0.108755 31.480000
0.240284 0.126743 31.480000
0.229904 0.144720 31.480000
0.219507 0.162687 31.480000
0.209090 0.180643 31.480000
0.198647 0.198583 31.480000
0.188167 0.216502 31.480000
0.177627 0.234386 31.480000
0.166949 0.252188 31.480000
0.155657 0.269606 31.480000
0.134926 0.270676 31.480000
0.114171 0.271022 31.480000
0.093413 0.271209 31.480000
0.072655 0.271325 31.480000
0.051896 0.271398 31.480000
0.031138 0.271442 31.480000
0.010379 0.271463 31.480000
-0.010379 0.271463 31.480000
-0.031138 0.271442 31.480000
-0.051896 0.271398 31.480000
-0.072655 0.271325 31.480000
-0.093413 0.271209 31.480000
-0.114171 0.271022 31.480000
-0.134926 0.270676 31.480000
-0.155657 0.269606 31.480000
-0.166949 0.252188 31.480000
-0.177627 0.234386 31.480000
-0.188167 0.216502 31.480000
-0.198647 0.198583 31.480000
-0.209090 0.180643 31.480000
-0.219507 0.162687 31.480000
-0.229904 0.144720 31.480000
-0.240284 0.126743 31.480000
-0.250645 0.108755 31.480000
-0.260986 0.090756 31.480000
-0.271301 0.072742 31.480000
-0.281580 0.054706 31.480000
-0.291798 0.036637 31.480000
-0.301875 0.018488 31.480000
-0.311314 0.000000 31.480000
-0.301875 -0.018488 31.480000
-0.291798 -0.036637 31.480000
-0.281580 -0.054706 31.480000
-0.271301 -0.072742 31.480000
-0.260986 -0.090756 31.480000
-0.250645 -0.108755 31.480000
-0.240284 -0.126743 31.480000
-0.229904 -0.144720 31.480000
-0.219507 -0.162687 31.480000
-0.209090 -0.180643 31.480000
-0.198647 -0.198583 31.480000
-0.188167 -0.216502 31.480000
-0.177627 -0.234386 31.480000
-0.166949 -0.252188 31.480000
-0.155657 -0.269606 31.480000
-0.134926 -0.270676 31.480000
-0.114171 -0.271022 31.480000
-0.093413 -0.271209 31.480000
-0.072655 -0.271325 31.480000
-0.051896 -0.271398 31.480000
-0.031138 -0.271442 31.480000
-0.010379 -0.271463 31.480000
0.010379 -0.271463 31.480000
0.031138 -0.271442 31.480000
0.051896 -0.271398 31.480000
0.072655 -0.271325 31.480000
0.093413 -0.271209 31.480000
0.114171 -0.271022 31.480000
0.134926 -0.270676 31.480000
0.155657 -0.269606 31.480000
0.166949 -0.252188 31.480000
0.177627 -0.234386 31.480000
0.188167 -0.216502 31.480000
0.198647 -0.198583 31.480000
0.209090 -0.180643 31.480000
0.219507 -0.162687 31.480000
0.229904 -0.144720 31.480000
0.240284 -0.126743 31.480000
0.250645 -0.108755 31.480000
0.260986 -0.090756 31.480000
0.271301 -0.072742 31.480000
0.281580 -0.054706 31.480000
0.291798 -0.036637 31.480000
0.301875 -0.018488 31.480000
0.311314 0.000000 31.480000

