0.404299 0.000000 49.150000
0.391952 0.023964 49.150000
0.378824 0.047509 49.150000
0.365525 0.070959 49.150000
0.352153 0.094367 49.150000
0.338738 0.117750 49.150000
0.325295 0.141117 49.150000
0.311833 0.164473 49.150000
0.298354 0.187819 49.150000
0.284858 0.211156 49.150000
0.271343 0.234481 49.150000
0.257800 0.257790 49.150000
0.244215 0.281075 49.150000
0.230556 0.304316 49.150000
0.216730 0.327458 49.150000
0.202149 0.350133 49.150000
0.175222 0.351423 49.150000
0.148267 0.351826 49.150000
0.121310 0.352034 49.150000
0.094353 0.352157 49.150000
0.067395 0.352231 49.150000
0.040437 0.352272 49.150000
0.013479 0.352291 49.150000
-0.013479 0.352291 49.150000
-0.040437 0.352272 49.150000
-0.067395 0.352231 49.150000
-0.094353 0.352157 49.150000
-0.121310 0.352034 49.150000
-0.148267 0.351826 49.150000
-0.175222 0.351423 49.150000
-0.202149 0.350133 49.150000
-0.216730 0.327458 49.150000
-0.230556 0.304316 49.150000
-0.244215 0.281075 49.150000
-0.257800 0.257790 49.150000
-0.271343 0.234481 49.150000
-0.284858 0.211156 49.150000
-0.298354 0.187819 49.150000
-0.311833 0.164473 49.150000
-0.325295 0.141117 49.150000
-0.338738 0.117750 49.150000
-0.352153 0.094367 49.150000
-0.365525 0.070959 49.150000
-0.378824 0.047509 49.150000
-0.391952 0.023964 49.150000
-0.404299 0.000000 49.150000
-0.391952 -0.023964 49.150000
-0.378824 -0.047509 49.150000
-0.365525 -0.070959 49.150000
-0.352153 -0.094367 49.150000
-0.338738 -0.117750 49.150000
-0.325295 -0.141117 49.150000
-0.311833 -0.164473 49.150000
-0.298354 -0.187819 49.150000
-0.284858 -0.211156 49.150000
-0.271343 -0.234481 49.150000
-0.257800 -0.257790 49.150000
-0.244215 -0.281075 49.150000
-0.230556 -0.304316 49.150000
-0.216730 -0.327458 49.150000
-0.202149 -0.350133 49.150000
-0.175222 -0.351423 49.150000
-0.148267 -0.351826 49.150000
-0.121310 -0.352034 49.150000
-0.094353 -0.352157 49.150000
-0.067395 -0.352231 49.150000
-0.040437 -0.352272 49.150000
-0.013479 -0.352291 49.150000
0.013479 -0.352291 49.150000
0.040437 -0.352272 49.150000
0.067395 -0.352231 49.150000
0.094353 -0.352157 49.150000
0.121310 -0.352034 49.150000
0.148267 -0.351826 49.150000
0.175222 -0.351423 49.150000
0.202149 -0.350133 49.150000
0.216730 -0.327458 49.150000
0.230556 -0.304316 49.150000
0.244215 -0.281075 49.150000
0.257800 -0.257790 49.150000
0.271343 -0.234481 49.150000
0.284858 -0.211156 49.150000
0.298354 -0.187819 49.150000
0.311833 -0.164473 49.150000
0.325295 -0.141117 49.150000
0.338738 -0.117750 49.150000
0.352153 -0.094367 49.150000
0.365525 -0.070959 49.150000
0.378824 -0.047509 49.150000
0.391952 -0.023964 49.150000
0.404299 0.000000 49.150000

