0.199258 0.000000 14.120000
0.193278 0.011866 14.120000
0.186855 0.023497 14.120000
0.180333 0.035074 14.120000
0.173768 0.046626 14.120000
0.167175 0.058162 14.120000
0.160563 0.069687 14.120000
0.153934 0.081203 14.120000
0.147291 0.092710 14.120000
0.140632 0.104208 14.120000
0.133957 0.115697 14.120000
0.127263 0.127175 14.120000
0.120541 0.138636 14.120000
0.113777 0.150073 14.120000
0.106915 0.161451 14.120000
0.099629 0.172562 14.120000
0.086363 0.173317 14.120000
0.073078 0.173570 14.120000
0.059792 0.173710 14.120000
0.046505 0.173800 14.120000
0.033218 0.173859 14.120000
0.019931 0.173895 14.120000
0.006644 0.173912 14.120000
-0.006644 0.173912 14.120000
-0.019931 0.173895 14.120000
-0.033218 0.173859 14.120000
-0.046505 0.173800 14.120000
-0.059792 0.173710 14.120000
-0.073078 0.173570 14.120000
-0.086363 0.173317 14.120000
-0.099629 0.172562 14.120000
-0.106915 0.161451 14.120000
-0.113777 0.150073 14.120000
-0.120541 0.138636 14.120000
-0.127263 0.127175 14.120000
-0.133957 0.115697 14.120000
-0.140632 0.104208 14.120000
-0.147291 0.092710 14.120000
-0.153934 0.081203 14.120000
-0.160563 0.069687 14.120000
-0.167175 0.058162 14.120000
-0.173768 0.046626 14.120000
-0.180333 0.035074 14.120000
-0.186855 0.023497 14.120000
-0.193278 0.011866 14.120000
-0.199258 0.000000 14.120000
-0.193278 -0.011866 14.120000
-0.186855 -0.023497 14.120000
-0.180333 -0.035074 14.120000
-0.173768 -0.046626 14.120000
-0.167175 -0.058162 14.120000
-0.160563 -0.069687 14.120000
-0.153934 -0.081203 14.120000
-0.147291 -0.092710 14.120000
-0.140632 -0.104208 14.120000
-0.133957 -0.115697 14.120000
-0.127263 -0.127175 14.120000
-0.120541 -0.138636 14.120000
-0.113777 -0.150073 14.120000
-0.106915 -0.161451 14.120000
-0.099629 -0.172562 14.120000
-0.086363 -0.173317 14.120000
-0.073078 -0.173570 14.120000
-0.059792 -0.173710 14.120000
-0.046505 -0.173800 14.120000
-0.033218 -0.173859 14.120000
-0.019931 -0.173895 14.120000
-0.006644 -0.173912 14.120000
0.006644 -0.173912 14.120000
0.019931 -0.173895 14.120000
0.033218 -0.173859 14.120000
0.046505 -0.173800 14.120000
0.059792 -0.173710 14.120000
0.073078 -0.173570 14.120000
0.086363 -0.173317 14.120000
0.099629 -0.172562 14.120000
0.106915 -0.161451 14.120000
0.113777 -0.150073 14.120000
0.120541 -0.138636 14.120000
0.127263 -0.127175 14.120000
0.133957 -0.115697 14.120000
0.140632 -0.104208 14.120000
0.147291 -0.092710 14.120000
0.153934 -0.081203 14.120000
0.160563 -0.069687 14.120000
0.167175 -0.058162 14.120000
0.173768 -0.046626 14.120000
0.180333 -0.035074 14.120000
0.186855 -0.023497 14.120000
0.193278 -0.011866 14.120000
0.199258 0.000000 14.120000

