0.218892 0.000000 16.810000
0.212311 0.013028 16.810000
0.205249 0.025803 16.810000
0.198081 0.038518 16.810000
0.190866 0.051206 16.810000
0.183622 0.063878 16.810000
0.176357 0.076538 16.810000
0.169075 0.089188 16.810000
0.161777 0.101829 16.810000
0.154463 0.114461 16.810000
0.147131 0.127082 16.810000
0.139779 0.139692 16.810000
0.132398 0.152284 16.810000
0.124970 0.164849 16.810000
0.117438 0.177352 16.810000
0.109446 0.189566 16.810000
0.094872 0.190380 16.810000
0.080279 0.190652 16.810000
0.065683 0.190802 16.810000
0.051087 0.190898 16.810000
0.036491 0.190961 16.810000
0.021894 0.190999 16.810000
0.007298 0.191017 16.810000
-0.007298 0.191017 16.810000
-0.021894 0.190999 16.810000
-0.036491 0.190961 16.810000
-0.051087 0.190898 16.810000
-0.065683 0.190802 16.810000
-0.080279 0.190652 16.810000
-0.094872 0.190380 16.810000
-0.109446 0.189566 16.810000
-0.117438 0.177352 16.810000
-0.124970 0.164849 16.810000
-0.132398 0.152284 16.810000
-0.139779 0.139692 16.810000
-0.147131 0.127082 16.810000
-0.154463 0.114461 16.810000
-0.161777 0.101829 16.810000
-0.169075 0.089188 16.810000
-0.176357 0.076538 16.810000
-0.183622 0.063878 16.810000
-0.190866 0.051206 16.810000
-0.198081 0.038518 16.810000
-0.205249 0.025803 16.810000
-0.212311 0.013028 16.810000
-0.218892 0.000000 16.810000
-0.212311 -0.013028 16.810000
-0.205249 -0.025803 16.810000
-0.198081 -0.038518 16.810000
-0.190866 -0.051206 16.810000
-0.183622 -0.063878 16.810000
-0.176357 -0.076538 16.810000
-0.169075 -0.089188 16.810000
-0.161777 -0.101829 16.810000
-0.154463 -0.114461 16.810000
-0.147131 -0.127082 16.810000
-0.139779 -0.139692 16.810000
-0.132398 -0.152284 16.810000
-0.124970 -0.164849 16.810000
-0.117438 -0.177352 16.810000
-0.109446 -0.189566 16.810000
-0.094872 -0.190380 16.810000
-0.080279 -0.190652 16.810000
-0.065683 -0.190802 16.810000
-0.051087 -0.190898 16.810000
-0.036491 -0.190961 16.810000
-0.021894 -0.190999 16.810000
-0.007298 -0.191017 16.810000
0.007298 -0.191017 16.810000
0.021894 -0.190999 16.810000
0.036491 -0.190961 16.810000
0.051087 -0.190898 16.810000
0.065683 -0.190802 16.810000
0.080279 -0.190652 16.810000
0.094872 -0.190380 16.810000
0.109446 -0.189566 16.810000
0.117438 -0.177352 16.810000
0.124970 -0.164849 16.810000
0.132398 -0.152284 16.810000
0.139779 -0.139692 16.810000
0.147131 -0.127082 16.810000
0.154463 -0.114461 16.810000
0.161777 -0.101829 16.810000
0.169075 -0.089188 16.810000
0.176357 -0.076538 16.810000
0.183622 -0.063878 16.810000
0.190866 -0.051206 16.810000
0.198081 -0.038518 16.810000
0.205249 -0.025803 16.810000
0.212311 -0.013028 16.810000
0.218892 0.000000 16.810000

