0.384005 0.000000 45.070000
0.372296 0.022771 45.070000
0.359834 0.045138 45.070000
0.347209 0.067415 45.070000
0.334513 0.089650 45.070000
0.321776 0.111862 45.070000
0.309010 0.134058 45.070000
0.296225 0.156242 45.070000
0.283422 0.178417 45.070000
0.270603 0.200582 45.070000
0.257763 0.222735 45.070000
0.244896 0.244872 45.070000
0.231988 0.266985 45.070000
0.219008 0.289056 45.070000
0.205868 0.311032 45.070000
0.192003 0.332558 45.070000
0.166428 0.333803 45.070000
0.140826 0.334195 45.070000
0.115222 0.334399 45.070000
0.089617 0.334522 45.070000
0.064012 0.334597 45.070000
0.038407 0.334640 45.070000
0.012802 0.334659 45.070000
-0.012802 0.334659 45.070000
-0.038407 0.334640 45.070000
-0.064012 0.334597 45.070000
-0.089617 0.334522 45.070000
-0.115222 0.334399 45.070000
-0.140826 0.334195 45.070000
-0.166428 0.333803 45.070000
-0.192003 0.332558 45.070000
-0.205868 0.311032 45.070000
-0.219008 0.289056 45.070000
-0.231988 0.266985 45.070000
-0.244896 0.244872 45.070000
-0.257763 0.222735 45.070000
-0.270603 0.200582 45.070000
-0.283422 0.178417 45.070000
-0.296225 0.156242 45.070000
-0.309010 0.134058 45.070000
-0.321776 0.111862 45.070000
-0.334513 0.089650 45.070000
-0.347209 0.067415 45.070000
-0.359834 0.045138 45.070000
-0.372296 0.022771 45.070000
-0.384005 0.000000 45.070000
-0.372296 -0.022771 45.070000
-0.359834 -0.045138 45.070000
-0.347209 -0.067415 45.070000
-0.334513 -0.089650 45.070000
-0.321776 -0.111862 45.070000
-0.309010 -0.134058 45.070000
-0.296225 -0.156242 45.070000
-0.283422 -0.178417 45.070000
-0.270603 -0.200582 45.070000
-0.257763 -0.222735 45.070000
-0.244896 -0.244872 45.070000
-0.231988 -0.266985 45.070000
-0.219008 -0.289056 45.070000
-0.205868 -0.311032 45.070000
-0.192003 -0.332558 45.070000
-0.166428 -0.333803 45.070000
-0.140826 -0.334195 45.070000
-0.115222 -0.334399 45.070000
-0.089617 -0.334522 45.070000
-0.064012 -0.334597 45.070000
-0.038407 -0.334640 45.070000
-0.012802 -0.334659 45.070000
0.012802 -0.334659 45.070000
0.038407 -0.334640 45.070000
0.064012 -0.334597 45.070000
0.089617 -0.334522 45.070000
0.115222 -0.334399 45.070000
0.140826 -0.334195 45.070000
0.166428 -0.333803 45.070000
0.192003 -0.332558 45.070000
0.205868 -0.311032 45.070000
0.219008 -0.289056 45.070000
0.231988 -0.266985 45.070000
0.244896 -0.244872 45.070000
0.257763 -0.222735 45.070000
0.270603 -0.200582 45.070000
0.283422 -0.178417 45.070000
0.296225 -0.156242 45.070000
0.309010 -0.134058 45.070000
0.321776 -0.111862 45.070000
0.334513 -0.089650 45.070000
0.347209 -0.067415 45.070000
0.359834 -0.045138 45.070000
0.372296 -0.022771 45.070000
0.384005 0.000000 45.070000

