0.307133 0.000000 30.750000
0.297824 0.018242 30.750000
0.287883 0.036147 30.750000
0.277804 0.053975 30.750000
0.267664 0.071768 30.750000
0.257488 0.089541 30.750000
0.247286 0.107299 30.750000
0.237064 0.125045 30.750000
0.226824 0.142781 30.750000
0.216566 0.160506 30.750000
0.206288 0.178220 30.750000
0.195985 0.195920 30.750000
0.185645 0.213598 30.750000
0.175246 0.231240 30.750000
0.164710 0.248802 30.750000
0.153566 0.265985 30.750000
0.133114 0.267044 30.750000
0.112637 0.267387 30.750000
0.092158 0.267573 30.750000
0.071679 0.267688 30.750000
0.051199 0.267761 30.750000
0.030720 0.267805 30.750000
0.010240 0.267826 30.750000
-0.010240 0.267826 30.750000
-0.030720 0.267805 30.750000
-0.051199 0.267761 30.750000
-0.071679 0.267688 30.750000
-0.092158 0.267573 30.750000
-0.112637 0.267387 30.750000
-0.133114 0.267044 30.750000
-0.153566 0.265985 30.750000
-0.164710 0.248802 30.750000
-0.175246 0.231240 30.750000
-0.185645 0.213598 30.750000
-0.195985 0.195920 30.750000
-0.206288 0.178220 30.750000
-0.216566 0.160506 30.750000
-0.226824 0.142781 30.750000
-0.237064 0.125045 30.750000
-0.247286 0.107299 30.750000
-0.257488 0.089541 30.750000
-0.267664 0.071768 30.750000
-0.277804 0.053975 30.750000
-0.287883 0.036147 30.750000
-0.297824 0.018242 30.750000
-0.307133 0.000000 30.750000
-0.297824 -0.018242 30.750000
-0.287883 -0.036147 30.750000
-0.277804 -0.053975 30.750000
-0.267664 -0.071768 30.750000
-0.257488 -0.089541 30.750000
-0.247286 -0.107299 30.750000
-0.237064 -0.125045 30.750000
-0.226824 -0.142781 30.750000
-0.216566 -0.160506 30.750000
-0.206288 -0.178220 30.750000
-0.195985 -0.195920 30.750000
-0.185645 -0.213598 30.750000
-0.175246 -0.231240 30.750000
-0.164710 -0.248802 30.750000
-0.153566 -0.265985 30.750000
-0.133114 -0.267044 30.750000
-0.112637 -0.267387 30.750000
-0.092158 -0.267573 30.750000
-0.071679 -0.267688 30.750000
-0.051199 -0.267761 30.750000
-0.030720 -0.267805 30.750000
-0.010240 -0.267826 30.750000
0.010240 -0.267826 30.750000
0.030720 -0.267805 30.750000
0.051199 -0.267761 30.750000
0.071679 -0.267688 30.750000
0.092158 -0.267573 30.750000
0.112637 -0.267387 30.750000
0.133114 -0.267044 30.750000
0.153566 -0.265985 30.750000
0.164710 -0.248802 30.750000
0.175246 -0.231240 30.750000
0.185645 -0.213598 30.750000
0.195985 -0.195920 30.750000
0.206288 -0.178220 30.750000
0.216566 -0.160506 30.750000
0.226824 -0.142781 30.750000
0.237064 -0.125045 30.750000
0.247286 -0.107299 30.750000
0.257488 -0.089541 30.750000
0.267664 -0.071768 30.750000
0.277804 -0.053975 30.750000
0.287883 -0.036147 30.750000
0.297824 -0.018242 30.750000
0.307133 0.000000 30.750000

