0.336503 0.000000 36.000000
0.326279 0.019973 36.000000
0.315376 0.039584 36.000000
0.304325 0.059112 36.000000
0.293210 0.078603 36.000000
0.282056 0.098072 36.000000
0.270875 0.117526 36.000000
0.259674 0.136968 36.000000
0.248455 0.156400 36.000000
0.237218 0.175822 36.000000
0.225961 0.195231 36.000000
0.214677 0.214625 36.000000
0.203355 0.233997 36.000000
0.191969 0.253332 36.000000
0.180437 0.272579 36.000000
0.168251 0.291420 36.000000
0.145842 0.292553 36.000000
0.123407 0.292916 36.000000
0.100970 0.293110 36.000000
0.078532 0.293229 36.000000
0.056095 0.293304 36.000000
0.033657 0.293348 36.000000
0.011219 0.293368 36.000000
-0.011219 0.293368 36.000000
-0.033657 0.293348 36.000000
-0.056095 0.293304 36.000000
-0.078532 0.293229 36.000000
-0.100970 0.293110 36.000000
-0.123407 0.292916 36.000000
-0.145842 0.292553 36.000000
-0.168251 0.291420 36.000000
-0.180437 0.272579 36.000000
-0.191969 0.253332 36.000000
-0.203355 0.233997 36.000000
-0.214677 0.214625 36.000000
-0.225961 0.195231 36.000000
-0.237218 0.175822 36.000000
-0.248455 0.156400 36.000000
-0.259674 0.136968 36.000000
-0.270875 0.117526 36.000000
-0.282056 0.098072 36.000000
-0.293210 0.078603 36.000000
-0.304325 0.059112 36.000000
-0.315376 0.039584 36.000000
-0.326279 0.019973 36.000000
-0.336503 0.000000 36.000000
-0.326279 -0.019973 36.000000
-0.315376 -0.039584 36.000000
-0.304325 -0.059112 36.000000
-0.293210 -0.078603 36.000000
-0.282056 -0.098072 36.000000
-0.270875 -0.117526 36.000000
-0.259674 -0.136968 36.000000
-0.248455 -0.156400 36.000000
-0.237218 -0.175822 36.000000
-0.225961 -0.195231 36.000000
-0.214677 -0.214625 36.000000
-0.203355 -0.233997 36.000000
-0.191969 -0.253332 36.000000
-0.180437 -0.272579 36.000000
-0.168251 -0.291420 36.000000
-0.145842 -0.292553 36.000000
-0.123407 -0.292916 36.000000
-0.100970 -0.293110 36.000000
-0.078532 -0.293229 36.000000
-0.056095 -0.293304 36.000000
-0.033657 -0.293348 36.000000
-0.011219 -0.293368 36.000000
0.011219 -0.293368 36.000000
0.033657 -0.293348 36.000000
0.056095 -0.293304 36.000000
0.078532 -0.293229 36.000000
0.100970 -0.293110 36.000000
0.123407 -0.292916 36.000000
0.145842 -0.292553 36.000000
0.168251 -0.291420 36.000000
0.180437 -0.272579 36.000000
0.191969 -0.253332 36.000000
0.203355 -0.233997 36.000000
0.214677 -0.214625 36.000000
0.225961 -0.195231 36.000000
0.237218 -0.175822 36.000000
0.248455 -0.156400 36.000000
0.259674 -0.136968 36.000000
0.270875 -0.117526 36.000000
0.282056 -0.098072 36.000000
0.293210 -0.078603 36.000000
0.304325 -0.059112 36.000000
0.315376 -0.039584 36.000000
0.326279 -0.019973 36.000000
0.336503 0.000000 36.000000

