0.187520 0.000000 12.590000
0.181899 0.011170 12.590000
0.175857 0.022118 12.590000
0.169722 0.033014 12.590000
0.163544 0.043886 12.590000
0.157341 0.054743 12.590000
0.151119 0.065590 12.590000
0.144881 0.076427 12.590000
0.138628 0.087257 12.590000
0.132362 0.098078 12.590000
0.126079 0.108889 12.590000
0.119778 0.119690 12.590000
0.113452 0.130476 12.590000
0.107084 0.141238 12.590000
0.100623 0.151944 12.590000
0.093760 0.162397 12.590000
0.081276 0.163115 12.590000
0.068774 0.163356 12.590000
0.056270 0.163490 12.590000
0.043766 0.163576 12.590000
0.031261 0.163633 12.590000
0.018757 0.163668 12.590000
0.006252 0.163684 12.590000
-0.006252 0.163684 12.590000
-0.018757 0.163668 12.590000
-0.031261 0.163633 12.590000
-0.043766 0.163576 12.590000
-0.056270 0.163490 12.590000
-0.068774 0.163356 12.590000
-0.081276 0.163115 12.590000
-0.093760 0.162397 12.590000
-0.100623 0.151944 12.590000
-0.107084 0.141238 12.590000
-0.113452 0.130476 12.590000
-0.119778 0.119690 12.590000
-0.126079 0.108889 12.590000
-0.132362 0.098078 12.590000
-0.138628 0.087257 12.590000
-0.144881 0.076427 12.590000
-0.151119 0.065590 12.590000
-0.157341 0.054743 12.590000
-0.163544 0.043886 12.590000
-0.169722 0.033014 12.590000
-0.175857 0.022118 12.590000
-0.181899 0.011170 12.590000
-0.187520 0.000000 12.590000
-0.181899 -0.011170 12.590000
-0.175857 -0.022118 12.590000
-0.169722 -0.033014 12.590000
-0.163544 -0.043886 12.590000
-0.157341 -0.054743 12.590000
-0.151119 -0.065590 12.590000
-0.144881 -0.076427 12.590000
-0.138628 -0.087257 12.590000
-0.132362 -0.098078 12.590000
-0.126079 -0.108889 12.590000
-0.119778 -0.119690 12.590000
-0.113452 -0.130476 12.590000
-0.107084 -0.141238 12.590000
-0.100623 -0.151944 12.590000
-0.093760 -0.162397 12.590000
-0.081276 -0.163115 12.590000
-0.068774 -0.163356 12.590000
-0.056270 -0.163490 12.590000
-0.043766 -0.163576 12.590000
-0.031261 -0.163633 12.590000
-0.018757 -0.163668 12.590000
-0.006252 -0.163684 12.590000
0.006252 -0.163684 12.590000
0.018757 -0.163668 12.590000
0.031261 -0.163633 12.590000
0.043766 -0.163576 12.590000
0.056270 -0.163490 12.590000
0.068774 -0.163356 12.590000
0.081276 -0.163115 12.590000
0.093760 -0.162397 12.590000
0.100623 -0.151944 12.590000
0.107084 -0.141238 12.590000
0.113452 -0.130476 12.590000
0.119778 -0.119690 12.590000
0.126079 -0.108889 12.590000
0.132362 -0.098078 12.590000
0.138628 -0.087257 12.590000
0.144881 -0.076427 12.590000
0.151119 -0.065590 12.590000
0.157341 -0.054743 12.590000
0.163544 -0.043886 12.590000
0.169722 -0.033014 12.590000
0.175857 -0.022118 12.590000
0.181899 -0.011170 12.590000
0.187520 0.000000 12.590000

