0.275541 0.000000 25.430000
0.267213 0.016377 25.430000
0.258304 0.032447 25.430000
0.249269 0.048445 25.430000
0.240177 0.064411 25.430000
0.231052 0.080358 25.430000
0.221902 0.096292 25.430000
0.212733 0.112213 25.430000
0.203546 0.128125 25.430000
0.194342 0.144027 25.430000
0.185118 0.159918 25.430000
0.175870 0.175794 25.430000
0.166589 0.191651 25.430000
0.157252 0.207475 25.430000
0.147790 0.223224 25.430000
0.137771 0.238626 25.430000
0.119423 0.239602 25.430000
0.101053 0.239922 25.430000
0.082680 0.240096 25.430000
0.064307 0.240205 25.430000
0.045934 0.240276 25.430000
0.027560 0.240319 25.430000
0.009187 0.240339 25.430000
-0.009187 0.240339 25.430000
-0.027560 0.240319 25.430000
-0.045934 0.240276 25.430000
-0.064307 0.240205 25.430000
-0.082680 0.240096 25.430000
-0.101053 0.239922 25.430000
-0.119423 0.239602 25.430000
-0.137771 0.238626 25.430000
-0.147790 0.223224 25.430000
-0.157252 0.207475 25.430000
-0.166589 0.191651 25.430000
-0.175870 0.175794 25.430000
-0.185118 0.159918 25.430000
-0.194342 0.144027 25.430000
-0.203546 0.128125 25.430000
-0.212733 0.112213 25.430000
-0.221902 0.096292 25.430000
-0.231052 0.080358 25.430000
-0.240177 0.064411 25.430000
-0.249269 0.048445 25.430000
-0.258304 0.032447 25.430000
-0.267213 0.016377 25.430000
-0.275541 0.000000 25.430000
-0.267213 -0.016377 25.430000
-0.258304 -0.032447 25.430000
-0.249269 -0.048445 25.430000
-0.240177 -0.064411 25.430000
-0.231052 -0.080358 25.430000
-0.221902 -0.096292 25.430000
-0.212733 -0.112213 25.430000
-0.203546 -0.128125 25.430000
-0.194342 -0.144027 25.430000
-0.185118 -0.159918 25.430000
-0.175870 -0.175794 25.430000
-0.166589 -0.191651 25.430000
-0.157252 -0.207475 25.430000
-0.147790 -0.223224 25.430000
-0.137771 -0.238626 25.430000
-0.119423 -0.239602 25.430000
-0.101053 -0.239922 25.430000
-0.082680 -0.240096 25.430000
-0.064307 -0.240205 25.430000
-0.045934 -0.240276 25.430000
-0.027560 -0.240319 25.430000
-0.009187 -0.240339 25.430000
0.009187 -0.240339 25.430000
0.027560 -0.240319 25.430000
0.045934 -0.240276 25.430000
0.064307 -0.240205 25.430000
0.082680 -0.240096 25.430000
0.101053 -0.239922 25.430000
0.119423 -0.239602 25.430000
0.137771 -0.238626 25.430000
0.147790 -0.223224 25.430000
0.157252 -0.207475 25.430000
0.166589 -0.191651 25.430000
0.175870 -0.175794 25.430000
0.185118 -0.159918 25.430000
0.194342 -0.144027 25.430000
0.203546 -0.128125 25.430000
0.212733 -0.112213 25.430000
0.221902 -0.096292 25.430000
0.231052 -0.080358 25.430000
0.240177 -0.064411 25.430000
0.249269 -0.048445 25.430000
0.258304 -0.032447 25.430000
0.267213 -0.016377 25.430000
0.275541 0.000000 25.430000

