0.287484 0.000000 27.400000
0.278785 0.017082 27.400000
0.269487 0.033846 27.400000
0.260057 0.050536 27.400000
0.250569 0.067193 27.400000
0.241047 0.083830 27.400000
0.231499 0.100453 27.400000
0.221932 0.117065 27.400000
0.212347 0.133666 27.400000
0.202745 0.150258 27.400000
0.193122 0.166837 27.400000
0.183476 0.183403 27.400000
0.173794 0.199948 27.400000
0.164055 0.216460 27.400000
0.154187 0.232894 27.400000
0.143742 0.248969 27.400000
0.124599 0.249977 27.400000
0.105432 0.250305 27.400000
0.086263 0.250484 27.400000
0.067094 0.250596 27.400000
0.047924 0.250668 27.400000
0.028755 0.250711 27.400000
0.009585 0.250731 27.400000
-0.009585 0.250731 27.400000
-0.028755 0.250711 27.400000
-0.047924 0.250668 27.400000
-0.067094 0.250596 27.400000
-0.086263 0.250484 27.400000
-0.105432 0.250305 27.400000
-0.124599 0.249977 27.400000
-0.143742 0.248969 27.400000
-0.154187 0.232894 27.400000
-0.164055 0.216460 27.400000
-0.173794 0.199948 27.400000
-0.183476 0.183403 27.400000
-0.193122 0.166837 27.400000
-0.202745 0.150258 27.400000
-0.212347 0.133666 27.400000
-0.221932 0.117065 27.400000
-0.231499 0.100453 27.400000
-0.241047 0.083830 27.400000
-0.250569 0.067193 27.400000
-0.260057 0.050536 27.400000
-0.269487 0.033846 27.400000
-0.278785 0.017082 27.400000
-0.287484 0.000000 27.400000
-0.278785 -0.017082 27.400000
-0.269487 -0.033846 27.400000
-0.260057 -0.050536 27.400000
-0.250569 -0.067193 27.400000
-0.241047 -0.083830 27.400000
-0.231499 -0.100453 27.400000
-0.221932 -0.117065 27.400000
-0.212347 -0.133666 27.400000
-0.202745 -0.150258 27.400000
-0.193122 -0.166837 27.400000
-0.183476 -0.183403 27.400000
-0.173794 -0.199948 27.400000
-0.164055 -0.216460 27.400000
-0.154187 -0.232894 27.400000
-0.143742 -0.248969 27.400000
-0.124599 -0.249977 27.400000
-0.105432 -0.250305 27.400000
-0.086263 -0.250484 27.400000
-0.067094 -0.250596 27.400000
-0.047924 -0.250668 27.400000
-0.028755 -0.250711 27.400000
-0.009585 -0.250731 27.400000
0.009585 -0.250731 27.400000
0.028755 -0.250711 27.400000
0.047924 -0.250668 27.400000
0.067094 -0.250596 27.400000
0.086263 -0.250484 27.400000
0.105432 -0.250305 27.400000
0.124599 -0.249977 27.400000
0.143742 -0.248969 27.400000
0.154187 -0.232894 27.400000
0.164055 -0.216460 27.400000
0.173794 -0.199948 27.400000
0.183476 -0.183403 27.400000
0.193122 -0.166837 27.400000
0.202745 -0.150258 27.400000
0.212347 -0.133666 27.400000
0.221932 -0.117065 27.400000
0.231499 -0.100453 27.400000
0.241047 -0.083830 27.400000
0.250569 -0.067193 27.400000
0.260057 -0.050536 27.400000
0.269487 -0.033846 27.400000
0.278785 -0.017082 27.400000
0.287484 0.000000 27.400000

