0.247505 0.000000 21.010000
0.240043 0.014721 21.010000
0.232049 0.029160 21.010000
0.223939 0.043534 21.010000
0.215776 0.057878 21.010000
0.207582 0.072205 21.010000
0.199366 0.086518 21.010000
0.191130 0.100821 21.010000
0.182878 0.115114 21.010000
0.174609 0.129397 21.010000
0.166322 0.143669 21.010000
0.158012 0.157929 21.010000
0.149671 0.172170 21.010000
0.141278 0.186380 21.010000
0.132770 0.200523 21.010000
0.123752 0.214345 21.010000
0.107273 0.215243 21.010000
0.090771 0.215540 21.010000
0.074268 0.215703 21.010000
0.057764 0.215807 21.010000
0.041260 0.215874 21.010000
0.024756 0.215915 21.010000
0.008252 0.215934 21.010000
-0.008252 0.215934 21.010000
-0.024756 0.215915 21.010000
-0.041260 0.215874 21.010000
-0.057764 0.215807 21.010000
-0.074268 0.215703 21.010000
-0.090771 0.215540 21.010000
-0.107273 0.215243 21.010000
-0.123752 0.214345 21.010000
-0.132770 0.200523 21.010000
-0.141278 0.186380 21.010000
-0.149671 0.172170 21.010000
-0.158012 0.157929 21.010000
-0.166322 0.143669 21.010000
-0.174609 0.129397 21.010000
-0.182878 0.115114 21.010000
-0.191130 0.100821 21.010000
-0.199366 0.086518 21.010000
-0.207582 0.072205 21.010000
-0.215776 0.057878 21.010000
-0.223939 0.043534 21.010000
-0.232049 0.029160 21.010000
-0.240043 0.014721 21.010000
-0.247505 0.000000 21.010000
-0.240043 -0.014721 21.010000
-0.232049 -0.029160 21.010000
-0.223939 -0.043534 21.010000
-0.215776 -0.057878 21.010000
-0.207582 -0.072205 21.010000
-0.199366 -0.086518 21.010000
-0.191130 -0.100821 21.010000
-0.182878 -0.115114 21.010000
-0.174609 -0.129397 21.010000
-0.166322 -0.143669 21.010000
-0.158012 -0.157929 21.010000
-0.149671 -0.172170 21.010000
-0.141278 -0.186380 21.010000
-0.132770 -0.200523 21.010000
-0.123752 -0.214345 21.010000
-0.107273 -0.215243 21.010000
-0.090771 -0.215540 21.010000
-0.074268 -0.215703 21.010000
-0.057764 -0.215807 21.010000
-0.041260 -0.215874 21.010000
-0.024756 -0.215915 21.010000
-0.008252 -0.215934 21.010000
0.008252 -0.215934 21.010000
0.024756 -0.215915 21.010000
0.041260 -0.215874 21.010000
0.057764 -0.215807 21.010000
0.074268 -0.215703 21.010000
0.090771 -0.215540 21.010000
0.107273 -0.215243 21.010000
0.123752 -0.214345 21.010000
0.132770 -0.200523 21.010000
0.141278 -0.186380 21.010000
0.149671 -0.172170 21.010000
0.158012 -0.157929 21.010000
0.166322 -0.143669 21.010000
0.174609 -0.129397 21.010000
0.182878 -0.115114 21.010000
0.191130 -0.100821 21.010000
0.199366 -0.086518 21.010000
0.207582 -0.072205 21.010000
0.215776 -0.057878 21.010000
0.223939 -0.043534 21.010000
0.232049 -0.029160 21.010000
0.240043 -0.014721 21.010000
0.247505 0.000000 21.010000

