0.344564 0.000000 37.490000
0.334089 0.020448 37.490000
0.322922 0.040527 37.490000
0.311604 0.060522 37.490000
0.300220 0.080479 37.490000
0.288798 0.100413 37.490000
0.277348 0.120333 37.490000
0.265878 0.140240 37.490000
0.254391 0.160137 37.490000
0.242885 0.180024 37.490000
0.231359 0.199899 37.490000
0.219807 0.219759 37.490000
0.208215 0.239596 37.490000
0.196558 0.259395 37.490000
0.184753 0.279105 37.490000
0.172282 0.298401 37.490000
0.149336 0.299553 37.490000
0.126363 0.299922 37.490000
0.103389 0.300118 37.490000
0.080414 0.300238 37.490000
0.057438 0.300313 37.490000
0.034463 0.300357 37.490000
0.011488 0.300378 37.490000
-0.011488 0.300378 37.490000
-0.034463 0.300357 37.490000
-0.057438 0.300313 37.490000
-0.080414 0.300238 37.490000
-0.103389 0.300118 37.490000
-0.126363 0.299922 37.490000
-0.149336 0.299553 37.490000
-0.172282 0.298401 37.490000
-0.184753 0.279105 37.490000
-0.196558 0.259395 37.490000
-0.208215 0.239596 37.490000
-0.219807 0.219759 37.490000
-0.231359 0.199899 37.490000
-0.242885 0.180024 37.490000
-0.254391 0.160137 37.490000
-0.265878 0.140240 37.490000
-0.277348 0.120333 37.490000
-0.288798 0.100413 37.490000
-0.300220 0.080479 37.490000
-0.311604 0.060522 37.490000
-0.322922 0.040527 37.490000
-0.334089 0.020448 37.490000
-0.344564 0.000000 37.490000
-0.334089 -0.020448 37.490000
-0.322922 -0.040527 37.490000
-0.311604 -0.060522 37.490000
-0.300220 -0.080479 37.490000
-0.288798 -0.100413 37.490000
-0.277348 -0.120333 37.490000
-0.265878 -0.140240 37.490000
-0.254391 -0.160137 37.490000
-0.242885 -0.180024 37.490000
-0.231359 -0.199899 37.490000
-0.219807 -0.219759 37.490000
-0.208215 -0.239596 37.490000
-0.196558 -0.259395 37.490000
-0.184753 -0.279105 37.490000
-0.172282 -0.298401 37.490000
-0.149336 -0.299553 37.490000
-0.126363 -0.299922 37.490000
-0.103389 -0.300118 37.490000
-0.080414 -0.300238 37.490000
-0.057438 -0.300313 37.490000
-0.034463 -0.300357 37.490000
-0.011488 -0.300378 37.490000
0.011488 -0.300378 37.490000
0.034463 -0.300357 37.490000
0.057438 -0.300313 37.490000
0.080414 -0.300238 37.490000
0.103389 -0.300118 37.490000
0.126363 -0.299922 37.490000
0.149336 -0.299553 37.490000
0.172282 -0.298401 37.490000
0.184753 -0.279105 37.490000
0.196558 -0.259395 37.490000
0.208215 -0.239596 37.490000
0.219807 -0.219759 37.490000
0.231359 -0.199899 37.490000
0.242885 -0.180024 37.490000
0.254391 -0.160137 37.490000
0.265878 -0.140240 37.490000
0.277348 -0.120333 37.490000
0.288798 -0.100413 37.490000
0.300220 -0.080479 37.490000
0.311604 -0.060522 37.490000
0.322922 -0.040527 37.490000
0.334089 -0.020448 37.490000
0.344564 0.000000 37.490000

