0.332402 0.000000 35.250000
0.322306 0.019732 35.250000
0.311538 0.039104 35.250000
0.300623 0.058395 35.250000
0.289643 0.077649 35.250000
0.278626 0.096881 35.250000
0.267582 0.116098 35.250000
0.256518 0.135304 35.250000
0.245435 0.154499 35.250000
0.234335 0.173683 35.250000
0.223215 0.192856 35.250000
0.212068 0.212014 35.250000
0.200883 0.231149 35.250000
0.189634 0.250247 35.250000
0.178241 0.269259 35.250000
0.166201 0.287868 35.250000
0.144065 0.288991 35.250000
0.121903 0.289352 35.250000
0.099740 0.289544 35.250000
0.077576 0.289663 35.250000
0.055411 0.289738 35.250000
0.033247 0.289782 35.250000
0.011082 0.289803 35.250000
-0.011082 0.289803 35.250000
-0.033247 0.289782 35.250000
-0.055411 0.289738 35.250000
-0.077576 0.289663 35.250000
-0.099740 0.289544 35.250000
-0.121903 0.289352 35.250000
-0.144065 0.288991 35.250000
-0.166201 0.287868 35.250000
-0.178241 0.269259 35.250000
-0.189634 0.250247 35.250000
-0.200883 0.231149 35.250000
-0.212068 0.212014 35.250000
-0.223215 0.192856 35.250000
-0.234335 0.173683 35.250000
-0.245435 0.154499 35.250000
-0.256518 0.135304 35.250000
-0.267582 0.116098 35.250000
-0.278626 0.096881 35.250000
-0.289643 0.077649 35.250000
-0.300623 0.058395 35.250000
-0.311538 0.039104 35.250000
-0.322306 0.019732 35.250000
-0.332402 0.000000 35.250000
-0.322306 -0.019732 35.250000
-0.311538 -0.039104 35.250000
-0.300623 -0.058395 35.250000
-0.289643 -0.077649 35.250000
-0.278626 -0.096881 35.250000
-0.267582 -0.116098 35.250000
-0.256518 -0.135304 35.250000
-0.245435 -0.154499 35.250000
-0.234335 -0.173683 35.250000
-0.223215 -0.192856 35.250000
-0.212068 -0.212014 35.250000
-0.200883 -0.231149 35.250000
-0.189634 -0.250247 35.250000
-0.178241 -0.269259 35.250000
-0.166201 -0.287868 35.250000
-0.144065 -0.288991 35.250000
-0.121903 -0.289352 35.250000
-0.099740 -0.289544 35.250000
-0.077576 -0.289663 35.250000
-0.055411 -0.289738 35.250000
-0.033247 -0.289782 35.250000
-0.011082 -0.289803 35.250000
0.011082 -0.289803 35.250000
0.033247 -0.289782 35.250000
0.055411 -0.289738 35.250000
0.077576 -0.289663 35.250000
0.099740 -0.289544 35.250000
0.121903 -0.289352 35.250000
0.144065 -0.288991 35.250000
0.166201 -0.287868 35.250000
0.178241 -0.269259 35.250000
0.189634 -0.250247 35.250000
0.200883 -0.231149 35.250000
0.212068 -0.212014 35.250000
0.223215 -0.192856 35.250000
0.234335 -0.173683 35.250000
0.245435 -0.154499 35.250000
0.256518 -0.135304 35.250000
0.267582 -0.116098 35.250000
0.278626 -0.096881 35.250000
0.289643 -0.077649 35.250000
0.300623 -0.058395 35.250000
0.311538 -0.039104 35.250000
0.322306 -0.019732 35.250000
0.332402 0.000000 35.250000

