0.090283 -0.000000 2.430000
0.087605 0.005392 2.430000
0.084707 0.010670 2.430000
0.081760 0.015920 2.430000
0.078791 0.021158 2.430000
0.075808 0.026387 2.430000
0.072814 0.031611 2.430000
0.069812 0.036830 2.430000
0.066801 0.042044 2.430000
0.063783 0.047253 2.430000
0.060756 0.052458 2.430000
0.057719 0.057656 2.430000
0.054667 0.062846 2.430000
0.051594 0.068024 2.430000
0.048472 0.073172 2.430000
0.045141 0.078187 2.430000
0.039132 0.078564 2.430000
0.033113 0.078694 2.430000
0.027093 0.078767 2.430000
0.021072 0.078814 2.430000
0.015052 0.078845 2.430000
0.009031 0.078864 2.430000
0.003010 0.078873 2.430000
-0.003010 0.078873 2.430000
-0.009031 0.078864 2.430000
-0.015052 0.078845 2.430000
-0.021072 0.078814 2.430000
-0.027093 0.078767 2.430000
-0.033113 0.078694 2.430000
-0.039132 0.078564 2.430000
-0.045141 0.078187 2.430000
-0.048472 0.073172 2.430000
-0.051594 0.068024 2.430000
-0.054667 0.062846 2.430000
-0.057719 0.057656 2.430000
-0.060756 0.052458 2.430000
-0.063783 0.047253 2.430000
-0.066801 0.042044 2.430000
-0.069812 0.036830 2.430000
-0.072814 0.031611 2.430000
-0.075808 0.026387 2.430000
-0.078791 0.021158 2.430000
-0.081760 0.015920 2.430000
-0.084707 0.010670 2.430000
-0.087605 0.005392 2.430000
-0.090283 -0.000000 2.430000
-0.087605 -0.005392 2.430000
-0.084707 -0.010670 2.430000
-0.081760 -0.015920 2.430000
-0.078791 -0.021158 2.430000
-0.075808 -0.026387 2.430000
-0.072814 -0.031611 2.430000
-0.069812 -0.036830 2.430000
-0.066801 -0.042044 2.430000
-0.063783 -0.047253 2.430000
-0.060756 -0.052458 2.430000
-0.057719 -0.057656 2.430000
-0.054667 -0.062846 2.430000
-0.051594 -0.068024 2.430000
-0.048472 -0.073172 2.430000
-0.045141 -0.078187 2.430000
-0.039132 -0.078564 2.430000
-0.033113 -0.078694 2.430000
-0.027093 -0.078767 2.430000
-0.021072 -0.078814 2.430000
-0.015052 -0.078845 2.430000
-0.009031 -0.078864 2.430000
-0.003010 -0.078873 2.430000
0.003010 -0.078873 2.430000
0.009031 -0.078864 2.430000
0.015052 -0.078845 2.430000
0.021072 -0.078814 2.430000
0.027093 -0.078767 2.430000
0.033113 -0.078694 2.430000
0.039132 -0.078564 2.430000
0.045141 -0.078187 2.430000
0.048472 -0.073172 2.430000
0.051594 -0.068024 2.430000
0.054667 -0.062846 2.430000
0.057719 -0.057656 2.430000
0.060756 -0.052458 2.430000
0.063783 -0.047253 2.430000
0.066801 -0.042044 2.430000
0.069812 -0.036830 2.430000
0.072814 -0.031611 2.430000
0.075808 -0.026387 2.430000
0.078791 -0.021158 2.430000
0.081760 -0.015920 2.430000
0.084707 -0.010670 2.430000
0.087605 -0.005392 2.430000
0.090283 -0.000000 2.430000

