0.190168 0.000000 12.930000
0.184467 0.011327 12.930000
0.178339 0.022429 12.930000
0.172116 0.033479 12.930000
0.165851 0.044504 12.930000
0.159560 0.055515 12.930000
0.153250 0.066514 12.930000
0.146924 0.077505 12.930000
0.140583 0.088487 12.930000
0.134228 0.099461 12.930000
0.127857 0.110426 12.930000
0.121467 0.121379 12.930000
0.115051 0.132318 12.930000
0.108594 0.143231 12.930000
0.102043 0.154090 12.930000
0.095084 0.164691 12.930000
0.082424 0.165417 12.930000
0.069745 0.165661 12.930000
0.057065 0.165796 12.930000
0.044384 0.165883 12.930000
0.031703 0.165940 12.930000
0.019022 0.165975 12.930000
0.006341 0.165992 12.930000
-0.006341 0.165992 12.930000
-0.019022 0.165975 12.930000
-0.031703 0.165940 12.930000
-0.044384 0.165883 12.930000
-0.057065 0.165796 12.930000
-0.069745 0.165661 12.930000
-0.082424 0.165417 12.930000
-0.095084 0.164691 12.930000
-0.102043 0.154090 12.930000
-0.108594 0.143231 12.930000
-0.115051 0.132318 12.930000
-0.121467 0.121379 12.930000
-0.127857 0.110426 12.930000
-0.134228 0.099461 12.930000
-0.140583 0.088487 12.930000
-0.146924 0.077505 12.930000
-0.153250 0.066514 12.930000
-0.159560 0.055515 12.930000
-0.165851 0.044504 12.930000
-0.172116 0.033479 12.930000
-0.178339 0.022429 12.930000
-0.184467 0.011327 12.930000
-0.190168 -0.000000 12.930000
-0.184467 -0.011327 12.930000
-0.178339 -0.022429 12.930000
-0.172116 -0.033479 12.930000
-0.165851 -0.044504 12.930000
-0.159560 -0.055515 12.930000
-0.153250 -0.066514 12.930000
-0.146924 -0.077505 12.930000
-0.140583 -0.088487 12.930000
-0.134228 -0.099461 12.930000
-0.127857 -0.110426 12.930000
-0.121467 -0.121379 12.930000
-0.115051 -0.132318 12.930000
-0.108594 -0.143231 12.930000
-0.102043 -0.154090 12.930000
-0.095084 -0.164691 12.930000
-0.082424 -0.165417 12.930000
-0.069745 -0.165661 12.930000
-0.057065 -0.165796 12.930000
-0.044384 -0.165883 12.930000
-0.031703 -0.165940 12.930000
-0.019022 -0.165975 12.930000
-0.006341 -0.165992 12.930000
0.006341 -0.165992 12.930000
0.019022 -0.165975 12.930000
0.031703 -0.165940 12.930000
0.044384 -0.165883 12.930000
0.057065 -0.165796 12.930000
0.069745 -0.165661 12.930000
0.082424 -0.165417 12.930000
0.095084 -0.164691 12.930000
0.102043 -0.154090 12.930000
0.108594 -0.143231 12.930000
0.115051 -0.132318 12.930000
0.121467 -0.121379 12.930000
0.127857 -0.110426 12.930000
0.134228 -0.099461 12.930000
0.140583 -0.088487 12.930000
0.146924 -0.077505 12.930000
0.153250 -0.066514 12.930000
0.159560 -0.055515 12.930000
0.165851 -0.044504 12.930000
0.172116 -0.033479 12.930000
0.178339 -0.022429 12.930000
0.184467 -0.011327 12.930000
0.190168 0.000000 12.930000

