0.176755 0.000000 11.240000
0.171463 0.010532 11.240000
0.165770 0.020853 11.240000
0.159988 0.031124 11.240000
0.154166 0.041373 11.240000
0.148320 0.051607 11.240000
0.142456 0.061832 11.240000
0.136576 0.072047 11.240000
0.130683 0.082255 11.240000
0.124776 0.092454 11.240000
0.118853 0.102645 11.240000
0.112913 0.112826 11.240000
0.106948 0.122992 11.240000
0.100944 0.133135 11.240000
0.094852 0.143225 11.240000
0.088378 0.153074 11.240000
0.076611 0.153757 11.240000
0.064826 0.153988 11.240000
0.053040 0.154116 11.240000
0.041253 0.154198 11.240000
0.029467 0.154253 11.240000
0.017680 0.154286 11.240000
0.005893 0.154302 11.240000
-0.005893 0.154302 11.240000
-0.017680 0.154286 11.240000
-0.029467 0.154253 11.240000
-0.041253 0.154198 11.240000
-0.053040 0.154116 11.240000
-0.064826 0.153988 11.240000
-0.076611 0.153757 11.240000
-0.088378 0.153074 11.240000
-0.094852 0.143225 11.240000
-0.100944 0.133135 11.240000
-0.106948 0.122992 11.240000
-0.112913 0.112826 11.240000
-0.118853 0.102645 11.240000
-0.124776 0.092454 11.240000
-0.130683 0.082255 11.240000
-0.136576 0.072047 11.240000
-0.142456 0.061832 11.240000
-0.148320 0.051607 11.240000
-0.154166 0.041373 11.240000
-0.159988 0.031124 11.240000
-0.165770 0.020853 11.240000
-0.171463 0.010532 11.240000
-0.176755 0.000000 11.240000
-0.171463 -0.010532 11.240000
-0.165770 -0.020853 11.240000
-0.159988 -0.031124 11.240000
-0.154166 -0.041373 11.240000
-0.148320 -0.051607 11.240000
-0.142456 -0.061832 11.240000
-0.136576 -0.072047 11.240000
-0.130683 -0.082255 11.240000
-0.124776 -0.092454 11.240000
-0.118853 -0.102645 11.240000
-0.112913 -0.112826 11.240000
-0.106948 -0.122992 11.240000
-0.100944 -0.133135 11.240000
-0.094852 -0.143225 11.240000
-0.088378 -0.153074 11.240000
-0.076611 -0.153757 11.240000
-0.064826 -0.153988 11.240000
-0.053040 -0.154116 11.240000
-0.041253 -0.154198 11.240000
-0.029467 -0.154253 11.240000
-0.017680 -0.154286 11.240000
-0.005893 -0.154302 11.240000
0.005893 -0.154302 11.240000
0.017680 -0.154286 11.240000
0.029467 -0.154253 11.240000
0.041253 -0.154198 11.240000
0.053040 -0.154116 11.240000
0.064826 -0.153988 11.240000
0.076611 -0.153757 11.240000
0.088378 -0.153074 11.240000
0.094852 -0.143225 11.240000
0.100944 -0.133135 11.240000
0.106948 -0.122992 11.240000
0.112913 -0.112826 11.240000
0.118853 -0.102645 11.240000
0.124776 -0.092454 11.240000
0.130683 -0.082255 11.240000
0.136576 -0.072047 11.240000
0.142456 -0.061832 11.240000
0.148320 -0.051607 11.240000
0.154166 -0.041373 11.240000
0.159988 -0.031124 11.240000
0.165770 -0.020853 11.240000
0.171463 -0.010532 11.240000
0.176755 0.000000 11.240000

