0.340683 0.000000 36.770000
0.330328 0.020220 36.770000
0.319289 0.040073 36.770000
0.308099 0.059843 36.770000
0.296845 0.079576 36.770000
0.285552 0.099286 36.770000
0.274232 0.118981 36.770000
0.262891 0.138665 36.770000
0.251533 0.158338 36.770000
0.240157 0.178001 36.770000
0.228760 0.197652 36.770000
0.217337 0.217287 36.770000
0.205875 0.236900 36.770000
0.194349 0.256475 36.770000
0.182675 0.275963 36.770000
0.170341 0.295040 36.770000
0.147653 0.296183 36.770000
0.124940 0.296549 36.770000
0.102224 0.296744 36.770000
0.079508 0.296863 36.770000
0.056791 0.296938 36.770000
0.034075 0.296982 36.770000
0.011358 0.297003 36.770000
-0.011358 0.297003 36.770000
-0.034075 0.296982 36.770000
-0.056791 0.296938 36.770000
-0.079508 0.296863 36.770000
-0.102224 0.296744 36.770000
-0.124940 0.296549 36.770000
-0.147653 0.296183 36.770000
-0.170341 0.295040 36.770000
-0.182675 0.275963 36.770000
-0.194349 0.256475 36.770000
-0.205875 0.236900 36.770000
-0.217337 0.217287 36.770000
-0.228760 0.197652 36.770000
-0.240157 0.178001 36.770000
-0.251533 0.158338 36.770000
-0.262891 0.138665 36.770000
-0.274232 0.118981 36.770000
-0.285552 0.099286 36.770000
-0.296845 0.079576 36.770000
-0.308099 0.059843 36.770000
-0.319289 0.040073 36.770000
-0.330328 0.020220 36.770000
-0.340683 0.000000 36.770000
-0.330328 -0.020220 36.770000
-0.319289 -0.040073 36.770000
-0.308099 -0.059843 36.770000
-0.296845 -0.079576 36.770000
-0.285552 -0.099286 36.770000
-0.274232 -0.118981 36.770000
-0.262891 -0.138665 36.770000
-0.251533 -0.158338 36.770000
-0.240157 -0.178001 36.770000
-0.228760 -0.197652 36.770000
-0.217337 -0.217287 36.770000
-0.205875 -0.236900 36.770000
-0.194349 -0.256475 36.770000
-0.182675 -0.275963 36.770000
-0.170341 -0.295040 36.770000
-0.147653 -0.296183 36.770000
-0.124940 -0.296549 36.770000
-0.102224 -0.296744 36.770000
-0.079508 -0.296863 36.770000
-0.056791 -0.296938 36.770000
-0.034075 -0.296982 36.770000
-0.011358 -0.297003 36.770000
0.011358 -0.297003 36.770000
0.034075 -0.296982 36.770000
0.056791 -0.296938 36.770000
0.079508 -0.296863 36.770000
0.102224 -0.296744 36.770000
0.124940 -0.296549 36.770000
0.147653 -0.296183 36.770000
0.170341 -0.295040 36.770000
0.182675 -0.275963 36.770000
0.194349 -0.256475 36.770000
0.205875 -0.236900 36.770000
0.217337 -0.217287 36.770000
0.228760 -0.197652 36.770000
0.240157 -0.178001 36.770000
0.251533 -0.158338 36.770000
0.262891 -0.138665 36.770000
0.274232 -0.118981 36.770000
0.285552 -0.099286 36.770000
0.296845 -0.079576 36.770000
0.308099 -0.059843 36.770000
0.319289 -0.040073 36.770000
0.330328 -0.020220 36.770000
0.340683 0.000000 36.770000

