0.316198 0.000000 32.340000
0.306607 0.018776 32.340000
0.296369 0.037208 32.340000
0.285990 0.055561 32.340000
0.275549 0.073878 32.340000
0.265072 0.092175 32.340000
0.254568 0.110456 32.340000
0.244044 0.128726 32.340000
0.233501 0.146985 32.340000
0.222941 0.165234 32.340000
0.212361 0.183471 32.340000
0.201755 0.201694 32.340000
0.191112 0.219895 32.340000
0.180408 0.238059 32.340000
0.169564 0.256141 32.340000
0.158099 0.273835 32.340000
0.137043 0.274918 32.340000
0.115961 0.275267 32.340000
0.094878 0.275455 32.340000
0.073794 0.275572 32.340000
0.052710 0.275646 32.340000
0.031626 0.275690 32.340000
0.010542 0.275711 32.340000
-0.010542 0.275711 32.340000
-0.031626 0.275690 32.340000
-0.052710 0.275646 32.340000
-0.073794 0.275572 32.340000
-0.094878 0.275455 32.340000
-0.115961 0.275267 32.340000
-0.137043 0.274918 32.340000
-0.158099 0.273835 32.340000
-0.169564 0.256141 32.340000
-0.180408 0.238059 32.340000
-0.191112 0.219895 32.340000
-0.201755 0.201694 32.340000
-0.212361 0.183471 32.340000
-0.222941 0.165234 32.340000
-0.233501 0.146985 32.340000
-0.244044 0.128726 32.340000
-0.254568 0.110456 32.340000
-0.265072 0.092175 32.340000
-0.275549 0.073878 32.340000
-0.285990 0.055561 32.340000
-0.296369 0.037208 32.340000
-0.306607 0.018776 32.340000
-0.316198 0.000000 32.340000
-0.306607 -0.018776 32.340000
-0.296369 -0.037208 32.340000
-0.285990 -0.055561 32.340000
-0.275549 -0.073878 32.340000
-0.265072 -0.092175 32.340000
-0.254568 -0.110456 32.340000
-0.244044 -0.128726 32.340000
-0.233501 -0.146985 32.340000
-0.222941 -0.165234 32.340000
-0.212361 -0.183471 32.340000
-0.201755 -0.201694 32.340000
-0.191112 -0.219895 32.340000
-0.180408 -0.238059 32.340000
-0.169564 -0.256141 32.340000
-0.158099 -0.273835 32.340000
-0.137043 -0.274918 32.340000
-0.115961 -0.275267 32.340000
-0.094878 -0.275455 32.340000
-0.073794 -0.275572 32.340000
-0.052710 -0.275646 32.340000
-0.031626 -0.275690 32.340000
-0.010542 -0.275711 32.340000
0.010542 -0.275711 32.340000
0.031626 -0.275690 32.340000
0.052710 -0.275646 32.340000
0.073794 -0.275572 32.340000
0.094878 -0.275455 32.340000
0.115961 -0.275267 32.340000
0.137043 -0.274918 32.340000
0.158099 -0.273835 32.340000
0.169564 -0.256141 32.340000
0.180408 -0.238059 32.340000
0.191112 -0.219895 32.340000
0.201755 -0.201694 32.340000
0.212361 -0.183471 32.340000
0.222941 -0.165234 32.340000
0.233501 -0.146985 32.340000
0.244044 -0.128726 32.340000
0.254568 -0.110456 32.340000
0.265072 -0.092175 32.340000
0.275549 -0.073878 32.340000
0.285990 -0.055561 32.340000
0.296369 -0.037208 32.340000
0.306607 -0.018776 32.340000
0.316198 0.000000 32.340000

