0.287544 0.000000 27.410000
0.278843 0.017086 27.410000
0.269543 0.033853 27.410000
0.260111 0.050546 27.410000
0.250621 0.067207 27.410000
0.241097 0.083848 27.410000
0.231547 0.100474 27.410000
0.221978 0.117089 27.410000
0.212391 0.133694 27.410000
0.202787 0.150289 27.410000
0.193163 0.166872 27.410000
0.183514 0.183441 27.410000
0.173830 0.199990 27.410000
0.164089 0.216505 27.410000
0.154219 0.232943 27.410000
0.143772 0.249020 27.410000
0.124625 0.250029 27.410000
0.105454 0.250358 27.410000
0.086281 0.250536 27.410000
0.067108 0.250648 27.410000
0.047934 0.250720 27.410000
0.028761 0.250763 27.410000
0.009587 0.250783 27.410000
-0.009587 0.250783 27.410000
-0.028761 0.250763 27.410000
-0.047934 0.250720 27.410000
-0.067108 0.250648 27.410000
-0.086281 0.250536 27.410000
-0.105454 0.250358 27.410000
-0.124625 0.250029 27.410000
-0.143772 0.249020 27.410000
-0.154219 0.232943 27.410000
-0.164089 0.216505 27.410000
-0.173830 0.199990 27.410000
-0.183514 0.183441 27.410000
-0.193163 0.166872 27.410000
-0.202787 0.150289 27.410000
-0.212391 0.133694 27.410000
-0.221978 0.117089 27.410000
-0.231547 0.100474 27.410000
-0.241097 0.083848 27.410000
-0.250621 0.067207 27.410000
-0.260111 0.050546 27.410000
-0.269543 0.033853 27.410000
-0.278843 0.017086 27.410000
-0.287544 0.000000 27.410000
-0.278843 -0.017086 27.410000
-0.269543 -0.033853 27.410000
-0.260111 -0.050546 27.410000
-0.250621 -0.067207 27.410000
-0.241097 -0.083848 27.410000
-0.231547 -0.100474 27.410000
-0.221978 -0.117089 27.410000
-0.212391 -0.133694 27.410000
-0.202787 -0.150289 27.410000
-0.193163 -0.166872 27.410000
-0.183514 -0.183441 27.410000
-0.173830 -0.199990 27.410000
-0.164089 -0.216505 27.410000
-0.154219 -0.232943 27.410000
-0.143772 -0.249020 27.410000
-0.124625 -0.250029 27.410000
-0.105454 -0.250358 27.410000
-0.086281 -0.250536 27.410000
-0.067108 -0.250648 27.410000
-0.047934 -0.250720 27.410000
-0.028761 -0.250763 27.410000
-0.009587 -0.250783 27.410000
0.009587 -0.250783 27.410000
0.028761 -0.250763 27.410000
0.047934 -0.250720 27.410000
0.067108 -0.250648 27.410000
0.086281 -0.250536 27.410000
0.105454 -0.250358 27.410000
0.124625 -0.250029 27.410000
0.143772 -0.249020 27.410000
0.154219 -0.232943 27.410000
0.164089 -0.216505 27.410000
0.173830 -0.199990 27.410000
0.183514 -0.183441 27.410000
0.193163 -0.166872 27.410000
0.202787 -0.150289 27.410000
0.212391 -0.133694 27.410000
0.221978 -0.117089 27.410000
0.231547 -0.100474 27.410000
0.241097 -0.083848 27.410000
0.250621 -0.067207 27.410000
0.260111 -0.050546 27.410000
0.269543 -0.033853 27.410000
0.278843 -0.017086 27.410000
0.287544 0.000000 27.410000

