0.301988 0.000000 29.860000
0.292839 0.017938 29.860000
0.283066 0.035545 29.860000
0.273157 0.053075 29.860000
0.263188 0.070570 29.860000
0.253183 0.088046 29.860000
0.243153 0.105506 29.860000
0.233102 0.122956 29.860000
0.223034 0.140395 29.860000
0.212948 0.157823 29.860000
0.202841 0.175240 29.860000
0.192710 0.192642 29.860000
0.182543 0.210024 29.860000
0.172316 0.227370 29.860000
0.161955 0.244637 29.860000
0.150994 0.261529 29.860000
0.130885 0.262575 29.860000
0.110751 0.262915 29.860000
0.090615 0.263098 29.860000
0.070478 0.263213 29.860000
0.050342 0.263286 29.860000
0.030205 0.263330 29.860000
0.010068 0.263350 29.860000
-0.010068 0.263350 29.860000
-0.030205 0.263330 29.860000
-0.050342 0.263286 29.860000
-0.070478 0.263213 29.860000
-0.090615 0.263098 29.860000
-0.110751 0.262915 29.860000
-0.130885 0.262575 29.860000
-0.150994 0.261529 29.860000
-0.161955 0.244637 29.860000
-0.172316 0.227370 29.860000
-0.182543 0.210024 29.860000
-0.192710 0.192642 29.860000
-0.202841 0.175240 29.860000
-0.212948 0.157823 29.860000
-0.223034 0.140395 29.860000
-0.233102 0.122956 29.860000
-0.243153 0.105506 29.860000
-0.253183 0.088046 29.860000
-0.263188 0.070570 29.860000
-0.273157 0.053075 29.860000
-0.283066 0.035545 29.860000
-0.292839 0.017938 29.860000
-0.301988 0.000000 29.860000
-0.292839 -0.017938 29.860000
-0.283066 -0.035545 29.860000
-0.273157 -0.053075 29.860000
-0.263188 -0.070570 29.860000
-0.253183 -0.088046 29.860000
-0.243153 -0.105506 29.860000
-0.233102 -0.122956 29.860000
-0.223034 -0.140395 29.860000
-0.212948 -0.157823 29.860000
-0.202841 -0.175240 29.860000
-0.192710 -0.192642 29.860000
-0.182543 -0.210024 29.860000
-0.172316 -0.227370 29.860000
-0.161955 -0.244637 29.860000
-0.150994 -0.261529 29.860000
-0.130885 -0.262575 29.860000
-0.110751 -0.262915 29.860000
-0.090615 -0.263098 29.860000
-0.070478 -0.263213 29.860000
-0.050342 -0.263286 29.860000
-0.030205 -0.263330 29.860000
-0.010068 -0.263350 29.860000
0.010068 -0.263350 29.860000
0.030205 -0.263330 29.860000
0.050342 -0.263286 29.860000
0.070478 -0.263213 29.860000
0.090615 -0.263098 29.860000
0.110751 -0.262915 29.860000
0.130885 -0.262575 29.860000
0.150994 -0.261529 29.860000
0.161955 -0.244637 29.860000
0.172316 -0.227370 29.860000
0.182543 -0.210024 29.860000
0.192710 -0.192642 29.860000
0.202841 -0.175240 29.860000
0.212948 -0.157823 29.860000
0.223034 -0.140395 29.860000
0.233102 -0.122956 29.860000
0.243153 -0.105506 29.860000
0.253183 -0.088046 29.860000
0.263188 -0.070570 29.860000
0.273157 -0.053075 29.860000
0.283066 -0.035545 29.860000
0.292839 -0.017938 29.860000
0.301988 0.000000 29.860000

