0.320028 0.000000 33.020000
0.310318 0.019002 33.020000
0.299955 0.037656 33.020000
0.289449 0.056231 33.020000
0.278881 0.074770 33.020000
0.268275 0.093287 33.020000
0.257644 0.111790 33.020000
0.246992 0.130281 33.020000
0.236322 0.148761 33.020000
0.225635 0.167231 33.020000
0.214927 0.185690 33.020000
0.204193 0.204133 33.020000
0.193422 0.222555 33.020000
0.182589 0.240940 33.020000
0.171615 0.259242 33.020000
0.160014 0.277152 33.020000
0.138702 0.278244 33.020000
0.117366 0.278597 33.020000
0.096027 0.278786 33.020000
0.074688 0.278903 33.020000
0.053349 0.278977 33.020000
0.032009 0.279021 33.020000
0.010670 0.279042 33.020000
-0.010670 0.279042 33.020000
-0.032009 0.279021 33.020000
-0.053349 0.278977 33.020000
-0.074688 0.278903 33.020000
-0.096027 0.278786 33.020000
-0.117366 0.278597 33.020000
-0.138702 0.278244 33.020000
-0.160014 0.277152 33.020000
-0.171615 0.259242 33.020000
-0.182589 0.240940 33.020000
-0.193422 0.222555 33.020000
-0.204193 0.204133 33.020000
-0.214927 0.185690 33.020000
-0.225635 0.167231 33.020000
-0.236322 0.148761 33.020000
-0.246992 0.130281 33.020000
-0.257644 0.111790 33.020000
-0.268275 0.093287 33.020000
-0.278881 0.074770 33.020000
-0.289449 0.056231 33.020000
-0.299955 0.037656 33.020000
-0.310318 0.019002 33.020000
-0.320028 0.000000 33.020000
-0.310318 -0.019002 33.020000
-0.299955 -0.037656 33.020000
-0.289449 -0.056231 33.020000
-0.278881 -0.074770 33.020000
-0.268275 -0.093287 33.020000
-0.257644 -0.111790 33.020000
-0.246992 -0.130281 33.020000
-0.236322 -0.148761 33.020000
-0.225635 -0.167231 33.020000
-0.214927 -0.185690 33.020000
-0.204193 -0.204133 33.020000
-0.193422 -0.222555 33.020000
-0.182589 -0.240940 33.020000
-0.171615 -0.259242 33.020000
-0.160014 -0.277152 33.020000
-0.138702 -0.278244 33.020000
-0.117366 -0.278597 33.020000
-0.096027 -0.278786 33.020000
-0.074688 -0.278903 33.020000
-0.053349 -0.278977 33.020000
-0.032009 -0.279021 33.020000
-0.010670 -0.279042 33.020000
0.010670 -0.279042 33.020000
0.032009 -0.279021 33.020000
0.053349 -0.278977 33.020000
0.074688 -0.278903 33.020000
0.096027 -0.278786 33.020000
0.117366 -0.278597 33.020000
0.138702 -0.278244 33.020000
0.160014 -0.277152 33.020000
0.171615 -0.259242 33.020000
0.182589 -0.240940 33.020000
0.193422 -0.222555 33.020000
0.204193 -0.204133 33.020000
0.214927 -0.185690 33.020000
0.225635 -0.167231 33.020000
0.236322 -0.148761 33.020000
0.246992 -0.130281 33.020000
0.257644 -0.111790 33.020000
0.268275 -0.093287 33.020000
0.278881 -0.074770 33.020000
0.289449 -0.056231 33.020000
0.299955 -0.037656 33.020000
0.310318 -0.019002 33.020000
0.320028 0.000000 33.020000

