0.141287 -0.000000 7.170000
0.137072 0.008427 7.170000
0.132529 0.016680 7.170000
0.127911 0.024893 7.170000
0.123260 0.033087 7.170000
0.118589 0.041269 7.170000
0.113902 0.049443 7.170000
0.109203 0.057609 7.170000
0.104492 0.065768 7.170000
0.099770 0.073921 7.170000
0.095034 0.082066 7.170000
0.090284 0.090203 7.170000
0.085513 0.098328 7.170000
0.080710 0.106433 7.170000
0.075834 0.114495 7.170000
0.070643 0.122358 7.170000
0.061238 0.122921 7.170000
0.051819 0.123113 7.170000
0.042397 0.123221 7.170000
0.032976 0.123290 7.170000
0.023554 0.123335 7.170000
0.014133 0.123364 7.170000
0.004711 0.123377 7.170000
-0.004711 0.123377 7.170000
-0.014133 0.123364 7.170000
-0.023554 0.123335 7.170000
-0.032976 0.123290 7.170000
-0.042397 0.123221 7.170000
-0.051819 0.123113 7.170000
-0.061238 0.122921 7.170000
-0.070643 0.122358 7.170000
-0.075834 0.114495 7.170000
-0.080710 0.106433 7.170000
-0.085513 0.098328 7.170000
-0.090284 0.090203 7.170000
-0.095034 0.082066 7.170000
-0.099770 0.073921 7.170000
-0.104492 0.065768 7.170000
-0.109203 0.057609 7.170000
-0.113902 0.049443 7.170000
-0.118589 0.041269 7.170000
-0.123260 0.033087 7.170000
-0.127911 0.024893 7.170000
-0.132529 0.016680 7.170000
-0.137072 0.008427 7.170000
-0.141287 -0.000000 7.170000
-0.137072 -0.008427 7.170000
-0.132529 -0.016680 7.170000
-0.127911 -0.024893 7.170000
-0.123260 -0.033087 7.170000
-0.118589 -0.041269 7.170000
-0.113902 -0.049443 7.170000
-0.109203 -0.057609 7.170000
-0.104492 -0.065768 7.170000
-0.099770 -0.073921 7.170000
-0.095034 -0.082066 7.170000
-0.090284 -0.090203 7.170000
-0.085513 -0.098328 7.170000
-0.080710 -0.106433 7.170000
-0.075834 -0.114495 7.170000
-0.070643 -0.122358 7.170000
-0.061238 -0.122921 7.170000
-0.051819 -0.123113 7.170000
-0.042397 -0.123221 7.170000
-0.032976 -0.123290 7.170000
-0.023554 -0.123335 7.170000
-0.014133 -0.123364 7.170000
-0.004711 -0.123377 7.170000
0.004711 -0.123377 7.170000
0.014133 -0.123364 7.170000
0.023554 -0.123335 7.170000
0.032976 -0.123290 7.170000
0.042397 -0.123221 7.170000
0.051819 -0.123113 7.170000
0.061238 -0.122921 7.170000
0.070643 -0.122358 7.170000
0.075834 -0.114495 7.170000
0.080710 -0.106433 7.170000
0.085513 -0.098328 7.170000
0.090284 -0.090203 7.170000
0.095034 -0.082066 7.170000
0.099770 -0.073921 7.170000
0.104492 -0.065768 7.170000
0.109203 -0.057609 7.170000
0.113902 -0.049443 7.170000
0.118589 -0.041269 7.170000
0.123260 -0.033087 7.170000
0.127911 -0.024893 7.170000
0.132529 -0.016680 7.170000
0.137072 -0.008427 7.170000
0.141287 -0.000000 7.170000

