0.272212 0.000000 24.890000
0.263987 0.016181 24.890000
0.255187 0.032057 24.890000
0.246262 0.047862 24.890000
0.237280 0.063636 24.890000
0.228266 0.079390 24.890000
0.219227 0.095131 24.890000
0.210168 0.110861 24.890000
0.201093 0.126581 24.890000
0.191999 0.142290 24.890000
0.182887 0.157989 24.890000
0.173750 0.173673 24.890000
0.164581 0.189338 24.890000
0.155355 0.204970 24.890000
0.146006 0.220529 24.890000
0.136106 0.235743 24.890000
0.117980 0.236710 24.890000
0.099832 0.237027 24.890000
0.081681 0.237200 24.890000
0.063530 0.237309 24.890000
0.045379 0.237379 24.890000
0.027227 0.237421 24.890000
0.009076 0.237442 24.890000
-0.009076 0.237442 24.890000
-0.027227 0.237421 24.890000
-0.045379 0.237379 24.890000
-0.063530 0.237309 24.890000
-0.081681 0.237200 24.890000
-0.099832 0.237027 24.890000
-0.117980 0.236710 24.890000
-0.136106 0.235743 24.890000
-0.146006 0.220529 24.890000
-0.155355 0.204970 24.890000
-0.164581 0.189338 24.890000
-0.173750 0.173673 24.890000
-0.182887 0.157989 24.890000
-0.191999 0.142290 24.890000
-0.201093 0.126581 24.890000
-0.210168 0.110861 24.890000
-0.219227 0.095131 24.890000
-0.228266 0.079390 24.890000
-0.237280 0.063636 24.890000
-0.246262 0.047862 24.890000
-0.255187 0.032057 24.890000
-0.263987 0.016181 24.890000
-0.272212 0.000000 24.890000
-0.263987 -0.016181 24.890000
-0.255187 -0.032057 24.890000
-0.246262 -0.047862 24.890000
-0.237280 -0.063636 24.890000
-0.228266 -0.079390 24.890000
-0.219227 -0.095131 24.890000
-0.210168 -0.110861 24.890000
-0.201093 -0.126581 24.890000
-0.191999 -0.142290 24.890000
-0.182887 -0.157989 24.890000
-0.173750 -0.173673 24.890000
-0.164581 -0.189338 24.890000
-0.155355 -0.204970 24.890000
-0.146006 -0.220529 24.890000
-0.136106 -0.235743 24.890000
-0.117980 -0.236710 24.890000
-0.099832 -0.237027 24.890000
-0.081681 -0.237200 24.890000
-0.063530 -0.237309 24.890000
-0.045379 -0.237379 24.890000
-0.027227 -0.237421 24.890000
-0.009076 -0.237442 24.890000
0.009076 -0.237442 24.890000
0.027227 -0.237421 24.890000
0.045379 -0.237379 24.890000
0.063530 -0.237309 24.890000
0.081681 -0.237200 24.890000
0.099832 -0.237027 24.890000
0.117980 -0.236710 24.890000
0.136106 -0.235743 24.890000
0.146006 -0.220529 24.890000
0.155355 -0.204970 24.890000
0.164581 -0.189338 24.890000
0.173750 -0.173673 24.890000
0.182887 -0.157989 24.890000
0.191999 -0.142290 24.890000
0.201093 -0.126581 24.890000
0.210168 -0.110861 24.890000
0.219227 -0.095131 24.890000
0.228266 -0.079390 24.890000
0.237280 -0.063636 24.890000
0.246262 -0.047862 24.890000
0.255187 -0.032057 24.890000
0.263987 -0.016181 24.890000
0.272212 0.000000 24.890000

