0.385568 0.000000 45.380000
0.373810 0.022863 45.380000
0.361297 0.045321 45.380000
0.348620 0.067688 45.380000
0.335872 0.090014 45.380000
0.323082 0.112316 45.380000
0.310265 0.134602 45.380000
0.297427 0.156876 45.380000
0.284572 0.179141 45.380000
0.271701 0.201396 45.380000
0.258809 0.223640 45.380000
0.245890 0.245867 45.380000
0.232929 0.268070 45.380000
0.219898 0.290232 45.380000
0.206704 0.312297 45.380000
0.192784 0.333912 45.380000
0.167105 0.335160 45.380000
0.141399 0.335553 45.380000
0.115691 0.335758 45.380000
0.089982 0.335880 45.380000
0.064273 0.335955 45.380000
0.038564 0.335998 45.380000
0.012855 0.336018 45.380000
-0.012855 0.336018 45.380000
-0.038564 0.335998 45.380000
-0.064273 0.335955 45.380000
-0.089982 0.335880 45.380000
-0.115691 0.335758 45.380000
-0.141399 0.335553 45.380000
-0.167105 0.335160 45.380000
-0.192784 0.333912 45.380000
-0.206704 0.312297 45.380000
-0.219898 0.290232 45.380000
-0.232929 0.268070 45.380000
-0.245890 0.245867 45.380000
-0.258809 0.223640 45.380000
-0.271701 0.201396 45.380000
-0.284572 0.179141 45.380000
-0.297427 0.156876 45.380000
-0.310265 0.134602 45.380000
-0.323082 0.112316 45.380000
-0.335872 0.090014 45.380000
-0.348620 0.067688 45.380000
-0.361297 0.045321 45.380000
-0.373810 0.022863 45.380000
-0.385568 0.000000 45.380000
-0.373810 -0.022863 45.380000
-0.361297 -0.045321 45.380000
-0.348620 -0.067688 45.380000
-0.335872 -0.090014 45.380000
-0.323082 -0.112316 45.380000
-0.310265 -0.134602 45.380000
-0.297427 -0.156876 45.380000
-0.284572 -0.179141 45.380000
-0.271701 -0.201396 45.380000
-0.258809 -0.223640 45.380000
-0.245890 -0.245867 45.380000
-0.232929 -0.268070 45.380000
-0.219898 -0.290232 45.380000
-0.206704 -0.312297 45.380000
-0.192784 -0.333912 45.380000
-0.167105 -0.335160 45.380000
-0.141399 -0.335553 45.380000
-0.115691 -0.335758 45.380000
-0.089982 -0.335880 45.380000
-0.064273 -0.335955 45.380000
-0.038564 -0.335998 45.380000
-0.012855 -0.336018 45.380000
0.012855 -0.336018 45.380000
0.038564 -0.335998 45.380000
0.064273 -0.335955 45.380000
0.089982 -0.335880 45.380000
0.115691 -0.335758 45.380000
0.141399 -0.335553 45.380000
0.167105 -0.335160 45.380000
0.192784 -0.333912 45.380000
0.206704 -0.312297 45.380000
0.219898 -0.290232 45.380000
0.232929 -0.268070 45.380000
0.245890 -0.245867 45.380000
0.258809 -0.223640 45.380000
0.271701 -0.201396 45.380000
0.284572 -0.179141 45.380000
0.297427 -0.156876 45.380000
0.310265 -0.134602 45.380000
0.323082 -0.112316 45.380000
0.335872 -0.090014 45.380000
0.348620 -0.067688 45.380000
0.361297 -0.045321 45.380000
0.373810 -0.022863 45.380000
0.385568 0.000000 45.380000

