0.197749 0.000000 13.920000
0.191816 0.011776 13.920000
0.185441 0.023320 13.920000
0.178969 0.034809 13.920000
0.172454 0.046273 13.920000
0.165911 0.057723 13.920000
0.159349 0.069160 13.920000
0.152771 0.080589 13.920000
0.146177 0.092009 13.920000
0.139569 0.103420 13.920000
0.132945 0.114822 13.920000
0.126301 0.126213 13.920000
0.119630 0.137588 13.920000
0.112916 0.148937 13.920000
0.106106 0.160229 13.920000
0.098875 0.171256 13.920000
0.085709 0.172005 13.920000
0.072525 0.172257 13.920000
0.059339 0.172397 13.920000
0.046153 0.172486 13.920000
0.032966 0.172545 13.920000
0.019780 0.172581 13.920000
0.006593 0.172598 13.920000
-0.006593 0.172598 13.920000
-0.019780 0.172581 13.920000
-0.032966 0.172545 13.920000
-0.046153 0.172486 13.920000
-0.059339 0.172397 13.920000
-0.072525 0.172257 13.920000
-0.085709 0.172005 13.920000
-0.098875 0.171256 13.920000
-0.106106 0.160229 13.920000
-0.112916 0.148937 13.920000
-0.119630 0.137588 13.920000
-0.126301 0.126213 13.920000
-0.132945 0.114822 13.920000
-0.139569 0.103420 13.920000
-0.146177 0.092009 13.920000
-0.152771 0.080589 13.920000
-0.159349 0.069160 13.920000
-0.165911 0.057723 13.920000
-0.172454 0.046273 13.920000
-0.178969 0.034809 13.920000
-0.185441 0.023320 13.920000
-0.191816 0.011776 13.920000
-0.197749 0.000000 13.920000
-0.191816 -0.011776 13.920000
-0.185441 -0.023320 13.920000
-0.178969 -0.034809 13.920000
-0.172454 -0.046273 13.920000
-0.165911 -0.057723 13.920000
-0.159349 -0.069160 13.920000
-0.152771 -0.080589 13.920000
-0.146177 -0.092009 13.920000
-0.139569 -0.103420 13.920000
-0.132945 -0.114822 13.920000
-0.126301 -0.126213 13.920000
-0.119630 -0.137588 13.920000
-0.112916 -0.148937 13.920000
-0.106106 -0.160229 13.920000
-0.098875 -0.171256 13.920000
-0.085709 -0.172005 13.920000
-0.072525 -0.172257 13.920000
-0.059339 -0.172397 13.920000
-0.046153 -0.172486 13.920000
-0.032966 -0.172545 13.920000
-0.019780 -0.172581 13.920000
-0.006593 -0.172598 13.920000
0.006593 -0.172598 13.920000
0.019780 -0.172581 13.920000
0.032966 -0.172545 13.920000
0.046153 -0.172486 13.920000
0.059339 -0.172397 13.920000
0.072525 -0.172257 13.920000
0.085709 -0.172005 13.920000
0.098875 -0.171256 13.920000
0.106106 -0.160229 13.920000
0.112916 -0.148937 13.920000
0.119630 -0.137588 13.920000
0.126301 -0.126213 13.920000
0.132945 -0.114822 13.920000
0.139569 -0.103420 13.920000
0.146177 -0.092009 13.920000
0.152771 -0.080589 13.920000
0.159349 -0.069160 13.920000
0.165911 -0.057723 13.920000
0.172454 -0.046273 13.920000
0.178969 -0.034809 13.920000
0.185441 -0.023320 13.920000
0.191816 -0.011776 13.920000
0.197749 0.000000 13.920000

