0.089009 -0.000000 2.330000
0.086370 0.005317 2.330000
0.083513 0.010520 2.330000
0.080608 0.015696 2.330000
0.077680 0.020860 2.330000
0.074739 0.026016 2.330000
0.071788 0.031166 2.330000
0.068828 0.036311 2.330000
0.065860 0.041451 2.330000
0.062884 0.046587 2.330000
0.059900 0.051718 2.330000
0.056905 0.056843 2.330000
0.053897 0.061960 2.330000
0.050867 0.067065 2.330000
0.047789 0.072140 2.330000
0.044505 0.077084 2.330000
0.038581 0.077457 2.330000
0.032646 0.077585 2.330000
0.026711 0.077656 2.330000
0.020775 0.077703 2.330000
0.014839 0.077734 2.330000
0.008904 0.077753 2.330000
0.002968 0.077762 2.330000
-0.002968 0.077762 2.330000
-0.008904 0.077753 2.330000
-0.014839 0.077734 2.330000
-0.020775 0.077703 2.330000
-0.026711 0.077656 2.330000
-0.032646 0.077585 2.330000
-0.038581 0.077457 2.330000
-0.044505 0.077084 2.330000
-0.047789 0.072140 2.330000
-0.050867 0.067065 2.330000
-0.053897 0.061960 2.330000
-0.056905 0.056843 2.330000
-0.059900 0.051718 2.330000
-0.062884 0.046587 2.330000
-0.065860 0.041451 2.330000
-0.068828 0.036311 2.330000
-0.071788 0.031166 2.330000
-0.074739 0.026016 2.330000
-0.077680 0.020860 2.330000
-0.080608 0.015696 2.330000
-0.083513 0.010520 2.330000
-0.086370 0.005317 2.330000
-0.089009 -0.000000 2.330000
-0.086370 -0.005317 2.330000
-0.083513 -0.010520 2.330000
-0.080608 -0.015696 2.330000
-0.077680 -0.020860 2.330000
-0.074739 -0.026016 2.330000
-0.071788 -0.031166 2.330000
-0.068828 -0.036311 2.330000
-0.065860 -0.041451 2.330000
-0.062884 -0.046587 2.330000
-0.059900 -0.051718 2.330000
-0.056905 -0.056843 2.330000
-0.053897 -0.061960 2.330000
-0.050867 -0.067065 2.330000
-0.047789 -0.072140 2.330000
-0.044505 -0.077084 2.330000
-0.038581 -0.077457 2.330000
-0.032646 -0.077585 2.330000
-0.026711 -0.077656 2.330000
-0.020775 -0.077703 2.330000
-0.014839 -0.077734 2.330000
-0.008904 -0.077753 2.330000
-0.002968 -0.077762 2.330000
0.002968 -0.077762 2.330000
0.008904 -0.077753 2.330000
0.014839 -0.077734 2.330000
0.020775 -0.077703 2.330000
0.026711 -0.077656 2.330000
0.032646 -0.077585 2.330000
0.038581 -0.077457 2.330000
0.044505 -0.077084 2.330000
0.047789 -0.072140 2.330000
0.050867 -0.067065 2.330000
0.053897 -0.061960 2.330000
0.056905 -0.056843 2.330000
0.059900 -0.051718 2.330000
0.062884 -0.046587 2.330000
0.065860 -0.041451 2.330000
0.068828 -0.036311 2.330000
0.071788 -0.031166 2.330000
0.074739 -0.026016 2.330000
0.077680 -0.020860 2.330000
0.080608 -0.015696 2.330000
0.083513 -0.010520 2.330000
0.086370 -0.005317 2.330000
0.089009 -0.000000 2.330000

