0.153642 -0.000000 8.520000
0.149053 0.009161 8.520000
0.144110 0.018135 8.520000
0.139086 0.027064 8.520000
0.134028 0.035974 8.520000
0.128947 0.044871 8.520000
0.123851 0.053759 8.520000
0.118740 0.062640 8.520000
0.113618 0.071512 8.520000
0.108482 0.080378 8.520000
0.103333 0.089236 8.520000
0.098168 0.098085 8.520000
0.092982 0.106920 8.520000
0.087760 0.115735 8.520000
0.082460 0.124504 8.520000
0.076821 0.133058 8.520000
0.066593 0.133664 8.520000
0.056350 0.133870 8.520000
0.046105 0.133985 8.520000
0.035859 0.134059 8.520000
0.025614 0.134107 8.520000
0.015368 0.134138 8.520000
0.005123 0.134152 8.520000
-0.005123 0.134152 8.520000
-0.015368 0.134138 8.520000
-0.025614 0.134107 8.520000
-0.035859 0.134059 8.520000
-0.046105 0.133985 8.520000
-0.056350 0.133870 8.520000
-0.066593 0.133664 8.520000
-0.076821 0.133058 8.520000
-0.082460 0.124504 8.520000
-0.087760 0.115735 8.520000
-0.092982 0.106920 8.520000
-0.098168 0.098085 8.520000
-0.103333 0.089236 8.520000
-0.108482 0.080378 8.520000
-0.113618 0.071512 8.520000
-0.118740 0.062640 8.520000
-0.123851 0.053759 8.520000
-0.128947 0.044871 8.520000
-0.134028 0.035974 8.520000
-0.139086 0.027064 8.520000
-0.144110 0.018135 8.520000
-0.149053 0.009161 8.520000
-0.153642 -0.000000 8.520000
-0.149053 -0.009161 8.520000
-0.144110 -0.018135 8.520000
-0.139086 -0.027064 8.520000
-0.134028 -0.035974 8.520000
-0.128947 -0.044871 8.520000
-0.123851 -0.053759 8.520000
-0.118740 -0.062640 8.520000
-0.113618 -0.071512 8.520000
-0.108482 -0.080378 8.520000
-0.103333 -0.089236 8.520000
-0.098168 -0.098085 8.520000
-0.092982 -0.106920 8.520000
-0.087760 -0.115735 8.520000
-0.082460 -0.124504 8.520000
-0.076821 -0.133058 8.520000
-0.066593 -0.133664 8.520000
-0.056350 -0.133870 8.520000
-0.046105 -0.133985 8.520000
-0.035859 -0.134059 8.520000
-0.025614 -0.134107 8.520000
-0.015368 -0.134138 8.520000
-0.005123 -0.134152 8.520000
0.005123 -0.134152 8.520000
0.015368 -0.134138 8.520000
0.025614 -0.134107 8.520000
0.035859 -0.134059 8.520000
0.046105 -0.133985 8.520000
0.056350 -0.133870 8.520000
0.066593 -0.133664 8.520000
0.076821 -0.133058 8.520000
0.082460 -0.124504 8.520000
0.087760 -0.115735 8.520000
0.092982 -0.106920 8.520000
0.098168 -0.098085 8.520000
0.103333 -0.089236 8.520000
0.108482 -0.080378 8.520000
0.113618 -0.071512 8.520000
0.118740 -0.062640 8.520000
0.123851 -0.053759 8.520000
0.128947 -0.044871 8.520000
0.134028 -0.035974 8.520000
0.139086 -0.027064 8.520000
0.144110 -0.018135 8.520000
0.149053 -0.009161 8.520000
0.153642 -0.000000 8.520000

