0.278053 0.000000 25.840000
0.269646 0.016526 25.840000
0.260656 0.032741 25.840000
0.251537 0.048885 25.840000
0.242363 0.064996 25.840000
0.233154 0.081088 25.840000
0.223920 0.097167 25.840000
0.214667 0.113234 25.840000
0.205397 0.129291 25.840000
0.196109 0.145337 25.840000
0.186801 0.161373 25.840000
0.177470 0.177394 25.840000
0.168104 0.193396 25.840000
0.158682 0.209364 25.840000
0.149135 0.225258 25.840000
0.139026 0.240801 25.840000
0.120511 0.241783 25.840000
0.101973 0.242105 25.840000
0.083433 0.242280 25.840000
0.064893 0.242390 25.840000
0.046352 0.242461 25.840000
0.027811 0.242504 25.840000
0.009270 0.242524 25.840000
-0.009270 0.242524 25.840000
-0.027811 0.242504 25.840000
-0.046352 0.242461 25.840000
-0.064893 0.242390 25.840000
-0.083433 0.242280 25.840000
-0.101973 0.242105 25.840000
-0.120511 0.241783 25.840000
-0.139026 0.240801 25.840000
-0.149135 0.225258 25.840000
-0.158682 0.209364 25.840000
-0.168104 0.193396 25.840000
-0.177470 0.177394 25.840000
-0.186801 0.161373 25.840000
-0.196109 0.145337 25.840000
-0.205397 0.129291 25.840000
-0.214667 0.113234 25.840000
-0.223920 0.097167 25.840000
-0.233154 0.081088 25.840000
-0.242363 0.064996 25.840000
-0.251537 0.048885 25.840000
-0.260656 0.032741 25.840000
-0.269646 0.016526 25.840000
-0.278053 0.000000 25.840000
-0.269646 -0.016526 25.840000
-0.260656 -0.032741 25.840000
-0.251537 -0.048885 25.840000
-0.242363 -0.064996 25.840000
-0.233154 -0.081088 25.840000
-0.223920 -0.097167 25.840000
-0.214667 -0.113234 25.840000
-0.205397 -0.129291 25.840000
-0.196109 -0.145337 25.840000
-0.186801 -0.161373 25.840000
-0.177470 -0.177394 25.840000
-0.168104 -0.193396 25.840000
-0.158682 -0.209364 25.840000
-0.149135 -0.225258 25.840000
-0.139026 -0.240801 25.840000
-0.120511 -0.241783 25.840000
-0.101973 -0.242105 25.840000
-0.083433 -0.242280 25.840000
-0.064893 -0.242390 25.840000
-0.046352 -0.242461 25.840000
-0.027811 -0.242504 25.840000
-0.009270 -0.242524 25.840000
0.009270 -0.242524 25.840000
0.027811 -0.242504 25.840000
0.046352 -0.242461 25.840000
0.064893 -0.242390 25.840000
0.083433 -0.242280 25.840000
0.101973 -0.242105 25.840000
0.120511 -0.241783 25.840000
0.139026 -0.240801 25.840000
0.149135 -0.225258 25.840000
0.158682 -0.209364 25.840000
0.168104 -0.193396 25.840000
0.177470 -0.177394 25.840000
0.186801 -0.161373 25.840000
0.196109 -0.145337 25.840000
0.205397 -0.129291 25.840000
0.214667 -0.113234 25.840000
0.223920 -0.097167 25.840000
0.233154 -0.081088 25.840000
0.242363 -0.064996 25.840000
0.251537 -0.048885 25.840000
0.260656 -0.032741 25.840000
0.269646 -0.016526 25.840000
0.278053 0.000000 25.840000

