0.162044 0.000000 9.480000
0.157200 0.009659 9.480000
0.151984 0.019123 9.480000
0.146686 0.028540 9.480000
0.141350 0.037937 9.480000
0.135991 0.047320 9.480000
0.130615 0.056694 9.480000
0.125225 0.066060 9.480000
0.119822 0.075418 9.480000
0.114406 0.084769 9.480000
0.108976 0.094111 9.480000
0.103529 0.103444 9.480000
0.098060 0.112763 9.480000
0.092553 0.122061 9.480000
0.086965 0.131310 9.480000
0.081022 0.140334 9.480000
0.070235 0.140969 9.480000
0.059431 0.141184 9.480000
0.048626 0.141304 9.480000
0.037820 0.141381 9.480000
0.027015 0.141432 9.480000
0.016209 0.141463 9.480000
0.005403 0.141478 9.480000
-0.005403 0.141478 9.480000
-0.016209 0.141463 9.480000
-0.027015 0.141432 9.480000
-0.037820 0.141381 9.480000
-0.048626 0.141304 9.480000
-0.059431 0.141184 9.480000
-0.070235 0.140969 9.480000
-0.081022 0.140334 9.480000
-0.086965 0.131310 9.480000
-0.092553 0.122061 9.480000
-0.098060 0.112763 9.480000
-0.103529 0.103444 9.480000
-0.108976 0.094111 9.480000
-0.114406 0.084769 9.480000
-0.119822 0.075418 9.480000
-0.125225 0.066060 9.480000
-0.130615 0.056694 9.480000
-0.135991 0.047320 9.480000
-0.141350 0.037937 9.480000
-0.146686 0.028540 9.480000
-0.151984 0.019123 9.480000
-0.157200 0.009659 9.480000
-0.162044 -0.000000 9.480000
-0.157200 -0.009659 9.480000
-0.151984 -0.019123 9.480000
-0.146686 -0.028540 9.480000
-0.141350 -0.037937 9.480000
-0.135991 -0.047320 9.480000
-0.130615 -0.056694 9.480000
-0.125225 -0.066060 9.480000
-0.119822 -0.075418 9.480000
-0.114406 -0.084769 9.480000
-0.108976 -0.094111 9.480000
-0.103529 -0.103444 9.480000
-0.098060 -0.112763 9.480000
-0.092553 -0.122061 9.480000
-0.086965 -0.131310 9.480000
-0.081022 -0.140334 9.480000
-0.070235 -0.140969 9.480000
-0.059431 -0.141184 9.480000
-0.048626 -0.141304 9.480000
-0.037820 -0.141381 9.480000
-0.027015 -0.141432 9.480000
-0.016209 -0.141463 9.480000
-0.005403 -0.141478 9.480000
0.005403 -0.141478 9.480000
0.016209 -0.141463 9.480000
0.027015 -0.141432 9.480000
0.037820 -0.141381 9.480000
0.048626 -0.141304 9.480000
0.059431 -0.141184 9.480000
0.070235 -0.140969 9.480000
0.081022 -0.140334 9.480000
0.086965 -0.131310 9.480000
0.092553 -0.122061 9.480000
0.098060 -0.112763 9.480000
0.103529 -0.103444 9.480000
0.108976 -0.094111 9.480000
0.114406 -0.084769 9.480000
0.119822 -0.075418 9.480000
0.125225 -0.066060 9.480000
0.130615 -0.056694 9.480000
0.135991 -0.047320 9.480000
0.141350 -0.037937 9.480000
0.146686 -0.028540 9.480000
0.151984 -0.019123 9.480000
0.157200 -0.009659 9.480000
0.162044 0.000000 9.480000

