0.403072 0.000000 48.900000
0.390764 0.023892 48.900000
0.377676 0.047366 48.900000
0.364418 0.070745 48.900000
0.351087 0.094082 48.900000
0.337713 0.117394 48.900000
0.324311 0.140690 48.900000
0.310889 0.163975 48.900000
0.297451 0.187250 48.900000
0.283997 0.210516 48.900000
0.270523 0.233771 48.900000
0.257020 0.257009 48.900000
0.243476 0.280223 48.900000
0.229858 0.303394 48.900000
0.216073 0.326465 48.900000
0.201536 0.349071 48.900000
0.174691 0.350358 48.900000
0.147818 0.350760 48.900000
0.120942 0.350968 48.900000
0.094066 0.351091 48.900000
0.067190 0.351165 48.900000
0.040314 0.351207 48.900000
0.013438 0.351226 48.900000
-0.013438 0.351226 48.900000
-0.040314 0.351207 48.900000
-0.067190 0.351165 48.900000
-0.094066 0.351091 48.900000
-0.120942 0.350968 48.900000
-0.147818 0.350760 48.900000
-0.174691 0.350358 48.900000
-0.201536 0.349071 48.900000
-0.216073 0.326465 48.900000
-0.229858 0.303394 48.900000
-0.243476 0.280223 48.900000
-0.257020 0.257009 48.900000
-0.270523 0.233771 48.900000
-0.283997 0.210516 48.900000
-0.297451 0.187250 48.900000
-0.310889 0.163975 48.900000
-0.324311 0.140690 48.900000
-0.337713 0.117394 48.900000
-0.351087 0.094082 48.900000
-0.364418 0.070745 48.900000
-0.377676 0.047366 48.900000
-0.390764 0.023892 48.900000
-0.403072 0.000000 48.900000
-0.390764 -0.023892 48.900000
-0.377676 -0.047366 48.900000
-0.364418 -0.070745 48.900000
-0.351087 -0.094082 48.900000
-0.337713 -0.117394 48.900000
-0.324311 -0.140690 48.900000
-0.310889 -0.163975 48.900000
-0.297451 -0.187250 48.900000
-0.283997 -0.210516 48.900000
-0.270523 -0.233771 48.900000
-0.257020 -0.257009 48.900000
-0.243476 -0.280223 48.900000
-0.229858 -0.303394 48.900000
-0.216073 -0.326465 48.900000
-0.201536 -0.349071 48.900000
-0.174691 -0.350358 48.900000
-0.147818 -0.350760 48.900000
-0.120942 -0.350968 48.900000
-0.094066 -0.351091 48.900000
-0.067190 -0.351165 48.900000
-0.040314 -0.351207 48.900000
-0.013438 -0.351226 48.900000
0.013438 -0.351226 48.900000
0.040314 -0.351207 48.900000
0.067190 -0.351165 48.900000
0.094066 -0.351091 48.900000
0.120942 -0.350968 48.900000
0.147818 -0.350760 48.900000
0.174691 -0.350358 48.900000
0.201536 -0.349071 48.900000
0.216073 -0.326465 48.900000
0.229858 -0.303394 48.900000
0.243476 -0.280223 48.900000
0.257020 -0.257009 48.900000
0.270523 -0.233771 48.900000
0.283997 -0.210516 48.900000
0.297451 -0.187250 48.900000
0.310889 -0.163975 48.900000
0.324311 -0.140690 48.900000
0.337713 -0.117394 48.900000
0.351087 -0.094082 48.900000
0.364418 -0.070745 48.900000
0.377676 -0.047366 48.900000
0.390764 -0.023892 48.900000
0.403072 0.000000 48.900000

