0.337863 0.000000 36.250000
0.327597 0.020054 36.250000
0.316650 0.039743 36.250000
0.305554 0.059350 36.250000
0.294393 0.078920 36.250000
0.283194 0.098467 36.250000
0.271968 0.118000 36.250000
0.260721 0.137521 36.250000
0.249457 0.157031 36.250000
0.238175 0.176531 36.250000
0.226872 0.196019 36.250000
0.215543 0.215492 36.250000
0.204176 0.234942 36.250000
0.192744 0.254355 36.250000
0.181165 0.273681 36.250000
0.168932 0.292598 36.250000
0.146432 0.293734 36.250000
0.123906 0.294098 36.250000
0.101378 0.294292 36.250000
0.078850 0.294412 36.250000
0.056321 0.294487 36.250000
0.033793 0.294531 36.250000
0.011264 0.294551 36.250000
-0.011264 0.294551 36.250000
-0.033793 0.294531 36.250000
-0.056321 0.294487 36.250000
-0.078850 0.294412 36.250000
-0.101378 0.294292 36.250000
-0.123906 0.294098 36.250000
-0.146432 0.293734 36.250000
-0.168932 0.292598 36.250000
-0.181165 0.273681 36.250000
-0.192744 0.254355 36.250000
-0.204176 0.234942 36.250000
-0.215543 0.215492 36.250000
-0.226872 0.196019 36.250000
-0.238175 0.176531 36.250000
-0.249457 0.157031 36.250000
-0.260721 0.137521 36.250000
-0.271968 0.118000 36.250000
-0.283194 0.098467 36.250000
-0.294393 0.078920 36.250000
-0.305554 0.059350 36.250000
-0.316650 0.039743 36.250000
-0.327597 0.020054 36.250000
-0.337863 0.000000 36.250000
-0.327597 -0.020054 36.250000
-0.316650 -0.039743 36.250000
-0.305554 -0.059350 36.250000
-0.294393 -0.078920 36.250000
-0.283194 -0.098467 36.250000
-0.271968 -0.118000 36.250000
-0.260721 -0.137521 36.250000
-0.249457 -0.157031 36.250000
-0.238175 -0.176531 36.250000
-0.226872 -0.196019 36.250000
-0.215543 -0.215492 36.250000
-0.204176 -0.234942 36.250000
-0.192744 -0.254355 36.250000
-0.181165 -0.273681 36.250000
-0.168932 -0.292598 36.250000
-0.146432 -0.293734 36.250000
-0.123906 -0.294098 36.250000
-0.101378 -0.294292 36.250000
-0.078850 -0.294412 36.250000
-0.056321 -0.294487 36.250000
-0.033793 -0.294531 36.250000
-0.011264 -0.294551 36.250000
0.011264 -0.294551 36.250000
0.033793 -0.294531 36.250000
0.056321 -0.294487 36.250000
0.078850 -0.294412 36.250000
0.101378 -0.294292 36.250000
0.123906 -0.294098 36.250000
0.146432 -0.293734 36.250000
0.168932 -0.292598 36.250000
0.181165 -0.273681 36.250000
0.192744 -0.254355 36.250000
0.204176 -0.234942 36.250000
0.215543 -0.215492 36.250000
0.226872 -0.196019 36.250000
0.238175 -0.176531 36.250000
0.249457 -0.157031 36.250000
0.260721 -0.137521 36.250000
0.271968 -0.118000 36.250000
0.283194 -0.098467 36.250000
0.294393 -0.078920 36.250000
0.305554 -0.059350 36.250000
0.316650 -0.039743 36.250000
0.327597 -0.020054 36.250000
0.337863 0.000000 36.250000

