0.227227 0.000000 18.000000
0.220390 0.013522 18.000000
0.213057 0.026781 18.000000
0.205615 0.039980 18.000000
0.198124 0.053150 18.000000
0.190603 0.066304 18.000000
0.183061 0.079446 18.000000
0.175501 0.092578 18.000000
0.167925 0.105700 18.000000
0.160333 0.118812 18.000000
0.152723 0.131915 18.000000
0.145091 0.145005 18.000000
0.137431 0.158078 18.000000
0.129722 0.171122 18.000000
0.121905 0.184102 18.000000
0.113614 0.196785 18.000000
0.098485 0.197624 18.000000
0.083335 0.197903 18.000000
0.068184 0.198057 18.000000
0.053032 0.198155 18.000000
0.037880 0.198219 18.000000
0.022728 0.198258 18.000000
0.007576 0.198277 18.000000
-0.007576 0.198277 18.000000
-0.022728 0.198258 18.000000
-0.037880 0.198219 18.000000
-0.053032 0.198155 18.000000
-0.068184 0.198057 18.000000
-0.083335 0.197903 18.000000
-0.098485 0.197624 18.000000
-0.113614 0.196785 18.000000
-0.121905 0.184102 18.000000
-0.129722 0.171122 18.000000
-0.137431 0.158078 18.000000
-0.145091 0.145005 18.000000
-0.152723 0.131915 18.000000
-0.160333 0.118812 18.000000
-0.167925 0.105700 18.000000
-0.175501 0.092578 18.000000
-0.183061 0.079446 18.000000
-0.190603 0.066304 18.000000
-0.198124 0.053150 18.000000
-0.205615 0.039980 18.000000
-0.213057 0.026781 18.000000
-0.220390 0.013522 18.000000
-0.227227 0.000000 18.000000
-0.220390 -0.013522 18.000000
-0.213057 -0.026781 18.000000
-0.205615 -0.039980 18.000000
-0.198124 -0.053150 18.000000
-0.190603 -0.066304 18.000000
-0.183061 -0.079446 18.000000
-0.175501 -0.092578 18.000000
-0.167925 -0.105700 18.000000
-0.160333 -0.118812 18.000000
-0.152723 -0.131915 18.000000
-0.145091 -0.145005 18.000000
-0.137431 -0.158078 18.000000
-0.129722 -0.171122 18.000000
-0.121905 -0.184102 18.000000
-0.113614 -0.196785 18.000000
-0.098485 -0.197624 18.000000
-0.083335 -0.197903 18.000000
-0.068184 -0.198057 18.000000
-0.053032 -0.198155 18.000000
-0.037880 -0.198219 18.000000
-0.022728 -0.198258 18.000000
-0.007576 -0.198277 18.000000
0.007576 -0.198277 18.000000
0.022728 -0.198258 18.000000
0.037880 -0.198219 18.000000
0.053032 -0.198155 18.000000
0.068184 -0.198057 18.000000
0.083335 -0.197903 18.000000
0.098485 -0.197624 18.000000
0.113614 -0.196785 18.000000
0.121905 -0.184102 18.000000
0.129722 -0.171122 18.000000
0.137431 -0.158078 18.000000
0.145091 -0.145005 18.000000
0.152723 -0.131915 18.000000
0.160333 -0.118812 18.000000
0.167925 -0.105700 18.000000
0.175501 -0.092578 18.000000
0.183061 -0.079446 18.000000
0.190603 -0.066304 18.000000
0.198124 -0.053150 18.000000
0.205615 -0.039980 18.000000
0.213057 -0.026781 18.000000
0.220390 -0.013522 18.000000
0.227227 0.000000 18.000000

