0.345155 0.000000 37.600000
0.334661 0.020483 37.600000
0.323474 0.040596 37.600000
0.312137 0.060625 37.600000
0.300734 0.080616 37.600000
0.289292 0.100585 37.600000
0.277823 0.120538 37.600000
0.266333 0.140480 37.600000
0.254826 0.160411 37.600000
0.243301 0.180332 37.600000
0.231755 0.200242 37.600000
0.220183 0.220135 37.600000
0.208571 0.240006 37.600000
0.196895 0.259839 37.600000
0.185069 0.279583 37.600000
0.172577 0.298913 37.600000
0.149592 0.300066 37.600000
0.126580 0.300435 37.600000
0.103566 0.300631 37.600000
0.080551 0.300751 37.600000
0.057537 0.300826 37.600000
0.034522 0.300871 37.600000
0.011507 0.300891 37.600000
-0.011507 0.300891 37.600000
-0.034522 0.300871 37.600000
-0.057537 0.300826 37.600000
-0.080551 0.300751 37.600000
-0.103566 0.300631 37.600000
-0.126580 0.300435 37.600000
-0.149592 0.300066 37.600000
-0.172577 0.298913 37.600000
-0.185069 0.279583 37.600000
-0.196895 0.259839 37.600000
-0.208571 0.240006 37.600000
-0.220183 0.220135 37.600000
-0.231755 0.200242 37.600000
-0.243301 0.180332 37.600000
-0.254826 0.160411 37.600000
-0.266333 0.140480 37.600000
-0.277823 0.120538 37.600000
-0.289292 0.100585 37.600000
-0.300734 0.080616 37.600000
-0.312137 0.060625 37.600000
-0.323474 0.040596 37.600000
-0.334661 0.020483 37.600000
-0.345155 0.000000 37.600000
-0.334661 -0.020483 37.600000
-0.323474 -0.040596 37.600000
-0.312137 -0.060625 37.600000
-0.300734 -0.080616 37.600000
-0.289292 -0.100585 37.600000
-0.277823 -0.120538 37.600000
-0.266333 -0.140480 37.600000
-0.254826 -0.160411 37.600000
-0.243301 -0.180332 37.600000
-0.231755 -0.200242 37.600000
-0.220183 -0.220135 37.600000
-0.208571 -0.240006 37.600000
-0.196895 -0.259839 37.600000
-0.185069 -0.279583 37.600000
-0.172577 -0.298913 37.600000
-0.149592 -0.300066 37.600000
-0.126580 -0.300435 37.600000
-0.103566 -0.300631 37.600000
-0.080551 -0.300751 37.600000
-0.057537 -0.300826 37.600000
-0.034522 -0.300871 37.600000
-0.011507 -0.300891 37.600000
0.011507 -0.300891 37.600000
0.034522 -0.300871 37.600000
0.057537 -0.300826 37.600000
0.080551 -0.300751 37.600000
0.103566 -0.300631 37.600000
0.126580 -0.300435 37.600000
0.149592 -0.300066 37.600000
0.172577 -0.298913 37.600000
0.185069 -0.279583 37.600000
0.196895 -0.259839 37.600000
0.208571 -0.240006 37.600000
0.220183 -0.220135 37.600000
0.231755 -0.200242 37.600000
0.243301 -0.180332 37.600000
0.254826 -0.160411 37.600000
0.266333 -0.140480 37.600000
0.277823 -0.120538 37.600000
0.289292 -0.100585 37.600000
0.300734 -0.080616 37.600000
0.312137 -0.060625 37.600000
0.323474 -0.040596 37.600000
0.334661 -0.020483 37.600000
0.345155 0.000000 37.600000

