0.340953 0.000000 36.820000
0.330590 0.020236 36.820000
0.319542 0.040105 36.820000
0.308344 0.059890 36.820000
0.297080 0.079639 36.820000
0.285778 0.099365 36.820000
0.274449 0.119076 36.820000
0.263099 0.138775 36.820000
0.251732 0.158463 36.820000
0.240347 0.178142 36.820000
0.228941 0.197808 36.820000
0.217509 0.217459 36.820000
0.206038 0.237088 36.820000
0.194503 0.256679 36.820000
0.182820 0.276182 36.820000
0.170476 0.295274 36.820000
0.147771 0.296417 36.820000
0.125039 0.296784 36.820000
0.102305 0.296979 36.820000
0.079571 0.297098 36.820000
0.056836 0.297173 36.820000
0.034102 0.297217 36.820000
0.011367 0.297238 36.820000
-0.011367 0.297238 36.820000
-0.034102 0.297217 36.820000
-0.056836 0.297173 36.820000
-0.079571 0.297098 36.820000
-0.102305 0.296979 36.820000
-0.125039 0.296784 36.820000
-0.147771 0.296417 36.820000
-0.170476 0.295274 36.820000
-0.182820 0.276182 36.820000
-0.194503 0.256679 36.820000
-0.206038 0.237088 36.820000
-0.217509 0.217459 36.820000
-0.228941 0.197808 36.820000
-0.240347 0.178142 36.820000
-0.251732 0.158463 36.820000
-0.263099 0.138775 36.820000
-0.274449 0.119076 36.820000
-0.285778 0.099365 36.820000
-0.297080 0.079639 36.820000
-0.308344 0.059890 36.820000
-0.319542 0.040105 36.820000
-0.330590 0.020236 36.820000
-0.340953 0.000000 36.820000
-0.330590 -0.020236 36.820000
-0.319542 -0.040105 36.820000
-0.308344 -0.059890 36.820000
-0.297080 -0.079639 36.820000
-0.285778 -0.099365 36.820000
-0.274449 -0.119076 36.820000
-0.263099 -0.138775 36.820000
-0.251732 -0.158463 36.820000
-0.240347 -0.178142 36.820000
-0.228941 -0.197808 36.820000
-0.217509 -0.217459 36.820000
-0.206038 -0.237088 36.820000
-0.194503 -0.256679 36.820000
-0.182820 -0.276182 36.820000
-0.170476 -0.295274 36.820000
-0.147771 -0.296417 36.820000
-0.125039 -0.296784 36.820000
-0.102305 -0.296979 36.820000
-0.079571 -0.297098 36.820000
-0.056836 -0.297173 36.820000
-0.034102 -0.297217 36.820000
-0.011367 -0.297238 36.820000
0.011367 -0.297238 36.820000
0.034102 -0.297217 36.820000
0.056836 -0.297173 36.820000
0.079571 -0.297098 36.820000
0.102305 -0.296979 36.820000
0.125039 -0.296784 36.820000
0.147771 -0.296417 36.820000
0.170476 -0.295274 36.820000
0.182820 -0.276182 36.820000
0.194503 -0.256679 36.820000
0.206038 -0.237088 36.820000
0.217509 -0.217459 36.820000
0.228941 -0.197808 36.820000
0.240347 -0.178142 36.820000
0.251732 -0.158463 36.820000
0.263099 -0.138775 36.820000
0.274449 -0.119076 36.820000
0.285778 -0.099365 36.820000
0.297080 -0.079639 36.820000
0.308344 -0.059890 36.820000
0.319542 -0.040105 36.820000
0.330590 -0.020236 36.820000
0.340953 0.000000 36.820000

