0.250512 0.000000 21.470000
0.242957 0.014899 21.470000
0.234866 0.029513 21.470000
0.226656 0.044061 21.470000
0.218394 0.058579 21.470000
0.210100 0.073079 21.470000
0.201783 0.087566 21.470000
0.193448 0.102043 21.470000
0.185096 0.116509 21.470000
0.176726 0.130966 21.470000
0.168339 0.145412 21.470000
0.159928 0.159845 21.470000
0.151486 0.174259 21.470000
0.142991 0.188643 21.470000
0.134381 0.202958 21.470000
0.125256 0.216950 21.470000
0.108576 0.217856 21.470000
0.091874 0.218156 21.470000
0.075170 0.218320 21.470000
0.058466 0.218424 21.470000
0.041761 0.218492 21.470000
0.025057 0.218533 21.470000
0.008352 0.218552 21.470000
-0.008352 0.218552 21.470000
-0.025057 0.218533 21.470000
-0.041761 0.218492 21.470000
-0.058466 0.218424 21.470000
-0.075170 0.218320 21.470000
-0.091874 0.218156 21.470000
-0.108576 0.217856 21.470000
-0.125256 0.216950 21.470000
-0.134381 0.202958 21.470000
-0.142991 0.188643 21.470000
-0.151486 0.174259 21.470000
-0.159928 0.159845 21.470000
-0.168339 0.145412 21.470000
-0.176726 0.130966 21.470000
-0.185096 0.116509 21.470000
-0.193448 0.102043 21.470000
-0.201783 0.087566 21.470000
-0.210100 0.073079 21.470000
-0.218394 0.058579 21.470000
-0.226656 0.044061 21.470000
-0.234866 0.029513 21.470000
-0.242957 0.014899 21.470000
-0.250512 0.000000 21.470000
-0.242957 -0.014899 21.470000
-0.234866 -0.029513 21.470000
-0.226656 -0.044061 21.470000
-0.218394 -0.058579 21.470000
-0.210100 -0.073079 21.470000
-0.201783 -0.087566 21.470000
-0.193448 -0.102043 21.470000
-0.185096 -0.116509 21.470000
-0.176726 -0.130966 21.470000
-0.168339 -0.145412 21.470000
-0.159928 -0.159845 21.470000
-0.151486 -0.174259 21.470000
-0.142991 -0.188643 21.470000
-0.134381 -0.202958 21.470000
-0.125256 -0.216950 21.470000
-0.108576 -0.217856 21.470000
-0.091874 -0.218156 21.470000
-0.075170 -0.218320 21.470000
-0.058466 -0.218424 21.470000
-0.041761 -0.218492 21.470000
-0.025057 -0.218533 21.470000
-0.008352 -0.218552 21.470000
0.008352 -0.218552 21.470000
0.025057 -0.218533 21.470000
0.041761 -0.218492 21.470000
0.058466 -0.218424 21.470000
0.075170 -0.218320 21.470000
0.091874 -0.218156 21.470000
0.108576 -0.217856 21.470000
0.125256 -0.216950 21.470000
0.134381 -0.202958 21.470000
0.142991 -0.188643 21.470000
0.151486 -0.174259 21.470000
0.159928 -0.159845 21.470000
0.168339 -0.145412 21.470000
0.176726 -0.130966 21.470000
0.185096 -0.116509 21.470000
0.193448 -0.102043 21.470000
0.201783 -0.087566 21.470000
0.210100 -0.073079 21.470000
0.218394 -0.058579 21.470000
0.226656 -0.044061 21.470000
0.234866 -0.029513 21.470000
0.242957 -0.014899 21.470000
0.250512 0.000000 21.470000

