0.375676 0.000000 43.430000
0.364227 0.022280 43.430000
0.352039 0.044165 43.430000
0.339691 0.065959 43.430000
0.327272 0.087714 43.430000
0.314812 0.109445 43.430000
0.302325 0.131160 43.430000
0.289817 0.152864 43.430000
0.277292 0.174557 43.430000
0.264750 0.196241 43.430000
0.252188 0.217913 43.430000
0.239598 0.239569 43.430000
0.226968 0.261201 43.430000
0.214267 0.282792 43.430000
0.201409 0.304290 43.430000
0.187838 0.325345 43.430000
0.162818 0.326570 43.430000
0.137772 0.326957 43.430000
0.112723 0.327160 43.430000
0.087673 0.327282 43.430000
0.062624 0.327358 43.430000
0.037574 0.327401 43.430000
0.012525 0.327421 43.430000
-0.012525 0.327421 43.430000
-0.037574 0.327401 43.430000
-0.062624 0.327358 43.430000
-0.087673 0.327282 43.430000
-0.112723 0.327160 43.430000
-0.137772 0.326957 43.430000
-0.162818 0.326570 43.430000
-0.187838 0.325345 43.430000
-0.201409 0.304290 43.430000
-0.214267 0.282792 43.430000
-0.226968 0.261201 43.430000
-0.239598 0.239569 43.430000
-0.252188 0.217913 43.430000
-0.264750 0.196241 43.430000
-0.277292 0.174557 43.430000
-0.289817 0.152864 43.430000
-0.302325 0.131160 43.430000
-0.314812 0.109445 43.430000
-0.327272 0.087714 43.430000
-0.339691 0.065959 43.430000
-0.352039 0.044165 43.430000
-0.364227 0.022280 43.430000
-0.375676 0.000000 43.430000
-0.364227 -0.022280 43.430000
-0.352039 -0.044165 43.430000
-0.339691 -0.065959 43.430000
-0.327272 -0.087714 43.430000
-0.314812 -0.109445 43.430000
-0.302325 -0.131160 43.430000
-0.289817 -0.152864 43.430000
-0.277292 -0.174557 43.430000
-0.264750 -0.196241 43.430000
-0.252188 -0.217913 43.430000
-0.239598 -0.239569 43.430000
-0.226968 -0.261201 43.430000
-0.214267 -0.282792 43.430000
-0.201409 -0.304290 43.430000
-0.187838 -0.325345 43.430000
-0.162818 -0.326570 43.430000
-0.137772 -0.326957 43.430000
-0.112723 -0.327160 43.430000
-0.087673 -0.327282 43.430000
-0.062624 -0.327358 43.430000
-0.037574 -0.327401 43.430000
-0.012525 -0.327421 43.430000
0.012525 -0.327421 43.430000
0.037574 -0.327401 43.430000
0.062624 -0.327358 43.430000
0.087673 -0.327282 43.430000
0.112723 -0.327160 43.430000
0.137772 -0.326957 43.430000
0.162818 -0.326570 43.430000
0.187838 -0.325345 43.430000
0.201409 -0.304290 43.430000
0.214267 -0.282792 43.430000
0.226968 -0.261201 43.430000
0.239598 -0.239569 43.430000
0.252188 -0.217913 43.430000
0.264750 -0.196241 43.430000
0.277292 -0.174557 43.430000
0.289817 -0.152864 43.430000
0.302325 -0.131160 43.430000
0.314812 -0.109445 43.430000
0.327272 -0.087714 43.430000
0.339691 -0.065959 43.430000
0.352039 -0.044165 43.430000
0.364227 -0.022280 43.430000
0.375676 0.000000 43.430000

