0.249991 0.000000 21.390000
0.242452 0.014868 21.390000
0.234377 0.029452 21.390000
0.226185 0.043969 21.390000
0.217940 0.058458 21.390000
0.209664 0.072928 21.390000
0.201364 0.087385 21.390000
0.193046 0.101831 21.390000
0.184711 0.116267 21.390000
0.176359 0.130694 21.390000
0.167989 0.145110 21.390000
0.159596 0.159513 21.390000
0.151171 0.173897 21.390000
0.142694 0.188251 21.390000
0.134102 0.202536 21.390000
0.124995 0.216498 21.390000
0.108350 0.217403 21.390000
0.091683 0.217702 21.390000
0.075014 0.217866 21.390000
0.058344 0.217970 21.390000
0.041675 0.218038 21.390000
0.025005 0.218079 21.390000
0.008335 0.218098 21.390000
-0.008335 0.218098 21.390000
-0.025005 0.218079 21.390000
-0.041675 0.218038 21.390000
-0.058344 0.217970 21.390000
-0.075014 0.217866 21.390000
-0.091683 0.217702 21.390000
-0.108350 0.217403 21.390000
-0.124995 0.216498 21.390000
-0.134102 0.202536 21.390000
-0.142694 0.188251 21.390000
-0.151171 0.173897 21.390000
-0.159596 0.159513 21.390000
-0.167989 0.145110 21.390000
-0.176359 0.130694 21.390000
-0.184711 0.116267 21.390000
-0.193046 0.101831 21.390000
-0.201364 0.087385 21.390000
-0.209664 0.072928 21.390000
-0.217940 0.058458 21.390000
-0.226185 0.043969 21.390000
-0.234377 0.029452 21.390000
-0.242452 0.014868 21.390000
-0.249991 0.000000 21.390000
-0.242452 -0.014868 21.390000
-0.234377 -0.029452 21.390000
-0.226185 -0.043969 21.390000
-0.217940 -0.058458 21.390000
-0.209664 -0.072928 21.390000
-0.201364 -0.087385 21.390000
-0.193046 -0.101831 21.390000
-0.184711 -0.116267 21.390000
-0.176359 -0.130694 21.390000
-0.167989 -0.145110 21.390000
-0.159596 -0.159513 21.390000
-0.151171 -0.173897 21.390000
-0.142694 -0.188251 21.390000
-0.134102 -0.202536 21.390000
-0.124995 -0.216498 21.390000
-0.108350 -0.217403 21.390000
-0.091683 -0.217702 21.390000
-0.075014 -0.217866 21.390000
-0.058344 -0.217970 21.390000
-0.041675 -0.218038 21.390000
-0.025005 -0.218079 21.390000
-0.008335 -0.218098 21.390000
0.008335 -0.218098 21.390000
0.025005 -0.218079 21.390000
0.041675 -0.218038 21.390000
0.058344 -0.217970 21.390000
0.075014 -0.217866 21.390000
0.091683 -0.217702 21.390000
0.108350 -0.217403 21.390000
0.124995 -0.216498 21.390000
0.134102 -0.202536 21.390000
0.142694 -0.188251 21.390000
0.151171 -0.173897 21.390000
0.159596 -0.159513 21.390000
0.167989 -0.145110 21.390000
0.176359 -0.130694 21.390000
0.184711 -0.116267 21.390000
0.193046 -0.101831 21.390000
0.201364 -0.087385 21.390000
0.209664 -0.072928 21.390000
0.217940 -0.058458 21.390000
0.226185 -0.043969 21.390000
0.234377 -0.029452 21.390000
0.242452 -0.014868 21.390000
0.249991 0.000000 21.390000

