0.336721 0.000000 36.040000
0.326490 0.019986 36.040000
0.315580 0.039610 36.040000
0.304522 0.059150 36.040000
0.293399 0.078654 36.040000
0.282238 0.098136 36.040000
0.271050 0.117602 36.040000
0.259842 0.137057 36.040000
0.248616 0.156501 36.040000
0.237371 0.175935 36.040000
0.226107 0.195357 36.040000
0.214816 0.214764 36.040000
0.203487 0.234149 36.040000
0.192093 0.253496 36.040000
0.180554 0.272756 36.040000
0.168360 0.291609 36.040000
0.145936 0.292742 36.040000
0.123487 0.293105 36.040000
0.101035 0.293299 36.040000
0.078583 0.293418 36.040000
0.056131 0.293493 36.040000
0.033679 0.293537 36.040000
0.011226 0.293558 36.040000
-0.011226 0.293558 36.040000
-0.033679 0.293537 36.040000
-0.056131 0.293493 36.040000
-0.078583 0.293418 36.040000
-0.101035 0.293299 36.040000
-0.123487 0.293105 36.040000
-0.145936 0.292742 36.040000
-0.168360 0.291609 36.040000
-0.180554 0.272756 36.040000
-0.192093 0.253496 36.040000
-0.203487 0.234149 36.040000
-0.214816 0.214764 36.040000
-0.226107 0.195357 36.040000
-0.237371 0.175935 36.040000
-0.248616 0.156501 36.040000
-0.259842 0.137057 36.040000
-0.271050 0.117602 36.040000
-0.282238 0.098136 36.040000
-0.293399 0.078654 36.040000
-0.304522 0.059150 36.040000
-0.315580 0.039610 36.040000
-0.326490 0.019986 36.040000
-0.336721 0.000000 36.040000
-0.326490 -0.019986 36.040000
-0.315580 -0.039610 36.040000
-0.304522 -0.059150 36.040000
-0.293399 -0.078654 36.040000
-0.282238 -0.098136 36.040000
-0.271050 -0.117602 36.040000
-0.259842 -0.137057 36.040000
-0.248616 -0.156501 36.040000
-0.237371 -0.175935 36.040000
-0.226107 -0.195357 36.040000
-0.214816 -0.214764 36.040000
-0.203487 -0.234149 36.040000
-0.192093 -0.253496 36.040000
-0.180554 -0.272756 36.040000
-0.168360 -0.291609 36.040000
-0.145936 -0.292742 36.040000
-0.123487 -0.293105 36.040000
-0.101035 -0.293299 36.040000
-0.078583 -0.293418 36.040000
-0.056131 -0.293493 36.040000
-0.033679 -0.293537 36.040000
-0.011226 -0.293558 36.040000
0.011226 -0.293558 36.040000
0.033679 -0.293537 36.040000
0.056131 -0.293493 36.040000
0.078583 -0.293418 36.040000
0.101035 -0.293299 36.040000
0.123487 -0.293105 36.040000
0.145936 -0.292742 36.040000
0.168360 -0.291609 36.040000
0.180554 -0.272756 36.040000
0.192093 -0.253496 36.040000
0.203487 -0.234149 36.040000
0.214816 -0.214764 36.040000
0.226107 -0.195357 36.040000
0.237371 -0.175935 36.040000
0.248616 -0.156501 36.040000
0.259842 -0.137057 36.040000
0.271050 -0.117602 36.040000
0.282238 -0.098136 36.040000
0.293399 -0.078654 36.040000
0.304522 -0.059150 36.040000
0.315580 -0.039610 36.040000
0.326490 -0.019986 36.040000
0.336721 0.000000 36.040000

