0.070866 -0.000000 1.010000
0.068768 0.004235 1.010000
0.066496 0.008379 1.010000
0.064184 0.012500 1.010000
0.061853 0.016612 1.010000
0.059512 0.020717 1.010000
0.057163 0.024817 1.010000
0.054806 0.028914 1.010000
0.052443 0.033007 1.010000
0.050074 0.037096 1.010000
0.047697 0.041181 1.010000
0.045313 0.045261 1.010000
0.042917 0.049334 1.010000
0.040504 0.053398 1.010000
0.038052 0.057438 1.010000
0.035433 0.061371 1.010000
0.030717 0.061672 1.010000
0.025992 0.061776 1.010000
0.021266 0.061835 1.010000
0.016541 0.061872 1.010000
0.011815 0.061897 1.010000
0.007089 0.061913 1.010000
0.002363 0.061920 1.010000
-0.002363 0.061920 1.010000
-0.007089 0.061913 1.010000
-0.011815 0.061897 1.010000
-0.016541 0.061872 1.010000
-0.021266 0.061835 1.010000
-0.025992 0.061776 1.010000
-0.030717 0.061672 1.010000
-0.035433 0.061371 1.010000
-0.038052 0.057438 1.010000
-0.040504 0.053398 1.010000
-0.042917 0.049334 1.010000
-0.045313 0.045261 1.010000
-0.047697 0.041181 1.010000
-0.050074 0.037096 1.010000
-0.052443 0.033007 1.010000
-0.054806 0.028914 1.010000
-0.057163 0.024817 1.010000
-0.059512 0.020717 1.010000
-0.061853 0.016612 1.010000
-0.064184 0.012500 1.010000
-0.066496 0.008379 1.010000
-0.068768 0.004235 1.010000
-0.070866 -0.000000 1.010000
-0.068768 -0.004235 1.010000
-0.066496 -0.008379 1.010000
-0.064184 -0.012500 1.010000
-0.061853 -0.016612 1.010000
-0.059512 -0.020717 1.010000
-0.057163 -0.024817 1.010000
-0.054806 -0.028914 1.010000
-0.052443 -0.033007 1.010000
-0.050074 -0.037096 1.010000
-0.047697 -0.041181 1.010000
-0.045313 -0.045261 1.010000
-0.042917 -0.049334 1.010000
-0.040504 -0.053398 1.010000
-0.038052 -0.057438 1.010000
-0.035433 -0.061371 1.010000
-0.030717 -0.061672 1.010000
-0.025992 -0.061776 1.010000
-0.021266 -0.061835 1.010000
-0.016541 -0.061872 1.010000
-0.011815 -0.061897 1.010000
-0.007089 -0.061913 1.010000
-0.002363 -0.061920 1.010000
0.002363 -0.061920 1.010000
0.007089 -0.061913 1.010000
0.011815 -0.061897 1.010000
0.016541 -0.061872 1.010000
0.021266 -0.061835 1.010000
0.025992 -0.061776 1.010000
0.030717 -0.061672 1.010000
0.035433 -0.061371 1.010000
0.038052 -0.057438 1.010000
0.040504 -0.053398 1.010000
0.042917 -0.049334 1.010000
0.045313 -0.045261 1.010000
0.047697 -0.041181 1.010000
0.050074 -0.037096 1.010000
0.052443 -0.033007 1.010000
0.054806 -0.028914 1.010000
0.057163 -0.024817 1.010000
0.059512 -0.020717 1.010000
0.061853 -0.016612 1.010000
0.064184 -0.012500 1.010000
0.066496 -0.008379 1.010000
0.068768 -0.004235 1.010000
0.070866 -0.000000 1.010000

