0.274250 0.000000 25.220000
0.265961 0.016301 25.220000
0.257095 0.032295 25.220000
0.248102 0.048219 25.220000
0.239053 0.064110 25.220000
0.229971 0.079983 25.220000
0.220864 0.095841 25.220000
0.211738 0.111689 25.220000
0.202594 0.127526 25.220000
0.193433 0.143353 25.220000
0.184253 0.159169 25.220000
0.175048 0.174971 25.220000
0.165810 0.190753 25.220000
0.156516 0.206503 25.220000
0.147098 0.222179 25.220000
0.137125 0.237507 25.220000
0.118863 0.238480 25.220000
0.100579 0.238798 25.220000
0.082292 0.238972 25.220000
0.064005 0.239081 25.220000
0.045718 0.239152 25.220000
0.027431 0.239195 25.220000
0.009144 0.239215 25.220000
-0.009144 0.239215 25.220000
-0.027431 0.239195 25.220000
-0.045718 0.239152 25.220000
-0.064005 0.239081 25.220000
-0.082292 0.238972 25.220000
-0.100579 0.238798 25.220000
-0.118863 0.238480 25.220000
-0.137125 0.237507 25.220000
-0.147098 0.222179 25.220000
-0.156516 0.206503 25.220000
-0.165810 0.190753 25.220000
-0.175048 0.174971 25.220000
-0.184253 0.159169 25.220000
-0.193433 0.143353 25.220000
-0.202594 0.127526 25.220000
-0.211738 0.111689 25.220000
-0.220864 0.095841 25.220000
-0.229971 0.079983 25.220000
-0.239053 0.064110 25.220000
-0.248102 0.048219 25.220000
-0.257095 0.032295 25.220000
-0.265961 0.016301 25.220000
-0.274250 0.000000 25.220000
-0.265961 -0.016301 25.220000
-0.257095 -0.032295 25.220000
-0.248102 -0.048219 25.220000
-0.239053 -0.064110 25.220000
-0.229971 -0.079983 25.220000
-0.220864 -0.095841 25.220000
-0.211738 -0.111689 25.220000
-0.202594 -0.127526 25.220000
-0.193433 -0.143353 25.220000
-0.184253 -0.159169 25.220000
-0.175048 -0.174971 25.220000
-0.165810 -0.190753 25.220000
-0.156516 -0.206503 25.220000
-0.147098 -0.222179 25.220000
-0.137125 -0.237507 25.220000
-0.118863 -0.238480 25.220000
-0.100579 -0.238798 25.220000
-0.082292 -0.238972 25.220000
-0.064005 -0.239081 25.220000
-0.045718 -0.239152 25.220000
-0.027431 -0.239195 25.220000
-0.009144 -0.239215 25.220000
0.009144 -0.239215 25.220000
0.027431 -0.239195 25.220000
0.045718 -0.239152 25.220000
0.064005 -0.239081 25.220000
0.082292 -0.238972 25.220000
0.100579 -0.238798 25.220000
0.118863 -0.238480 25.220000
0.137125 -0.237507 25.220000
0.147098 -0.222179 25.220000
0.156516 -0.206503 25.220000
0.165810 -0.190753 25.220000
0.175048 -0.174971 25.220000
0.184253 -0.159169 25.220000
0.193433 -0.143353 25.220000
0.202594 -0.127526 25.220000
0.211738 -0.111689 25.220000
0.220864 -0.095841 25.220000
0.229971 -0.079983 25.220000
0.239053 -0.064110 25.220000
0.248102 -0.048219 25.220000
0.257095 -0.032295 25.220000
0.265961 -0.016301 25.220000
0.274250 0.000000 25.220000

