0.319972 0.000000 33.010000
0.310263 0.018999 33.010000
0.299902 0.037650 33.010000
0.289398 0.056221 33.010000
0.278832 0.074757 33.010000
0.268228 0.093271 33.010000
0.257599 0.111770 33.010000
0.246949 0.130258 33.010000
0.236281 0.148735 33.010000
0.225595 0.167202 33.010000
0.214889 0.185657 33.010000
0.204157 0.204097 33.010000
0.193388 0.222516 33.010000
0.182557 0.240898 33.010000
0.171585 0.259196 33.010000
0.159986 0.277104 33.010000
0.138678 0.278195 33.010000
0.117345 0.278548 33.010000
0.096010 0.278737 33.010000
0.074675 0.278854 33.010000
0.053339 0.278928 33.010000
0.032004 0.278972 33.010000
0.010668 0.278993 33.010000
-0.010668 0.278993 33.010000
-0.032004 0.278972 33.010000
-0.053339 0.278928 33.010000
-0.074675 0.278854 33.010000
-0.096010 0.278737 33.010000
-0.117345 0.278548 33.010000
-0.138678 0.278195 33.010000
-0.159986 0.277104 33.010000
-0.171585 0.259196 33.010000
-0.182557 0.240898 33.010000
-0.193388 0.222516 33.010000
-0.204157 0.204097 33.010000
-0.214889 0.185657 33.010000
-0.225595 0.167202 33.010000
-0.236281 0.148735 33.010000
-0.246949 0.130258 33.010000
-0.257599 0.111770 33.010000
-0.268228 0.093271 33.010000
-0.278832 0.074757 33.010000
-0.289398 0.056221 33.010000
-0.299902 0.037650 33.010000
-0.310263 0.018999 33.010000
-0.319972 0.000000 33.010000
-0.310263 -0.018999 33.010000
-0.299902 -0.037650 33.010000
-0.289398 -0.056221 33.010000
-0.278832 -0.074757 33.010000
-0.268228 -0.093271 33.010000
-0.257599 -0.111770 33.010000
-0.246949 -0.130258 33.010000
-0.236281 -0.148735 33.010000
-0.225595 -0.167202 33.010000
-0.214889 -0.185657 33.010000
-0.204157 -0.204097 33.010000
-0.193388 -0.222516 33.010000
-0.182557 -0.240898 33.010000
-0.171585 -0.259196 33.010000
-0.159986 -0.277104 33.010000
-0.138678 -0.278195 33.010000
-0.117345 -0.278548 33.010000
-0.096010 -0.278737 33.010000
-0.074675 -0.278854 33.010000
-0.053339 -0.278928 33.010000
-0.032004 -0.278972 33.010000
-0.010668 -0.278993 33.010000
0.010668 -0.278993 33.010000
0.032004 -0.278972 33.010000
0.053339 -0.278928 33.010000
0.074675 -0.278854 33.010000
0.096010 -0.278737 33.010000
0.117345 -0.278548 33.010000
0.138678 -0.278195 33.010000
0.159986 -0.277104 33.010000
0.171585 -0.259196 33.010000
0.182557 -0.240898 33.010000
0.193388 -0.222516 33.010000
0.204157 -0.204097 33.010000
0.214889 -0.185657 33.010000
0.225595 -0.167202 33.010000
0.236281 -0.148735 33.010000
0.246949 -0.130258 33.010000
0.257599 -0.111770 33.010000
0.268228 -0.093271 33.010000
0.278832 -0.074757 33.010000
0.289398 -0.056221 33.010000
0.299902 -0.037650 33.010000
0.310263 -0.018999 33.010000
0.319972 0.000000 33.010000

