0.309543 0.000000 31.170000
0.300159 0.018384 31.170000
0.290139 0.036429 31.170000
0.279980 0.054396 31.170000
0.269760 0.072329 31.170000
0.259504 0.090241 31.170000
0.249222 0.108138 31.170000
0.238919 0.126023 31.170000
0.228599 0.143899 31.170000
0.218261 0.161763 31.170000
0.207903 0.179616 31.170000
0.197519 0.197455 31.170000
0.187099 0.215272 31.170000
0.176618 0.233053 31.170000
0.166000 0.250753 31.170000
0.154771 0.268072 31.170000
0.134158 0.269137 31.170000
0.113521 0.269482 31.170000
0.092881 0.269668 31.170000
0.072241 0.269784 31.170000
0.051601 0.269857 31.170000
0.030961 0.269901 31.170000
0.010320 0.269922 31.170000
-0.010320 0.269922 31.170000
-0.030961 0.269901 31.170000
-0.051601 0.269857 31.170000
-0.072241 0.269784 31.170000
-0.092881 0.269668 31.170000
-0.113521 0.269482 31.170000
-0.134158 0.269137 31.170000
-0.154771 0.268072 31.170000
-0.166000 0.250753 31.170000
-0.176618 0.233053 31.170000
-0.187099 0.215272 31.170000
-0.197519 0.197455 31.170000
-0.207903 0.179616 31.170000
-0.218261 0.161763 31.170000
-0.228599 0.143899 31.170000
-0.238919 0.126023 31.170000
-0.249222 0.108138 31.170000
-0.259504 0.090241 31.170000
-0.269760 0.072329 31.170000
-0.279980 0.054396 31.170000
-0.290139 0.036429 31.170000
-0.300159 0.018384 31.170000
-0.309543 0.000000 31.170000
-0.300159 -0.018384 31.170000
-0.290139 -0.036429 31.170000
-0.279980 -0.054396 31.170000
-0.269760 -0.072329 31.170000
-0.259504 -0.090241 31.170000
-0.249222 -0.108138 31.170000
-0.238919 -0.126023 31.170000
-0.228599 -0.143899 31.170000
-0.218261 -0.161763 31.170000
-0.207903 -0.179616 31.170000
-0.197519 -0.197455 31.170000
-0.187099 -0.215272 31.170000
-0.176618 -0.233053 31.170000
-0.166000 -0.250753 31.170000
-0.154771 -0.268072 31.170000
-0.134158 -0.269137 31.170000
-0.113521 -0.269482 31.170000
-0.092881 -0.269668 31.170000
-0.072241 -0.269784 31.170000
-0.051601 -0.269857 31.170000
-0.030961 -0.269901 31.170000
-0.010320 -0.269922 31.170000
0.010320 -0.269922 31.170000
0.030961 -0.269901 31.170000
0.051601 -0.269857 31.170000
0.072241 -0.269784 31.170000
0.092881 -0.269668 31.170000
0.113521 -0.269482 31.170000
0.134158 -0.269137 31.170000
0.154771 -0.268072 31.170000
0.166000 -0.250753 31.170000
0.176618 -0.233053 31.170000
0.187099 -0.215272 31.170000
0.197519 -0.197455 31.170000
0.207903 -0.179616 31.170000
0.218261 -0.161763 31.170000
0.228599 -0.143899 31.170000
0.238919 -0.126023 31.170000
0.249222 -0.108138 31.170000
0.259504 -0.090241 31.170000
0.269760 -0.072329 31.170000
0.279980 -0.054396 31.170000
0.290139 -0.036429 31.170000
0.300159 -0.018384 31.170000
0.309543 0.000000 31.170000

