0.185399 0.000000 12.320000
0.179844 0.011044 12.320000
0.173870 0.021869 12.320000
0.167804 0.032642 12.320000
0.161697 0.043391 12.320000
0.155564 0.054126 12.320000
0.149412 0.064850 12.320000
0.143245 0.075565 12.320000
0.137063 0.086271 12.320000
0.130868 0.096970 12.320000
0.124656 0.107660 12.320000
0.118426 0.118338 12.320000
0.112171 0.129002 12.320000
0.105874 0.139642 12.320000
0.099487 0.150227 12.320000
0.092700 0.160561 12.320000
0.080357 0.161271 12.320000
0.067996 0.161511 12.320000
0.055634 0.161644 12.320000
0.043271 0.161729 12.320000
0.030908 0.161785 12.320000
0.018545 0.161820 12.320000
0.006182 0.161836 12.320000
-0.006182 0.161836 12.320000
-0.018545 0.161820 12.320000
-0.030908 0.161785 12.320000
-0.043271 0.161729 12.320000
-0.055634 0.161644 12.320000
-0.067996 0.161511 12.320000
-0.080357 0.161271 12.320000
-0.092700 0.160561 12.320000
-0.099487 0.150227 12.320000
-0.105874 0.139642 12.320000
-0.112171 0.129002 12.320000
-0.118426 0.118338 12.320000
-0.124656 0.107660 12.320000
-0.130868 0.096970 12.320000
-0.137063 0.086271 12.320000
-0.143245 0.075565 12.320000
-0.149412 0.064850 12.320000
-0.155564 0.054126 12.320000
-0.161697 0.043391 12.320000
-0.167804 0.032642 12.320000
-0.173870 0.021869 12.320000
-0.179844 0.011044 12.320000
-0.185399 0.000000 12.320000
-0.179844 -0.011044 12.320000
-0.173870 -0.021869 12.320000
-0.167804 -0.032642 12.320000
-0.161697 -0.043391 12.320000
-0.155564 -0.054126 12.320000
-0.149412 -0.064850 12.320000
-0.143245 -0.075565 12.320000
-0.137063 -0.086271 12.320000
-0.130868 -0.096970 12.320000
-0.124656 -0.107660 12.320000
-0.118426 -0.118338 12.320000
-0.112171 -0.129002 12.320000
-0.105874 -0.139642 12.320000
-0.099487 -0.150227 12.320000
-0.092700 -0.160561 12.320000
-0.080357 -0.161271 12.320000
-0.067996 -0.161511 12.320000
-0.055634 -0.161644 12.320000
-0.043271 -0.161729 12.320000
-0.030908 -0.161785 12.320000
-0.018545 -0.161820 12.320000
-0.006182 -0.161836 12.320000
0.006182 -0.161836 12.320000
0.018545 -0.161820 12.320000
0.030908 -0.161785 12.320000
0.043271 -0.161729 12.320000
0.055634 -0.161644 12.320000
0.067996 -0.161511 12.320000
0.080357 -0.161271 12.320000
0.092700 -0.160561 12.320000
0.099487 -0.150227 12.320000
0.105874 -0.139642 12.320000
0.112171 -0.129002 12.320000
0.118426 -0.118338 12.320000
0.124656 -0.107660 12.320000
0.130868 -0.096970 12.320000
0.137063 -0.086271 12.320000
0.143245 -0.075565 12.320000
0.149412 -0.064850 12.320000
0.155564 -0.054126 12.320000
0.161697 -0.043391 12.320000
0.167804 -0.032642 12.320000
0.173870 -0.021869 12.320000
0.179844 -0.011044 12.320000
0.185399 0.000000 12.320000

