0.367756 0.000000 41.890000
0.356556 0.021814 41.890000
0.344628 0.043239 41.890000
0.332542 0.064576 41.890000
0.320387 0.085873 41.890000
0.308191 0.107146 41.890000
0.295968 0.128405 41.890000
0.283725 0.149651 41.890000
0.271464 0.170887 41.890000
0.259186 0.192114 41.890000
0.246887 0.213328 41.890000
0.234561 0.234527 41.890000
0.222195 0.255702 41.890000
0.209760 0.276837 41.890000
0.197170 0.297879 41.890000
0.183878 0.318486 41.890000
0.159386 0.319693 41.890000
0.134868 0.320076 41.890000
0.110347 0.320277 41.890000
0.085826 0.320399 41.890000
0.061304 0.320474 41.890000
0.036782 0.320518 41.890000
0.012261 0.320538 41.890000
-0.012261 0.320538 41.890000
-0.036782 0.320518 41.890000
-0.061304 0.320474 41.890000
-0.085826 0.320399 41.890000
-0.110347 0.320277 41.890000
-0.134868 0.320076 41.890000
-0.159386 0.319693 41.890000
-0.183878 0.318486 41.890000
-0.197170 0.297879 41.890000
-0.209760 0.276837 41.890000
-0.222195 0.255702 41.890000
-0.234561 0.234527 41.890000
-0.246887 0.213328 41.890000
-0.259186 0.192114 41.890000
-0.271464 0.170887 41.890000
-0.283725 0.149651 41.890000
-0.295968 0.128405 41.890000
-0.308191 0.107146 41.890000
-0.320387 0.085873 41.890000
-0.332542 0.064576 41.890000
-0.344628 0.043239 41.890000
-0.356556 0.021814 41.890000
-0.367756 0.000000 41.890000
-0.356556 -0.021814 41.890000
-0.344628 -0.043239 41.890000
-0.332542 -0.064576 41.890000
-0.320387 -0.085873 41.890000
-0.308191 -0.107146 41.890000
-0.295968 -0.128405 41.890000
-0.283725 -0.149651 41.890000
-0.271464 -0.170887 41.890000
-0.259186 -0.192114 41.890000
-0.246887 -0.213328 41.890000
-0.234561 -0.234527 41.890000
-0.222195 -0.255702 41.890000
-0.209760 -0.276837 41.890000
-0.197170 -0.297879 41.890000
-0.183878 -0.318486 41.890000
-0.159386 -0.319693 41.890000
-0.134868 -0.320076 41.890000
-0.110347 -0.320277 41.890000
-0.085826 -0.320399 41.890000
-0.061304 -0.320474 41.890000
-0.036782 -0.320518 41.890000
-0.012261 -0.320538 41.890000
0.012261 -0.320538 41.890000
0.036782 -0.320518 41.890000
0.061304 -0.320474 41.890000
0.085826 -0.320399 41.890000
0.110347 -0.320277 41.890000
0.134868 -0.320076 41.890000
0.159386 -0.319693 41.890000
0.183878 -0.318486 41.890000
0.197170 -0.297879 41.890000
0.209760 -0.276837 41.890000
0.222195 -0.255702 41.890000
0.234561 -0.234527 41.890000
0.246887 -0.213328 41.890000
0.259186 -0.192114 41.890000
0.271464 -0.170887 41.890000
0.283725 -0.149651 41.890000
0.295968 -0.128405 41.890000
0.308191 -0.107146 41.890000
0.320387 -0.085873 41.890000
0.332542 -0.064576 41.890000
0.344628 -0.043239 41.890000
0.356556 -0.021814 41.890000
0.367756 0.000000 41.890000

