0.368584 0.000000 42.050000
0.357357 0.021863 42.050000
0.345402 0.043336 42.050000
0.333289 0.064720 42.050000
0.321106 0.086065 42.050000
0.308883 0.107387 42.050000
0.296632 0.128692 42.050000
0.284361 0.149987 42.050000
0.272073 0.171271 42.050000
0.259767 0.192545 42.050000
0.247441 0.213807 42.050000
0.235087 0.235053 42.050000
0.222694 0.256276 42.050000
0.210231 0.277459 42.050000
0.197612 0.298549 42.050000
0.184292 0.319203 42.050000
0.159745 0.320412 42.050000
0.135171 0.320795 42.050000
0.110595 0.320997 42.050000
0.086019 0.321118 42.050000
0.061442 0.321194 42.050000
0.036865 0.321237 42.050000
0.012288 0.321257 42.050000
-0.012288 0.321257 42.050000
-0.036865 0.321237 42.050000
-0.061442 0.321194 42.050000
-0.086019 0.321118 42.050000
-0.110595 0.320997 42.050000
-0.135171 0.320795 42.050000
-0.159745 0.320412 42.050000
-0.184292 0.319203 42.050000
-0.197612 0.298549 42.050000
-0.210231 0.277459 42.050000
-0.222694 0.256276 42.050000
-0.235087 0.235053 42.050000
-0.247441 0.213807 42.050000
-0.259767 0.192545 42.050000
-0.272073 0.171271 42.050000
-0.284361 0.149987 42.050000
-0.296632 0.128692 42.050000
-0.308883 0.107387 42.050000
-0.321106 0.086065 42.050000
-0.333289 0.064720 42.050000
-0.345402 0.043336 42.050000
-0.357357 0.021863 42.050000
-0.368584 0.000000 42.050000
-0.357357 -0.021863 42.050000
-0.345402 -0.043336 42.050000
-0.333289 -0.064720 42.050000
-0.321106 -0.086065 42.050000
-0.308883 -0.107387 42.050000
-0.296632 -0.128692 42.050000
-0.284361 -0.149987 42.050000
-0.272073 -0.171271 42.050000
-0.259767 -0.192545 42.050000
-0.247441 -0.213807 42.050000
-0.235087 -0.235053 42.050000
-0.222694 -0.256276 42.050000
-0.210231 -0.277459 42.050000
-0.197612 -0.298549 42.050000
-0.184292 -0.319203 42.050000
-0.159745 -0.320412 42.050000
-0.135171 -0.320795 42.050000
-0.110595 -0.320997 42.050000
-0.086019 -0.321118 42.050000
-0.061442 -0.321194 42.050000
-0.036865 -0.321237 42.050000
-0.012288 -0.321257 42.050000
0.012288 -0.321257 42.050000
0.036865 -0.321237 42.050000
0.061442 -0.321194 42.050000
0.086019 -0.321118 42.050000
0.110595 -0.320997 42.050000
0.135171 -0.320795 42.050000
0.159745 -0.320412 42.050000
0.184292 -0.319203 42.050000
0.197612 -0.298549 42.050000
0.210231 -0.277459 42.050000
0.222694 -0.256276 42.050000
0.235087 -0.235053 42.050000
0.247441 -0.213807 42.050000
0.259767 -0.192545 42.050000
0.272073 -0.171271 42.050000
0.284361 -0.149987 42.050000
0.296632 -0.128692 42.050000
0.308883 -0.107387 42.050000
0.321106 -0.086065 42.050000
0.333289 -0.064720 42.050000
0.345402 -0.043336 42.050000
0.357357 -0.021863 42.050000
0.368584 0.000000 42.050000

