0.293610 0.000000 28.430000
0.284721 0.017444 28.430000
0.275222 0.034563 28.430000
0.265590 0.051608 28.430000
0.255899 0.068619 28.430000
0.246173 0.085611 28.430000
0.236421 0.102588 28.430000
0.226650 0.119553 28.430000
0.216861 0.136508 28.430000
0.207054 0.153453 28.430000
0.197227 0.170386 28.430000
0.187376 0.187305 28.430000
0.177489 0.204203 28.430000
0.167544 0.221068 28.430000
0.157467 0.237853 28.430000
0.146805 0.254273 28.430000
0.127253 0.255297 28.430000
0.107678 0.255631 28.430000
0.088101 0.255812 28.430000
0.068523 0.255925 28.430000
0.048945 0.255997 28.430000
0.029367 0.256041 28.430000
0.009789 0.256061 28.430000
-0.009789 0.256061 28.430000
-0.029367 0.256041 28.430000
-0.048945 0.255997 28.430000
-0.068523 0.255925 28.430000
-0.088101 0.255812 28.430000
-0.107678 0.255631 28.430000
-0.127253 0.255297 28.430000
-0.146805 0.254273 28.430000
-0.157467 0.237853 28.430000
-0.167544 0.221068 28.430000
-0.177489 0.204203 28.430000
-0.187376 0.187305 28.430000
-0.197227 0.170386 28.430000
-0.207054 0.153453 28.430000
-0.216861 0.136508 28.430000
-0.226650 0.119553 28.430000
-0.236421 0.102588 28.430000
-0.246173 0.085611 28.430000
-0.255899 0.068619 28.430000
-0.265590 0.051608 28.430000
-0.275222 0.034563 28.430000
-0.284721 0.017444 28.430000
-0.293610 0.000000 28.430000
-0.284721 -0.017444 28.430000
-0.275222 -0.034563 28.430000
-0.265590 -0.051608 28.430000
-0.255899 -0.068619 28.430000
-0.246173 -0.085611 28.430000
-0.236421 -0.102588 28.430000
-0.226650 -0.119553 28.430000
-0.216861 -0.136508 28.430000
-0.207054 -0.153453 28.430000
-0.197227 -0.170386 28.430000
-0.187376 -0.187305 28.430000
-0.177489 -0.204203 28.430000
-0.167544 -0.221068 28.430000
-0.157467 -0.237853 28.430000
-0.146805 -0.254273 28.430000
-0.127253 -0.255297 28.430000
-0.107678 -0.255631 28.430000
-0.088101 -0.255812 28.430000
-0.068523 -0.255925 28.430000
-0.048945 -0.255997 28.430000
-0.029367 -0.256041 28.430000
-0.009789 -0.256061 28.430000
0.009789 -0.256061 28.430000
0.029367 -0.256041 28.430000
0.048945 -0.255997 28.430000
0.068523 -0.255925 28.430000
0.088101 -0.255812 28.430000
0.107678 -0.255631 28.430000
0.127253 -0.255297 28.430000
0.146805 -0.254273 28.430000
0.157467 -0.237853 28.430000
0.167544 -0.221068 28.430000
0.177489 -0.204203 28.430000
0.187376 -0.187305 28.430000
0.197227 -0.170386 28.430000
0.207054 -0.153453 28.430000
0.216861 -0.136508 28.430000
0.226650 -0.119553 28.430000
0.236421 -0.102588 28.430000
0.246173 -0.085611 28.430000
0.255899 -0.068619 28.430000
0.265590 -0.051608 28.430000
0.275222 -0.034563 28.430000
0.284721 -0.017444 28.430000
0.293610 0.000000 28.430000

