0.087206 -0.000000 2.190000
0.084620 0.005209 2.190000
0.081822 0.010307 2.190000
0.078976 0.015378 2.190000
0.076108 0.020438 2.190000
0.073226 0.025489 2.190000
0.070334 0.030535 2.190000
0.067434 0.035576 2.190000
0.064527 0.040612 2.190000
0.061611 0.045644 2.190000
0.058687 0.050671 2.190000
0.055753 0.055692 2.190000
0.052806 0.060706 2.190000
0.049837 0.065706 2.190000
0.046821 0.070679 2.190000
0.043603 0.075523 2.190000
0.037799 0.075888 2.190000
0.031985 0.076014 2.190000
0.026170 0.076084 2.190000
0.020354 0.076130 2.190000
0.014539 0.076160 2.190000
0.008723 0.076179 2.190000
0.002908 0.076188 2.190000
-0.002908 0.076188 2.190000
-0.008723 0.076179 2.190000
-0.014539 0.076160 2.190000
-0.020354 0.076130 2.190000
-0.026170 0.076084 2.190000
-0.031985 0.076014 2.190000
-0.037799 0.075888 2.190000
-0.043603 0.075523 2.190000
-0.046821 0.070679 2.190000
-0.049837 0.065706 2.190000
-0.052806 0.060706 2.190000
-0.055753 0.055692 2.190000
-0.058687 0.050671 2.190000
-0.061611 0.045644 2.190000
-0.064527 0.040612 2.190000
-0.067434 0.035576 2.190000
-0.070334 0.030535 2.190000
-0.073226 0.025489 2.190000
-0.076108 0.020438 2.190000
-0.078976 0.015378 2.190000
-0.081822 0.010307 2.190000
-0.084620 0.005209 2.190000
-0.087206 -0.000000 2.190000
-0.084620 -0.005209 2.190000
-0.081822 -0.010307 2.190000
-0.078976 -0.015378 2.190000
-0.076108 -0.020438 2.190000
-0.073226 -0.025489 2.190000
-0.070334 -0.030535 2.190000
-0.067434 -0.035576 2.190000
-0.064527 -0.040612 2.190000
-0.061611 -0.045644 2.190000
-0.058687 -0.050671 2.190000
-0.055753 -0.055692 2.190000
-0.052806 -0.060706 2.190000
-0.049837 -0.065706 2.190000
-0.046821 -0.070679 2.190000
-0.043603 -0.075523 2.190000
-0.037799 -0.075888 2.190000
-0.031985 -0.076014 2.190000
-0.026170 -0.076084 2.190000
-0.020354 -0.076130 2.190000
-0.014539 -0.076160 2.190000
-0.008723 -0.076179 2.190000
-0.002908 -0.076188 2.190000
0.002908 -0.076188 2.190000
0.008723 -0.076179 2.190000
0.014539 -0.076160 2.190000
0.020354 -0.076130 2.190000
0.026170 -0.076084 2.190000
0.031985 -0.076014 2.190000
0.037799 -0.075888 2.190000
0.043603 -0.075523 2.190000
0.046821 -0.070679 2.190000
0.049837 -0.065706 2.190000
0.052806 -0.060706 2.190000
0.055753 -0.055692 2.190000
0.058687 -0.050671 2.190000
0.061611 -0.045644 2.190000
0.064527 -0.040612 2.190000
0.067434 -0.035576 2.190000
0.070334 -0.030535 2.190000
0.073226 -0.025489 2.190000
0.076108 -0.020438 2.190000
0.078976 -0.015378 2.190000
0.081822 -0.010307 2.190000
0.084620 -0.005209 2.190000
0.087206 -0.000000 2.190000

