0.326166 0.000000 34.120000
0.316265 0.019364 34.120000
0.305701 0.038375 34.120000
0.294992 0.057305 34.120000
0.284220 0.076198 34.120000
0.273410 0.095070 34.120000
0.262574 0.113927 34.120000
0.251718 0.132773 34.120000
0.240843 0.151608 34.120000
0.229951 0.170432 34.120000
0.219038 0.189245 34.120000
0.208100 0.208043 34.120000
0.197123 0.226818 34.120000
0.186084 0.245557 34.120000
0.174902 0.264211 34.120000
0.163083 0.282468 34.120000
0.141363 0.283576 34.120000
0.119617 0.283932 34.120000
0.097869 0.284123 34.120000
0.076120 0.284241 34.120000
0.054372 0.284315 34.120000
0.032623 0.284360 34.120000
0.010874 0.284380 34.120000
-0.010874 0.284380 34.120000
-0.032623 0.284360 34.120000
-0.054372 0.284315 34.120000
-0.076120 0.284241 34.120000
-0.097869 0.284123 34.120000
-0.119617 0.283932 34.120000
-0.141363 0.283576 34.120000
-0.163083 0.282468 34.120000
-0.174902 0.264211 34.120000
-0.186084 0.245557 34.120000
-0.197123 0.226818 34.120000
-0.208100 0.208043 34.120000
-0.219038 0.189245 34.120000
-0.229951 0.170432 34.120000
-0.240843 0.151608 34.120000
-0.251718 0.132773 34.120000
-0.262574 0.113927 34.120000
-0.273410 0.095070 34.120000
-0.284220 0.076198 34.120000
-0.294992 0.057305 34.120000
-0.305701 0.038375 34.120000
-0.316265 0.019364 34.120000
-0.326166 0.000000 34.120000
-0.316265 -0.019364 34.120000
-0.305701 -0.038375 34.120000
-0.294992 -0.057305 34.120000
-0.284220 -0.076198 34.120000
-0.273410 -0.095070 34.120000
-0.262574 -0.113927 34.120000
-0.251718 -0.132773 34.120000
-0.240843 -0.151608 34.120000
-0.229951 -0.170432 34.120000
-0.219038 -0.189245 34.120000
-0.208100 -0.208043 34.120000
-0.197123 -0.226818 34.120000
-0.186084 -0.245557 34.120000
-0.174902 -0.264211 34.120000
-0.163083 -0.282468 34.120000
-0.141363 -0.283576 34.120000
-0.119617 -0.283932 34.120000
-0.097869 -0.284123 34.120000
-0.076120 -0.284241 34.120000
-0.054372 -0.284315 34.120000
-0.032623 -0.284360 34.120000
-0.010874 -0.284380 34.120000
0.010874 -0.284380 34.120000
0.032623 -0.284360 34.120000
0.054372 -0.284315 34.120000
0.076120 -0.284241 34.120000
0.097869 -0.284123 34.120000
0.119617 -0.283932 34.120000
0.141363 -0.283576 34.120000
0.163083 -0.282468 34.120000
0.174902 -0.264211 34.120000
0.186084 -0.245557 34.120000
0.197123 -0.226818 34.120000
0.208100 -0.208043 34.120000
0.219038 -0.189245 34.120000
0.229951 -0.170432 34.120000
0.240843 -0.151608 34.120000
0.251718 -0.132773 34.120000
0.262574 -0.113927 34.120000
0.273410 -0.095070 34.120000
0.284220 -0.076198 34.120000
0.294992 -0.057305 34.120000
0.305701 -0.038375 34.120000
0.316265 -0.019364 34.120000
0.326166 0.000000 34.120000

