0.365216 0.000000 41.400000
0.354095 0.021665 41.400000
0.342250 0.042942 41.400000
0.330249 0.064132 41.400000
0.318178 0.085282 41.400000
0.306067 0.106409 41.400000
0.293929 0.127521 41.400000
0.281770 0.148620 41.400000
0.269594 0.169710 41.400000
0.257400 0.190790 41.400000
0.245186 0.211857 41.400000
0.232945 0.232909 41.400000
0.220664 0.253938 41.400000
0.208314 0.274926 41.400000
0.195810 0.295823 41.400000
0.182608 0.316286 41.400000
0.158285 0.317488 41.400000
0.133936 0.317869 41.400000
0.109585 0.318070 41.400000
0.085233 0.318191 41.400000
0.060881 0.318266 41.400000
0.036528 0.318310 41.400000
0.012176 0.318330 41.400000
-0.012176 0.318330 41.400000
-0.036528 0.318310 41.400000
-0.060881 0.318266 41.400000
-0.085233 0.318191 41.400000
-0.109585 0.318070 41.400000
-0.133936 0.317869 41.400000
-0.158285 0.317488 41.400000
-0.182608 0.316286 41.400000
-0.195810 0.295823 41.400000
-0.208314 0.274926 41.400000
-0.220664 0.253938 41.400000
-0.232945 0.232909 41.400000
-0.245186 0.211857 41.400000
-0.257400 0.190790 41.400000
-0.269594 0.169710 41.400000
-0.281770 0.148620 41.400000
-0.293929 0.127521 41.400000
-0.306067 0.106409 41.400000
-0.318178 0.085282 41.400000
-0.330249 0.064132 41.400000
-0.342250 0.042942 41.400000
-0.354095 0.021665 41.400000
-0.365216 0.000000 41.400000
-0.354095 -0.021665 41.400000
-0.342250 -0.042942 41.400000
-0.330249 -0.064132 41.400000
-0.318178 -0.085282 41.400000
-0.306067 -0.106409 41.400000
-0.293929 -0.127521 41.400000
-0.281770 -0.148620 41.400000
-0.269594 -0.169710 41.400000
-0.257400 -0.190790 41.400000
-0.245186 -0.211857 41.400000
-0.232945 -0.232909 41.400000
-0.220664 -0.253938 41.400000
-0.208314 -0.274926 41.400000
-0.195810 -0.295823 41.400000
-0.182608 -0.316286 41.400000
-0.158285 -0.317488 41.400000
-0.133936 -0.317869 41.400000
-0.109585 -0.318070 41.400000
-0.085233 -0.318191 41.400000
-0.060881 -0.318266 41.400000
-0.036528 -0.318310 41.400000
-0.012176 -0.318330 41.400000
0.012176 -0.318330 41.400000
0.036528 -0.318310 41.400000
0.060881 -0.318266 41.400000
0.085233 -0.318191 41.400000
0.109585 -0.318070 41.400000
0.133936 -0.317869 41.400000
0.158285 -0.317488 41.400000
0.182608 -0.316286 41.400000
0.195810 -0.295823 41.400000
0.208314 -0.274926 41.400000
0.220664 -0.253938 41.400000
0.232945 -0.232909 41.400000
0.245186 -0.211857 41.400000
0.257400 -0.190790 41.400000
0.269594 -0.169710 41.400000
0.281770 -0.148620 41.400000
0.293929 -0.127521 41.400000
0.306067 -0.106409 41.400000
0.318178 -0.085282 41.400000
0.330249 -0.064132 41.400000
0.342250 -0.042942 41.400000
0.354095 -0.021665 41.400000
0.365216 0.000000 41.400000

