0.388182 0.000000 45.900000
0.376342 0.023016 45.900000
0.363743 0.045627 45.900000
0.350979 0.068144 45.900000
0.338144 0.090621 45.900000
0.325267 0.113074 45.900000
0.312362 0.135511 45.900000
0.299438 0.157937 45.900000
0.286496 0.180352 45.900000
0.273537 0.202758 45.900000
0.260559 0.225153 45.900000
0.247552 0.247531 45.900000
0.234504 0.269885 45.900000
0.221385 0.292197 45.900000
0.208103 0.314413 45.900000
0.194091 0.336176 45.900000
0.168238 0.337429 45.900000
0.142358 0.337824 45.900000
0.116475 0.338029 45.900000
0.090592 0.338152 45.900000
0.064709 0.338227 45.900000
0.038825 0.338269 45.900000
0.012942 0.338289 45.900000
-0.012942 0.338289 45.900000
-0.038825 0.338269 45.900000
-0.064709 0.338227 45.900000
-0.090592 0.338152 45.900000
-0.116475 0.338029 45.900000
-0.142358 0.337824 45.900000
-0.168238 0.337429 45.900000
-0.194091 0.336176 45.900000
-0.208103 0.314413 45.900000
-0.221385 0.292197 45.900000
-0.234504 0.269885 45.900000
-0.247552 0.247531 45.900000
-0.260559 0.225153 45.900000
-0.273537 0.202758 45.900000
-0.286496 0.180352 45.900000
-0.299438 0.157937 45.900000
-0.312362 0.135511 45.900000
-0.325267 0.113074 45.900000
-0.338144 0.090621 45.900000
-0.350979 0.068144 45.900000
-0.363743 0.045627 45.900000
-0.376342 0.023016 45.900000
-0.388182 0.000000 45.900000
-0.376342 -0.023016 45.900000
-0.363743 -0.045627 45.900000
-0.350979 -0.068144 45.900000
-0.338144 -0.090621 45.900000
-0.325267 -0.113074 45.900000
-0.312362 -0.135511 45.900000
-0.299438 -0.157937 45.900000
-0.286496 -0.180352 45.900000
-0.273537 -0.202758 45.900000
-0.260559 -0.225153 45.900000
-0.247552 -0.247531 45.900000
-0.234504 -0.269885 45.900000
-0.221385 -0.292197 45.900000
-0.208103 -0.314413 45.900000
-0.194091 -0.336176 45.900000
-0.168238 -0.337429 45.900000
-0.142358 -0.337824 45.900000
-0.116475 -0.338029 45.900000
-0.090592 -0.338152 45.900000
-0.064709 -0.338227 45.900000
-0.038825 -0.338269 45.900000
-0.012942 -0.338289 45.900000
0.012942 -0.338289 45.900000
0.038825 -0.338269 45.900000
0.064709 -0.338227 45.900000
0.090592 -0.338152 45.900000
0.116475 -0.338029 45.900000
0.142358 -0.337824 45.900000
0.168238 -0.337429 45.900000
0.194091 -0.336176 45.900000
0.208103 -0.314413 45.900000
0.221385 -0.292197 45.900000
0.234504 -0.269885 45.900000
0.247552 -0.247531 45.900000
0.260559 -0.225153 45.900000
0.273537 -0.202758 45.900000
0.286496 -0.180352 45.900000
0.299438 -0.157937 45.900000
0.312362 -0.135511 45.900000
0.325267 -0.113074 45.900000
0.338144 -0.090621 45.900000
0.350979 -0.068144 45.900000
0.363743 -0.045627 45.900000
0.376342 -0.023016 45.900000
0.388182 0.000000 45.900000

