0.145019 -0.000000 7.570000
0.140692 0.008648 7.570000
0.136028 0.017120 7.570000
0.131287 0.025549 7.570000
0.126513 0.033959 7.570000
0.121719 0.042358 7.570000
0.116908 0.050747 7.570000
0.112085 0.059129 7.570000
0.107249 0.067504 7.570000
0.102402 0.075872 7.570000
0.097542 0.084233 7.570000
0.092666 0.092584 7.570000
0.087770 0.100924 7.570000
0.082840 0.109243 7.570000
0.077836 0.117519 7.570000
0.072510 0.125590 7.570000
0.062856 0.126167 7.570000
0.053188 0.126363 7.570000
0.043518 0.126473 7.570000
0.033847 0.126543 7.570000
0.024177 0.126590 7.570000
0.014506 0.126619 7.570000
0.004835 0.126633 7.570000
-0.004835 0.126633 7.570000
-0.014506 0.126619 7.570000
-0.024177 0.126590 7.570000
-0.033847 0.126543 7.570000
-0.043518 0.126473 7.570000
-0.053188 0.126363 7.570000
-0.062856 0.126167 7.570000
-0.072510 0.125590 7.570000
-0.077836 0.117519 7.570000
-0.082840 0.109243 7.570000
-0.087770 0.100924 7.570000
-0.092666 0.092584 7.570000
-0.097542 0.084233 7.570000
-0.102402 0.075872 7.570000
-0.107249 0.067504 7.570000
-0.112085 0.059129 7.570000
-0.116908 0.050747 7.570000
-0.121719 0.042358 7.570000
-0.126513 0.033959 7.570000
-0.131287 0.025549 7.570000
-0.136028 0.017120 7.570000
-0.140692 0.008648 7.570000
-0.145019 -0.000000 7.570000
-0.140692 -0.008648 7.570000
-0.136028 -0.017120 7.570000
-0.131287 -0.025549 7.570000
-0.126513 -0.033959 7.570000
-0.121719 -0.042358 7.570000
-0.116908 -0.050747 7.570000
-0.112085 -0.059129 7.570000
-0.107249 -0.067504 7.570000
-0.102402 -0.075872 7.570000
-0.097542 -0.084233 7.570000
-0.092666 -0.092584 7.570000
-0.087770 -0.100924 7.570000
-0.082840 -0.109243 7.570000
-0.077836 -0.117519 7.570000
-0.072510 -0.125590 7.570000
-0.062856 -0.126167 7.570000
-0.053188 -0.126363 7.570000
-0.043518 -0.126473 7.570000
-0.033847 -0.126543 7.570000
-0.024177 -0.126590 7.570000
-0.014506 -0.126619 7.570000
-0.004835 -0.126633 7.570000
0.004835 -0.126633 7.570000
0.014506 -0.126619 7.570000
0.024177 -0.126590 7.570000
0.033847 -0.126543 7.570000
0.043518 -0.126473 7.570000
0.053188 -0.126363 7.570000
0.062856 -0.126167 7.570000
0.072510 -0.125590 7.570000
0.077836 -0.117519 7.570000
0.082840 -0.109243 7.570000
0.087770 -0.100924 7.570000
0.092666 -0.092584 7.570000
0.097542 -0.084233 7.570000
0.102402 -0.075872 7.570000
0.107249 -0.067504 7.570000
0.112085 -0.059129 7.570000
0.116908 -0.050747 7.570000
0.121719 -0.042358 7.570000
0.126513 -0.033959 7.570000
0.131287 -0.025549 7.570000
0.136028 -0.017120 7.570000
0.140692 -0.008648 7.570000
0.145019 -0.000000 7.570000

