0.373987 0.000000 43.100000
0.362591 0.022181 43.100000
0.350458 0.043968 43.100000
0.338166 0.065664 43.100000
0.325803 0.087321 43.100000
0.313400 0.108955 43.100000
0.300969 0.130572 43.100000
0.288518 0.152178 43.100000
0.276049 0.173775 43.100000
0.263564 0.195361 43.100000
0.251058 0.216935 43.100000
0.238524 0.238493 43.100000
0.225950 0.260028 43.100000
0.213306 0.281522 43.100000
0.200505 0.302923 43.100000
0.186993 0.323882 43.100000
0.162086 0.325104 43.100000
0.137152 0.325490 43.100000
0.112216 0.325692 43.100000
0.087279 0.325815 43.100000
0.062342 0.325890 43.100000
0.037406 0.325933 43.100000
0.012469 0.325953 43.100000
-0.012469 0.325953 43.100000
-0.037406 0.325933 43.100000
-0.062342 0.325890 43.100000
-0.087279 0.325815 43.100000
-0.112216 0.325692 43.100000
-0.137152 0.325490 43.100000
-0.162086 0.325104 43.100000
-0.186993 0.323882 43.100000
-0.200505 0.302923 43.100000
-0.213306 0.281522 43.100000
-0.225950 0.260028 43.100000
-0.238524 0.238493 43.100000
-0.251058 0.216935 43.100000
-0.263564 0.195361 43.100000
-0.276049 0.173775 43.100000
-0.288518 0.152178 43.100000
-0.300969 0.130572 43.100000
-0.313400 0.108955 43.100000
-0.325803 0.087321 43.100000
-0.338166 0.065664 43.100000
-0.350458 0.043968 43.100000
-0.362591 0.022181 43.100000
-0.373987 0.000000 43.100000
-0.362591 -0.022181 43.100000
-0.350458 -0.043968 43.100000
-0.338166 -0.065664 43.100000
-0.325803 -0.087321 43.100000
-0.313400 -0.108955 43.100000
-0.300969 -0.130572 43.100000
-0.288518 -0.152178 43.100000
-0.276049 -0.173775 43.100000
-0.263564 -0.195361 43.100000
-0.251058 -0.216935 43.100000
-0.238524 -0.238493 43.100000
-0.225950 -0.260028 43.100000
-0.213306 -0.281522 43.100000
-0.200505 -0.302923 43.100000
-0.186993 -0.323882 43.100000
-0.162086 -0.325104 43.100000
-0.137152 -0.325490 43.100000
-0.112216 -0.325692 43.100000
-0.087279 -0.325815 43.100000
-0.062342 -0.325890 43.100000
-0.037406 -0.325933 43.100000
-0.012469 -0.325953 43.100000
0.012469 -0.325953 43.100000
0.037406 -0.325933 43.100000
0.062342 -0.325890 43.100000
0.087279 -0.325815 43.100000
0.112216 -0.325692 43.100000
0.137152 -0.325490 43.100000
0.162086 -0.325104 43.100000
0.186993 -0.323882 43.100000
0.200505 -0.302923 43.100000
0.213306 -0.281522 43.100000
0.225950 -0.260028 43.100000
0.238524 -0.238493 43.100000
0.251058 -0.216935 43.100000
0.263564 -0.195361 43.100000
0.276049 -0.173775 43.100000
0.288518 -0.152178 43.100000
0.300969 -0.130572 43.100000
0.313400 -0.108955 43.100000
0.325803 -0.087321 43.100000
0.338166 -0.065664 43.100000
0.350458 -0.043968 43.100000
0.362591 -0.022181 43.100000
0.373987 0.000000 43.100000

