0.311428 0.000000 31.500000
0.301986 0.018495 31.500000
0.291904 0.036650 31.500000
0.281683 0.054726 31.500000
0.271401 0.072768 31.500000
0.261081 0.090789 31.500000
0.250737 0.108795 31.500000
0.240371 0.126789 31.500000
0.229988 0.144773 31.500000
0.219587 0.162747 31.500000
0.209166 0.180709 31.500000
0.198719 0.198656 31.500000
0.188236 0.216582 31.500000
0.177692 0.234472 31.500000
0.167010 0.252280 31.500000
0.155714 0.269705 31.500000
0.134976 0.270775 31.500000
0.114212 0.271122 31.500000
0.093447 0.271308 31.500000
0.072681 0.271424 31.500000
0.051915 0.271498 31.500000
0.031149 0.271542 31.500000
0.010383 0.271562 31.500000
-0.010383 0.271562 31.500000
-0.031149 0.271542 31.500000
-0.051915 0.271498 31.500000
-0.072681 0.271424 31.500000
-0.093447 0.271308 31.500000
-0.114212 0.271122 31.500000
-0.134976 0.270775 31.500000
-0.155714 0.269705 31.500000
-0.167010 0.252280 31.500000
-0.177692 0.234472 31.500000
-0.188236 0.216582 31.500000
-0.198719 0.198656 31.500000
-0.209166 0.180709 31.500000
-0.219587 0.162747 31.500000
-0.229988 0.144773 31.500000
-0.240371 0.126789 31.500000
-0.250737 0.108795 31.500000
-0.261081 0.090789 31.500000
-0.271401 0.072768 31.500000
-0.281683 0.054726 31.500000
-0.291904 0.036650 31.500000
-0.301986 0.018495 31.500000
-0.311428 0.000000 31.500000
-0.301986 -0.018495 31.500000
-0.291904 -0.036650 31.500000
-0.281683 -0.054726 31.500000
-0.271401 -0.072768 31.500000
-0.261081 -0.090789 31.500000
-0.250737 -0.108795 31.500000
-0.240371 -0.126789 31.500000
-0.229988 -0.144773 31.500000
-0.219587 -0.162747 31.500000
-0.209166 -0.180709 31.500000
-0.198719 -0.198656 31.500000
-0.188236 -0.216582 31.500000
-0.177692 -0.234472 31.500000
-0.167010 -0.252280 31.500000
-0.155714 -0.269705 31.500000
-0.134976 -0.270775 31.500000
-0.114212 -0.271122 31.500000
-0.093447 -0.271308 31.500000
-0.072681 -0.271424 31.500000
-0.051915 -0.271498 31.500000
-0.031149 -0.271542 31.500000
-0.010383 -0.271562 31.500000
0.010383 -0.271562 31.500000
0.031149 -0.271542 31.500000
0.051915 -0.271498 31.500000
0.072681 -0.271424 31.500000
0.093447 -0.271308 31.500000
0.114212 -0.271122 31.500000
0.134976 -0.270775 31.500000
0.155714 -0.269705 31.500000
0.167010 -0.252280 31.500000
0.177692 -0.234472 31.500000
0.188236 -0.216582 31.500000
0.198719 -0.198656 31.500000
0.209166 -0.180709 31.500000
0.219587 -0.162747 31.500000
0.229988 -0.144773 31.500000
0.240371 -0.126789 31.500000
0.250737 -0.108795 31.500000
0.261081 -0.090789 31.500000
0.271401 -0.072768 31.500000
0.281683 -0.054726 31.500000
0.291904 -0.036650 31.500000
0.301986 -0.018495 31.500000
0.311428 0.000000 31.500000

