0.352782 0.000000 39.030000
0.342050 0.020932 39.030000
0.330613 0.041488 39.030000
0.319023 0.061958 39.030000
0.307366 0.082390 39.030000
0.295670 0.102799 39.030000
0.283946 0.123193 39.030000
0.272202 0.143575 39.030000
0.260441 0.163947 39.030000
0.248661 0.184308 39.030000
0.236862 0.204658 39.030000
0.225035 0.224992 39.030000
0.213169 0.245303 39.030000
0.201236 0.265575 39.030000
0.189153 0.285757 39.030000
0.176391 0.305518 39.030000
0.152897 0.306690 39.030000
0.129377 0.307063 39.030000
0.105854 0.307261 39.030000
0.082331 0.307382 39.030000
0.058808 0.307457 39.030000
0.035285 0.307501 39.030000
0.011762 0.307522 39.030000
-0.011762 0.307522 39.030000
-0.035285 0.307501 39.030000
-0.058808 0.307457 39.030000
-0.082331 0.307382 39.030000
-0.105854 0.307261 39.030000
-0.129377 0.307063 39.030000
-0.152897 0.306690 39.030000
-0.176391 0.305518 39.030000
-0.189153 0.285757 39.030000
-0.201236 0.265575 39.030000
-0.213169 0.245303 39.030000
-0.225035 0.224992 39.030000
-0.236862 0.204658 39.030000
-0.248661 0.184308 39.030000
-0.260441 0.163947 39.030000
-0.272202 0.143575 39.030000
-0.283946 0.123193 39.030000
-0.295670 0.102799 39.030000
-0.307366 0.082390 39.030000
-0.319023 0.061958 39.030000
-0.330613 0.041488 39.030000
-0.342050 0.020932 39.030000
-0.352782 0.000000 39.030000
-0.342050 -0.020932 39.030000
-0.330613 -0.041488 39.030000
-0.319023 -0.061958 39.030000
-0.307366 -0.082390 39.030000
-0.295670 -0.102799 39.030000
-0.283946 -0.123193 39.030000
-0.272202 -0.143575 39.030000
-0.260441 -0.163947 39.030000
-0.248661 -0.184308 39.030000
-0.236862 -0.204658 39.030000
-0.225035 -0.224992 39.030000
-0.213169 -0.245303 39.030000
-0.201236 -0.265575 39.030000
-0.189153 -0.285757 39.030000
-0.176391 -0.305518 39.030000
-0.152897 -0.306690 39.030000
-0.129377 -0.307063 39.030000
-0.105854 -0.307261 39.030000
-0.082331 -0.307382 39.030000
-0.058808 -0.307457 39.030000
-0.035285 -0.307501 39.030000
-0.011762 -0.307522 39.030000
0.011762 -0.307522 39.030000
0.035285 -0.307501 39.030000
0.058808 -0.307457 39.030000
0.082331 -0.307382 39.030000
0.105854 -0.307261 39.030000
0.129377 -0.307063 39.030000
0.152897 -0.306690 39.030000
0.176391 -0.305518 39.030000
0.189153 -0.285757 39.030000
0.201236 -0.265575 39.030000
0.213169 -0.245303 39.030000
0.225035 -0.224992 39.030000
0.236862 -0.204658 39.030000
0.248661 -0.184308 39.030000
0.260441 -0.163947 39.030000
0.272202 -0.143575 39.030000
0.283946 -0.123193 39.030000
0.295670 -0.102799 39.030000
0.307366 -0.082390 39.030000
0.319023 -0.061958 39.030000
0.330613 -0.041488 39.030000
0.342050 -0.020932 39.030000
0.352782 0.000000 39.030000

