0.284422 0.000000 26.890000
0.275818 0.016902 26.890000
0.266620 0.033487 26.890000
0.257291 0.050000 26.890000
0.247905 0.066480 26.890000
0.238484 0.082940 26.890000
0.229039 0.099386 26.890000
0.219573 0.115821 26.890000
0.210091 0.132246 26.890000
0.200590 0.148660 26.890000
0.191070 0.165063 26.890000
0.181526 0.181452 26.890000
0.171947 0.197820 26.890000
0.162311 0.214156 26.890000
0.152546 0.230415 26.890000
0.142211 0.246316 26.890000
0.123272 0.247316 26.890000
0.104309 0.247643 26.890000
0.085344 0.247820 26.890000
0.066379 0.247932 26.890000
0.047414 0.248003 26.890000
0.028448 0.248046 26.890000
0.009483 0.248067 26.890000
-0.009483 0.248067 26.890000
-0.028448 0.248046 26.890000
-0.047414 0.248003 26.890000
-0.066379 0.247932 26.890000
-0.085344 0.247820 26.890000
-0.104309 0.247643 26.890000
-0.123272 0.247316 26.890000
-0.142211 0.246316 26.890000
-0.152546 0.230415 26.890000
-0.162311 0.214156 26.890000
-0.171947 0.197820 26.890000
-0.181526 0.181452 26.890000
-0.191070 0.165063 26.890000
-0.200590 0.148660 26.890000
-0.210091 0.132246 26.890000
-0.219573 0.115821 26.890000
-0.229039 0.099386 26.890000
-0.238484 0.082940 26.890000
-0.247905 0.066480 26.890000
-0.257291 0.050000 26.890000
-0.266620 0.033487 26.890000
-0.275818 0.016902 26.890000
-0.284422 0.000000 26.890000
-0.275818 -0.016902 26.890000
-0.266620 -0.033487 26.890000
-0.257291 -0.050000 26.890000
-0.247905 -0.066480 26.890000
-0.238484 -0.082940 26.890000
-0.229039 -0.099386 26.890000
-0.219573 -0.115821 26.890000
-0.210091 -0.132246 26.890000
-0.200590 -0.148660 26.890000
-0.191070 -0.165063 26.890000
-0.181526 -0.181452 26.890000
-0.171947 -0.197820 26.890000
-0.162311 -0.214156 26.890000
-0.152546 -0.230415 26.890000
-0.142211 -0.246316 26.890000
-0.123272 -0.247316 26.890000
-0.104309 -0.247643 26.890000
-0.085344 -0.247820 26.890000
-0.066379 -0.247932 26.890000
-0.047414 -0.248003 26.890000
-0.028448 -0.248046 26.890000
-0.009483 -0.248067 26.890000
0.009483 -0.248067 26.890000
0.028448 -0.248046 26.890000
0.047414 -0.248003 26.890000
0.066379 -0.247932 26.890000
0.085344 -0.247820 26.890000
0.104309 -0.247643 26.890000
0.123272 -0.247316 26.890000
0.142211 -0.246316 26.890000
0.152546 -0.230415 26.890000
0.162311 -0.214156 26.890000
0.171947 -0.197820 26.890000
0.181526 -0.181452 26.890000
0.191070 -0.165063 26.890000
0.200590 -0.148660 26.890000
0.210091 -0.132246 26.890000
0.219573 -0.115821 26.890000
0.229039 -0.099386 26.890000
0.238484 -0.082940 26.890000
0.247905 -0.066480 26.890000
0.257291 -0.050000 26.890000
0.266620 -0.033487 26.890000
0.275818 -0.016902 26.890000
0.284422 0.000000 26.890000

