0.246651 0.000000 20.880000
0.239215 0.014670 20.880000
0.231249 0.029060 20.880000
0.223167 0.043384 20.880000
0.215033 0.057679 20.880000
0.206867 0.071956 20.880000
0.198679 0.086220 20.880000
0.190472 0.100473 20.880000
0.182249 0.114717 20.880000
0.174008 0.128951 20.880000
0.165749 0.143174 20.880000
0.157468 0.157384 20.880000
0.149155 0.171576 20.880000
0.140791 0.185738 20.880000
0.132312 0.199831 20.880000
0.123325 0.213606 20.880000
0.106903 0.214501 20.880000
0.090458 0.214798 20.880000
0.074012 0.214960 20.880000
0.057565 0.215063 20.880000
0.041118 0.215130 20.880000
0.024671 0.215171 20.880000
0.008224 0.215190 20.880000
-0.008224 0.215190 20.880000
-0.024671 0.215171 20.880000
-0.041118 0.215130 20.880000
-0.057565 0.215063 20.880000
-0.074012 0.214960 20.880000
-0.090458 0.214798 20.880000
-0.106903 0.214501 20.880000
-0.123325 0.213606 20.880000
-0.132312 0.199831 20.880000
-0.140791 0.185738 20.880000
-0.149155 0.171576 20.880000
-0.157468 0.157384 20.880000
-0.165749 0.143174 20.880000
-0.174008 0.128951 20.880000
-0.182249 0.114717 20.880000
-0.190472 0.100473 20.880000
-0.198679 0.086220 20.880000
-0.206867 0.071956 20.880000
-0.215033 0.057679 20.880000
-0.223167 0.043384 20.880000
-0.231249 0.029060 20.880000
-0.239215 0.014670 20.880000
-0.246651 0.000000 20.880000
-0.239215 -0.014670 20.880000
-0.231249 -0.029060 20.880000
-0.223167 -0.043384 20.880000
-0.215033 -0.057679 20.880000
-0.206867 -0.071956 20.880000
-0.198679 -0.086220 20.880000
-0.190472 -0.100473 20.880000
-0.182249 -0.114717 20.880000
-0.174008 -0.128951 20.880000
-0.165749 -0.143174 20.880000
-0.157468 -0.157384 20.880000
-0.149155 -0.171576 20.880000
-0.140791 -0.185738 20.880000
-0.132312 -0.199831 20.880000
-0.123325 -0.213606 20.880000
-0.106903 -0.214501 20.880000
-0.090458 -0.214798 20.880000
-0.074012 -0.214960 20.880000
-0.057565 -0.215063 20.880000
-0.041118 -0.215130 20.880000
-0.024671 -0.215171 20.880000
-0.008224 -0.215190 20.880000
0.008224 -0.215190 20.880000
0.024671 -0.215171 20.880000
0.041118 -0.215130 20.880000
0.057565 -0.215063 20.880000
0.074012 -0.214960 20.880000
0.090458 -0.214798 20.880000
0.106903 -0.214501 20.880000
0.123325 -0.213606 20.880000
0.132312 -0.199831 20.880000
0.140791 -0.185738 20.880000
0.149155 -0.171576 20.880000
0.157468 -0.157384 20.880000
0.165749 -0.143174 20.880000
0.174008 -0.128951 20.880000
0.182249 -0.114717 20.880000
0.190472 -0.100473 20.880000
0.198679 -0.086220 20.880000
0.206867 -0.071956 20.880000
0.215033 -0.057679 20.880000
0.223167 -0.043384 20.880000
0.231249 -0.029060 20.880000
0.239215 -0.014670 20.880000
0.246651 0.000000 20.880000

