0.229711 0.000000 18.360000
0.222797 0.013669 18.360000
0.215383 0.027073 18.360000
0.207859 0.040415 18.360000
0.200286 0.053730 18.360000
0.192683 0.067027 18.360000
0.185058 0.080312 18.360000
0.177416 0.093587 18.360000
0.169757 0.106853 18.360000
0.162082 0.120109 18.360000
0.154389 0.133355 18.360000
0.146674 0.146588 18.360000
0.138930 0.159804 18.360000
0.131137 0.172991 18.360000
0.123236 0.186114 18.360000
0.114856 0.198936 18.360000
0.099561 0.199782 18.360000
0.084246 0.200064 18.360000
0.068929 0.200219 18.360000
0.053612 0.200318 18.360000
0.038294 0.200382 18.360000
0.022977 0.200422 18.360000
0.007659 0.200440 18.360000
-0.007659 0.200440 18.360000
-0.022977 0.200422 18.360000
-0.038294 0.200382 18.360000
-0.053612 0.200318 18.360000
-0.068929 0.200219 18.360000
-0.084246 0.200064 18.360000
-0.099561 0.199782 18.360000
-0.114856 0.198936 18.360000
-0.123236 0.186114 18.360000
-0.131137 0.172991 18.360000
-0.138930 0.159804 18.360000
-0.146674 0.146588 18.360000
-0.154389 0.133355 18.360000
-0.162082 0.120109 18.360000
-0.169757 0.106853 18.360000
-0.177416 0.093587 18.360000
-0.185058 0.080312 18.360000
-0.192683 0.067027 18.360000
-0.200286 0.053730 18.360000
-0.207859 0.040415 18.360000
-0.215383 0.027073 18.360000
-0.222797 0.013669 18.360000
-0.229711 0.000000 18.360000
-0.222797 -0.013669 18.360000
-0.215383 -0.027073 18.360000
-0.207859 -0.040415 18.360000
-0.200286 -0.053730 18.360000
-0.192683 -0.067027 18.360000
-0.185058 -0.080312 18.360000
-0.177416 -0.093587 18.360000
-0.169757 -0.106853 18.360000
-0.162082 -0.120109 18.360000
-0.154389 -0.133355 18.360000
-0.146674 -0.146588 18.360000
-0.138930 -0.159804 18.360000
-0.131137 -0.172991 18.360000
-0.123236 -0.186114 18.360000
-0.114856 -0.198936 18.360000
-0.099561 -0.199782 18.360000
-0.084246 -0.200064 18.360000
-0.068929 -0.200219 18.360000
-0.053612 -0.200318 18.360000
-0.038294 -0.200382 18.360000
-0.022977 -0.200422 18.360000
-0.007659 -0.200440 18.360000
0.007659 -0.200440 18.360000
0.022977 -0.200422 18.360000
0.038294 -0.200382 18.360000
0.053612 -0.200318 18.360000
0.068929 -0.200219 18.360000
0.084246 -0.200064 18.360000
0.099561 -0.199782 18.360000
0.114856 -0.198936 18.360000
0.123236 -0.186114 18.360000
0.131137 -0.172991 18.360000
0.138930 -0.159804 18.360000
0.146674 -0.146588 18.360000
0.154389 -0.133355 18.360000
0.162082 -0.120109 18.360000
0.169757 -0.106853 18.360000
0.177416 -0.093587 18.360000
0.185058 -0.080312 18.360000
0.192683 -0.067027 18.360000
0.200286 -0.053730 18.360000
0.207859 -0.040415 18.360000
0.215383 -0.027073 18.360000
0.222797 -0.013669 18.360000
0.229711 0.000000 18.360000

