0.205591 0.000000 14.970000
0.199417 0.012241 14.970000
0.192788 0.024241 14.970000
0.186058 0.036185 14.970000
0.179283 0.048103 14.970000
0.172480 0.060006 14.970000
0.165658 0.071897 14.970000
0.158818 0.083779 14.970000
0.151964 0.095651 14.970000
0.145094 0.107515 14.970000
0.138207 0.119369 14.970000
0.131300 0.131212 14.970000
0.124366 0.143039 14.970000
0.117387 0.154839 14.970000
0.110309 0.166580 14.970000
0.102795 0.178047 14.970000
0.089108 0.178821 14.970000
0.075401 0.179080 14.970000
0.061692 0.179223 14.970000
0.047983 0.179315 14.970000
0.034274 0.179375 14.970000
0.020564 0.179412 14.970000
0.006855 0.179430 14.970000
-0.006855 0.179430 14.970000
-0.020564 0.179412 14.970000
-0.034274 0.179375 14.970000
-0.047983 0.179315 14.970000
-0.061692 0.179223 14.970000
-0.075401 0.179080 14.970000
-0.089108 0.178821 14.970000
-0.102795 0.178047 14.970000
-0.110309 0.166580 14.970000
-0.117387 0.154839 14.970000
-0.124366 0.143039 14.970000
-0.131300 0.131212 14.970000
-0.138207 0.119369 14.970000
-0.145094 0.107515 14.970000
-0.151964 0.095651 14.970000
-0.158818 0.083779 14.970000
-0.165658 0.071897 14.970000
-0.172480 0.060006 14.970000
-0.179283 0.048103 14.970000
-0.186058 0.036185 14.970000
-0.192788 0.024241 14.970000
-0.199417 0.012241 14.970000
-0.205591 0.000000 14.970000
-0.199417 -0.012241 14.970000
-0.192788 -0.024241 14.970000
-0.186058 -0.036185 14.970000
-0.179283 -0.048103 14.970000
-0.172480 -0.060006 14.970000
-0.165658 -0.071897 14.970000
-0.158818 -0.083779 14.970000
-0.151964 -0.095651 14.970000
-0.145094 -0.107515 14.970000
-0.138207 -0.119369 14.970000
-0.131300 -0.131212 14.970000
-0.124366 -0.143039 14.970000
-0.117387 -0.154839 14.970000
-0.110309 -0.166580 14.970000
-0.102795 -0.178047 14.970000
-0.089108 -0.178821 14.970000
-0.075401 -0.179080 14.970000
-0.061692 -0.179223 14.970000
-0.047983 -0.179315 14.970000
-0.034274 -0.179375 14.970000
-0.020564 -0.179412 14.970000
-0.006855 -0.179430 14.970000
0.006855 -0.179430 14.970000
0.020564 -0.179412 14.970000
0.034274 -0.179375 14.970000
0.047983 -0.179315 14.970000
0.061692 -0.179223 14.970000
0.075401 -0.179080 14.970000
0.089108 -0.178821 14.970000
0.102795 -0.178047 14.970000
0.110309 -0.166580 14.970000
0.117387 -0.154839 14.970000
0.124366 -0.143039 14.970000
0.131300 -0.131212 14.970000
0.138207 -0.119369 14.970000
0.145094 -0.107515 14.970000
0.151964 -0.095651 14.970000
0.158818 -0.083779 14.970000
0.165658 -0.071897 14.970000
0.172480 -0.060006 14.970000
0.179283 -0.048103 14.970000
0.186058 -0.036185 14.970000
0.192788 -0.024241 14.970000
0.199417 -0.012241 14.970000
0.205591 0.000000 14.970000

