0.167238 0.000000 10.090000
0.162236 0.009967 10.090000
0.156852 0.019734 10.090000
0.151382 0.029453 10.090000
0.145875 0.039150 10.090000
0.140344 0.048834 10.090000
0.134796 0.058508 10.090000
0.129233 0.068174 10.090000
0.123657 0.077832 10.090000
0.118067 0.087482 10.090000
0.112464 0.097124 10.090000
0.106843 0.106756 10.090000
0.101198 0.116375 10.090000
0.095516 0.125971 10.090000
0.089750 0.135517 10.090000
0.083619 0.144832 10.090000
0.072486 0.145484 10.090000
0.061336 0.145705 10.090000
0.050184 0.145827 10.090000
0.039032 0.145907 10.090000
0.027880 0.145959 10.090000
0.016728 0.145991 10.090000
0.005576 0.146006 10.090000
-0.005576 0.146006 10.090000
-0.016728 0.145991 10.090000
-0.027880 0.145959 10.090000
-0.039032 0.145907 10.090000
-0.050184 0.145827 10.090000
-0.061336 0.145705 10.090000
-0.072486 0.145484 10.090000
-0.083619 0.144832 10.090000
-0.089750 0.135517 10.090000
-0.095516 0.125971 10.090000
-0.101198 0.116375 10.090000
-0.106843 0.106756 10.090000
-0.112464 0.097124 10.090000
-0.118067 0.087482 10.090000
-0.123657 0.077832 10.090000
-0.129233 0.068174 10.090000
-0.134796 0.058508 10.090000
-0.140344 0.048834 10.090000
-0.145875 0.039150 10.090000
-0.151382 0.029453 10.090000
-0.156852 0.019734 10.090000
-0.162236 0.009967 10.090000
-0.167238 0.000000 10.090000
-0.162236 -0.009967 10.090000
-0.156852 -0.019734 10.090000
-0.151382 -0.029453 10.090000
-0.145875 -0.039150 10.090000
-0.140344 -0.048834 10.090000
-0.134796 -0.058508 10.090000
-0.129233 -0.068174 10.090000
-0.123657 -0.077832 10.090000
-0.118067 -0.087482 10.090000
-0.112464 -0.097124 10.090000
-0.106843 -0.106756 10.090000
-0.101198 -0.116375 10.090000
-0.095516 -0.125971 10.090000
-0.089750 -0.135517 10.090000
-0.083619 -0.144832 10.090000
-0.072486 -0.145484 10.090000
-0.061336 -0.145705 10.090000
-0.050184 -0.145827 10.090000
-0.039032 -0.145907 10.090000
-0.027880 -0.145959 10.090000
-0.016728 -0.145991 10.090000
-0.005576 -0.146006 10.090000
0.005576 -0.146006 10.090000
0.016728 -0.145991 10.090000
0.027880 -0.145959 10.090000
0.039032 -0.145907 10.090000
0.050184 -0.145827 10.090000
0.061336 -0.145705 10.090000
0.072486 -0.145484 10.090000
0.083619 -0.144832 10.090000
0.089750 -0.135517 10.090000
0.095516 -0.125971 10.090000
0.101198 -0.116375 10.090000
0.106843 -0.106756 10.090000
0.112464 -0.097124 10.090000
0.118067 -0.087482 10.090000
0.123657 -0.077832 10.090000
0.129233 -0.068174 10.090000
0.134796 -0.058508 10.090000
0.140344 -0.048834 10.090000
0.145875 -0.039150 10.090000
0.151382 -0.029453 10.090000
0.156852 -0.019734 10.090000
0.162236 -0.009967 10.090000
0.167238 0.000000 10.090000

