0.139491 -0.000000 6.980000
0.135331 0.008320 6.980000
0.130845 0.016469 6.980000
0.126286 0.024577 6.980000
0.121695 0.032667 6.980000
0.117083 0.040745 6.980000
0.112456 0.048815 6.980000
0.107817 0.056877 6.980000
0.103166 0.064933 6.980000
0.098503 0.072982 6.980000
0.093828 0.081024 6.980000
0.089138 0.089057 6.980000
0.084428 0.097078 6.980000
0.079685 0.105081 6.980000
0.074871 0.113040 6.980000
0.069745 0.120802 6.980000
0.060460 0.121360 6.980000
0.051160 0.121550 6.980000
0.041859 0.121656 6.980000
0.032557 0.121724 6.980000
0.023255 0.121769 6.980000
0.013953 0.121797 6.980000
0.004651 0.121811 6.980000
-0.004651 0.121811 6.980000
-0.013953 0.121797 6.980000
-0.023255 0.121769 6.980000
-0.032557 0.121724 6.980000
-0.041859 0.121656 6.980000
-0.051160 0.121550 6.980000
-0.060460 0.121360 6.980000
-0.069745 0.120802 6.980000
-0.074871 0.113040 6.980000
-0.079685 0.105081 6.980000
-0.084428 0.097078 6.980000
-0.089138 0.089057 6.980000
-0.093828 0.081024 6.980000
-0.098503 0.072982 6.980000
-0.103166 0.064933 6.980000
-0.107817 0.056877 6.980000
-0.112456 0.048815 6.980000
-0.117083 0.040745 6.980000
-0.121695 0.032667 6.980000
-0.126286 0.024577 6.980000
-0.130845 0.016469 6.980000
-0.135331 0.008320 6.980000
-0.139491 -0.000000 6.980000
-0.135331 -0.008320 6.980000
-0.130845 -0.016469 6.980000
-0.126286 -0.024577 6.980000
-0.121695 -0.032667 6.980000
-0.117083 -0.040745 6.980000
-0.112456 -0.048815 6.980000
-0.107817 -0.056877 6.980000
-0.103166 -0.064933 6.980000
-0.098503 -0.072982 6.980000
-0.093828 -0.081024 6.980000
-0.089138 -0.089057 6.980000
-0.084428 -0.097078 6.980000
-0.079685 -0.105081 6.980000
-0.074871 -0.113040 6.980000
-0.069745 -0.120802 6.980000
-0.060460 -0.121360 6.980000
-0.051160 -0.121550 6.980000
-0.041859 -0.121656 6.980000
-0.032557 -0.121724 6.980000
-0.023255 -0.121769 6.980000
-0.013953 -0.121797 6.980000
-0.004651 -0.121811 6.980000
0.004651 -0.121811 6.980000
0.013953 -0.121797 6.980000
0.023255 -0.121769 6.980000
0.032557 -0.121724 6.980000
0.041859 -0.121656 6.980000
0.051160 -0.121550 6.980000
0.060460 -0.121360 6.980000
0.069745 -0.120802 6.980000
0.074871 -0.113040 6.980000
0.079685 -0.105081 6.980000
0.084428 -0.097078 6.980000
0.089138 -0.089057 6.980000
0.093828 -0.081024 6.980000
0.098503 -0.072982 6.980000
0.103166 -0.064933 6.980000
0.107817 -0.056877 6.980000
0.112456 -0.048815 6.980000
0.117083 -0.040745 6.980000
0.121695 -0.032667 6.980000
0.126286 -0.024577 6.980000
0.130845 -0.016469 6.980000
0.135331 -0.008320 6.980000
0.139491 -0.000000 6.980000

