0.191484 0.000000 13.100000
0.185742 0.011405 13.100000
0.179571 0.022584 13.100000
0.173305 0.033710 13.100000
0.166997 0.044811 13.100000
0.160662 0.055898 13.100000
0.154308 0.066974 13.100000
0.147938 0.078040 13.100000
0.141554 0.089098 13.100000
0.135155 0.100148 13.100000
0.128740 0.111189 13.100000
0.122306 0.122218 13.100000
0.115846 0.133232 13.100000
0.109344 0.144221 13.100000
0.102748 0.155155 13.100000
0.095742 0.165830 13.100000
0.082994 0.166560 13.100000
0.070227 0.166805 13.100000
0.057459 0.166942 13.100000
0.044691 0.167029 13.100000
0.031922 0.167086 13.100000
0.019153 0.167122 13.100000
0.006384 0.167138 13.100000
-0.006384 0.167138 13.100000
-0.019153 0.167122 13.100000
-0.031922 0.167086 13.100000
-0.044691 0.167029 13.100000
-0.057459 0.166942 13.100000
-0.070227 0.166805 13.100000
-0.082994 0.166560 13.100000
-0.095742 0.165830 13.100000
-0.102748 0.155155 13.100000
-0.109344 0.144221 13.100000
-0.115846 0.133232 13.100000
-0.122306 0.122218 13.100000
-0.128740 0.111189 13.100000
-0.135155 0.100148 13.100000
-0.141554 0.089098 13.100000
-0.147938 0.078040 13.100000
-0.154308 0.066974 13.100000
-0.160662 0.055898 13.100000
-0.166997 0.044811 13.100000
-0.173305 0.033710 13.100000
-0.179571 0.022584 13.100000
-0.185742 0.011405 13.100000
-0.191484 -0.000000 13.100000
-0.185742 -0.011405 13.100000
-0.179571 -0.022584 13.100000
-0.173305 -0.033710 13.100000
-0.166997 -0.044811 13.100000
-0.160662 -0.055898 13.100000
-0.154308 -0.066974 13.100000
-0.147938 -0.078040 13.100000
-0.141554 -0.089098 13.100000
-0.135155 -0.100148 13.100000
-0.128740 -0.111189 13.100000
-0.122306 -0.122218 13.100000
-0.115846 -0.133232 13.100000
-0.109344 -0.144221 13.100000
-0.102748 -0.155155 13.100000
-0.095742 -0.165830 13.100000
-0.082994 -0.166560 13.100000
-0.070227 -0.166805 13.100000
-0.057459 -0.166942 13.100000
-0.044691 -0.167029 13.100000
-0.031922 -0.167086 13.100000
-0.019153 -0.167122 13.100000
-0.006384 -0.167138 13.100000
0.006384 -0.167138 13.100000
0.019153 -0.167122 13.100000
0.031922 -0.167086 13.100000
0.044691 -0.167029 13.100000
0.057459 -0.166942 13.100000
0.070227 -0.166805 13.100000
0.082994 -0.166560 13.100000
0.095742 -0.165830 13.100000
0.102748 -0.155155 13.100000
0.109344 -0.144221 13.100000
0.115846 -0.133232 13.100000
0.122306 -0.122218 13.100000
0.128740 -0.111189 13.100000
0.135155 -0.100148 13.100000
0.141554 -0.089098 13.100000
0.147938 -0.078040 13.100000
0.154308 -0.066974 13.100000
0.160662 -0.055898 13.100000
0.166997 -0.044811 13.100000
0.173305 -0.033710 13.100000
0.179571 -0.022584 13.100000
0.185742 -0.011405 13.100000
0.191484 0.000000 13.100000

