0.294318 0.000000 28.550000
0.285407 0.017486 28.550000
0.275886 0.034646 28.550000
0.266230 0.051732 28.550000
0.256515 0.068785 28.550000
0.246765 0.085817 28.550000
0.236990 0.102834 28.550000
0.227196 0.119841 28.550000
0.217383 0.136837 28.550000
0.207552 0.153823 28.550000
0.197702 0.170797 28.550000
0.187827 0.187757 28.550000
0.177916 0.204696 28.550000
0.167947 0.221601 28.550000
0.157847 0.238427 28.550000
0.147159 0.254887 28.550000
0.127561 0.255913 28.550000
0.107938 0.256247 28.550000
0.088314 0.256428 28.550000
0.068689 0.256541 28.550000
0.049063 0.256613 28.550000
0.029438 0.256657 28.550000
0.009813 0.256678 28.550000
-0.009813 0.256678 28.550000
-0.029438 0.256657 28.550000
-0.049063 0.256613 28.550000
-0.068689 0.256541 28.550000
-0.088314 0.256428 28.550000
-0.107938 0.256247 28.550000
-0.127561 0.255913 28.550000
-0.147159 0.254887 28.550000
-0.157847 0.238427 28.550000
-0.167947 0.221601 28.550000
-0.177916 0.204696 28.550000
-0.187827 0.187757 28.550000
-0.197702 0.170797 28.550000
-0.207552 0.153823 28.550000
-0.217383 0.136837 28.550000
-0.227196 0.119841 28.550000
-0.236990 0.102834 28.550000
-0.246765 0.085817 28.550000
-0.256515 0.068785 28.550000
-0.266230 0.051732 28.550000
-0.275886 0.034646 28.550000
-0.285407 0.017486 28.550000
-0.294318 0.000000 28.550000
-0.285407 -0.017486 28.550000
-0.275886 -0.034646 28.550000
-0.266230 -0.051732 28.550000
-0.256515 -0.068785 28.550000
-0.246765 -0.085817 28.550000
-0.236990 -0.102834 28.550000
-0.227196 -0.119841 28.550000
-0.217383 -0.136837 28.550000
-0.207552 -0.153823 28.550000
-0.197702 -0.170797 28.550000
-0.187827 -0.187757 28.550000
-0.177916 -0.204696 28.550000
-0.167947 -0.221601 28.550000
-0.157847 -0.238427 28.550000
-0.147159 -0.254887 28.550000
-0.127561 -0.255913 28.550000
-0.107938 -0.256247 28.550000
-0.088314 -0.256428 28.550000
-0.068689 -0.256541 28.550000
-0.049063 -0.256613 28.550000
-0.029438 -0.256657 28.550000
-0.009813 -0.256678 28.550000
0.009813 -0.256678 28.550000
0.029438 -0.256657 28.550000
0.049063 -0.256613 28.550000
0.068689 -0.256541 28.550000
0.088314 -0.256428 28.550000
0.107938 -0.256247 28.550000
0.127561 -0.255913 28.550000
0.147159 -0.254887 28.550000
0.157847 -0.238427 28.550000
0.167947 -0.221601 28.550000
0.177916 -0.204696 28.550000
0.187827 -0.187757 28.550000
0.197702 -0.170797 28.550000
0.207552 -0.153823 28.550000
0.217383 -0.136837 28.550000
0.227196 -0.119841 28.550000
0.236990 -0.102834 28.550000
0.246765 -0.085817 28.550000
0.256515 -0.068785 28.550000
0.266230 -0.051732 28.550000
0.275886 -0.034646 28.550000
0.285407 -0.017486 28.550000
0.294318 0.000000 28.550000

