0.315632 0.000000 32.240000
0.306059 0.018743 32.240000
0.295840 0.037142 32.240000
0.285480 0.055462 32.240000
0.275058 0.073747 32.240000
0.264598 0.092010 32.240000
0.254113 0.110259 32.240000
0.243608 0.128496 32.240000
0.233085 0.146723 32.240000
0.222544 0.164939 32.240000
0.211982 0.183144 32.240000
0.201395 0.201333 32.240000
0.190771 0.219502 32.240000
0.180086 0.237634 32.240000
0.169262 0.255683 32.240000
0.157816 0.273346 32.240000
0.136798 0.274427 32.240000
0.115754 0.274776 32.240000
0.094708 0.274964 32.240000
0.073662 0.275080 32.240000
0.052616 0.275154 32.240000
0.031570 0.275198 32.240000
0.010523 0.275219 32.240000
-0.010523 0.275219 32.240000
-0.031570 0.275198 32.240000
-0.052616 0.275154 32.240000
-0.073662 0.275080 32.240000
-0.094708 0.274964 32.240000
-0.115754 0.274776 32.240000
-0.136798 0.274427 32.240000
-0.157816 0.273346 32.240000
-0.169262 0.255683 32.240000
-0.180086 0.237634 32.240000
-0.190771 0.219502 32.240000
-0.201395 0.201333 32.240000
-0.211982 0.183144 32.240000
-0.222544 0.164939 32.240000
-0.233085 0.146723 32.240000
-0.243608 0.128496 32.240000
-0.254113 0.110259 32.240000
-0.264598 0.092010 32.240000
-0.275058 0.073747 32.240000
-0.285480 0.055462 32.240000
-0.295840 0.037142 32.240000
-0.306059 0.018743 32.240000
-0.315632 0.000000 32.240000
-0.306059 -0.018743 32.240000
-0.295840 -0.037142 32.240000
-0.285480 -0.055462 32.240000
-0.275058 -0.073747 32.240000
-0.264598 -0.092010 32.240000
-0.254113 -0.110259 32.240000
-0.243608 -0.128496 32.240000
-0.233085 -0.146723 32.240000
-0.222544 -0.164939 32.240000
-0.211982 -0.183144 32.240000
-0.201395 -0.201333 32.240000
-0.190771 -0.219502 32.240000
-0.180086 -0.237634 32.240000
-0.169262 -0.255683 32.240000
-0.157816 -0.273346 32.240000
-0.136798 -0.274427 32.240000
-0.115754 -0.274776 32.240000
-0.094708 -0.274964 32.240000
-0.073662 -0.275080 32.240000
-0.052616 -0.275154 32.240000
-0.031570 -0.275198 32.240000
-0.010523 -0.275219 32.240000
0.010523 -0.275219 32.240000
0.031570 -0.275198 32.240000
0.052616 -0.275154 32.240000
0.073662 -0.275080 32.240000
0.094708 -0.274964 32.240000
0.115754 -0.274776 32.240000
0.136798 -0.274427 32.240000
0.157816 -0.273346 32.240000
0.169262 -0.255683 32.240000
0.180086 -0.237634 32.240000
0.190771 -0.219502 32.240000
0.201395 -0.201333 32.240000
0.211982 -0.183144 32.240000
0.222544 -0.164939 32.240000
0.233085 -0.146723 32.240000
0.243608 -0.128496 32.240000
0.254113 -0.110259 32.240000
0.264598 -0.092010 32.240000
0.275058 -0.073747 32.240000
0.285480 -0.055462 32.240000
0.295840 -0.037142 32.240000
0.306059 -0.018743 32.240000
0.315632 0.000000 32.240000

