0.119651 -0.000000 4.990000
0.116091 0.007141 4.990000
0.112246 0.014132 4.990000
0.108338 0.021089 4.990000
0.104400 0.028029 4.990000
0.100445 0.034959 4.990000
0.096477 0.041881 4.990000
0.092498 0.048797 4.990000
0.088508 0.055707 4.990000
0.084509 0.062611 4.990000
0.080498 0.069509 4.990000
0.076474 0.076399 4.990000
0.072432 0.083279 4.990000
0.068362 0.090142 4.990000
0.064229 0.096967 4.990000
0.059826 0.103621 4.990000
0.051861 0.104108 4.990000
0.043884 0.104274 4.990000
0.035905 0.104367 4.990000
0.027927 0.104428 4.990000
0.019948 0.104468 4.990000
0.011969 0.104492 4.990000
0.003990 0.104504 4.990000
-0.003990 0.104504 4.990000
-0.011969 0.104492 4.990000
-0.019948 0.104468 4.990000
-0.027927 0.104428 4.990000
-0.035905 0.104367 4.990000
-0.043884 0.104274 4.990000
-0.051861 0.104108 4.990000
-0.059826 0.103621 4.990000
-0.064229 0.096967 4.990000
-0.068362 0.090142 4.990000
-0.072432 0.083279 4.990000
-0.076474 0.076399 4.990000
-0.080498 0.069509 4.990000
-0.084509 0.062611 4.990000
-0.088508 0.055707 4.990000
-0.092498 0.048797 4.990000
-0.096477 0.041881 4.990000
-0.100445 0.034959 4.990000
-0.104400 0.028029 4.990000
-0.108338 0.021089 4.990000
-0.112246 0.014132 4.990000
-0.116091 0.007141 4.990000
-0.119651 -0.000000 4.990000
-0.116091 -0.007141 4.990000
-0.112246 -0.014132 4.990000
-0.108338 -0.021089 4.990000
-0.104400 -0.028029 4.990000
-0.100445 -0.034959 4.990000
-0.096477 -0.041881 4.990000
-0.092498 -0.048797 4.990000
-0.088508 -0.055707 4.990000
-0.084509 -0.062611 4.990000
-0.080498 -0.069509 4.990000
-0.076474 -0.076399 4.990000
-0.072432 -0.083279 4.990000
-0.068362 -0.090142 4.990000
-0.064229 -0.096967 4.990000
-0.059826 -0.103621 4.990000
-0.051861 -0.104108 4.990000
-0.043884 -0.104274 4.990000
-0.035905 -0.104367 4.990000
-0.027927 -0.104428 4.990000
-0.019948 -0.104468 4.990000
-0.011969 -0.104492 4.990000
-0.003990 -0.104504 4.990000
0.003990 -0.104504 4.990000
0.011969 -0.104492 4.990000
0.019948 -0.104468 4.990000
0.027927 -0.104428 4.990000
0.035905 -0.104367 4.990000
0.043884 -0.104274 4.990000
0.051861 -0.104108 4.990000
0.059826 -0.103621 4.990000
0.064229 -0.096967 4.990000
0.068362 -0.090142 4.990000
0.072432 -0.083279 4.990000
0.076474 -0.076399 4.990000
0.080498 -0.069509 4.990000
0.084509 -0.062611 4.990000
0.088508 -0.055707 4.990000
0.092498 -0.048797 4.990000
0.096477 -0.041881 4.990000
0.100445 -0.034959 4.990000
0.104400 -0.028029 4.990000
0.108338 -0.021089 4.990000
0.112246 -0.014132 4.990000
0.116091 -0.007141 4.990000
0.119651 -0.000000 4.990000

