0.362822 0.000000 40.940000
0.351776 0.021524 40.940000
0.340010 0.042662 40.940000
0.328087 0.063713 40.940000
0.316096 0.084725 40.940000
0.304065 0.105714 40.940000
0.292007 0.126687 40.940000
0.279928 0.147649 40.940000
0.267832 0.168600 40.940000
0.255718 0.189542 40.940000
0.243584 0.210471 40.940000
0.231422 0.231385 40.940000
0.219221 0.252275 40.940000
0.206952 0.273126 40.940000
0.194528 0.293885 40.940000
0.181411 0.314213 40.940000
0.157248 0.315409 40.940000
0.133058 0.315788 40.940000
0.108866 0.315989 40.940000
0.084674 0.316110 40.940000
0.060482 0.316185 40.940000
0.036289 0.316229 40.940000
0.012096 0.316249 40.940000
-0.012096 0.316249 40.940000
-0.036289 0.316229 40.940000
-0.060482 0.316185 40.940000
-0.084674 0.316110 40.940000
-0.108866 0.315989 40.940000
-0.133058 0.315788 40.940000
-0.157248 0.315409 40.940000
-0.181411 0.314213 40.940000
-0.194528 0.293885 40.940000
-0.206952 0.273126 40.940000
-0.219221 0.252275 40.940000
-0.231422 0.231385 40.940000
-0.243584 0.210471 40.940000
-0.255718 0.189542 40.940000
-0.267832 0.168600 40.940000
-0.279928 0.147649 40.940000
-0.292007 0.126687 40.940000
-0.304065 0.105714 40.940000
-0.316096 0.084725 40.940000
-0.328087 0.063713 40.940000
-0.340010 0.042662 40.940000
-0.351776 0.021524 40.940000
-0.362822 0.000000 40.940000
-0.351776 -0.021524 40.940000
-0.340010 -0.042662 40.940000
-0.328087 -0.063713 40.940000
-0.316096 -0.084725 40.940000
-0.304065 -0.105714 40.940000
-0.292007 -0.126687 40.940000
-0.279928 -0.147649 40.940000
-0.267832 -0.168600 40.940000
-0.255718 -0.189542 40.940000
-0.243584 -0.210471 40.940000
-0.231422 -0.231385 40.940000
-0.219221 -0.252275 40.940000
-0.206952 -0.273126 40.940000
-0.194528 -0.293885 40.940000
-0.181411 -0.314213 40.940000
-0.157248 -0.315409 40.940000
-0.133058 -0.315788 40.940000
-0.108866 -0.315989 40.940000
-0.084674 -0.316110 40.940000
-0.060482 -0.316185 40.940000
-0.036289 -0.316229 40.940000
-0.012096 -0.316249 40.940000
0.012096 -0.316249 40.940000
0.036289 -0.316229 40.940000
0.060482 -0.316185 40.940000
0.084674 -0.316110 40.940000
0.108866 -0.315989 40.940000
0.133058 -0.315788 40.940000
0.157248 -0.315409 40.940000
0.181411 -0.314213 40.940000
0.194528 -0.293885 40.940000
0.206952 -0.273126 40.940000
0.219221 -0.252275 40.940000
0.231422 -0.231385 40.940000
0.243584 -0.210471 40.940000
0.255718 -0.189542 40.940000
0.267832 -0.168600 40.940000
0.279928 -0.147649 40.940000
0.292007 -0.126687 40.940000
0.304065 -0.105714 40.940000
0.316096 -0.084725 40.940000
0.328087 -0.063713 40.940000
0.340010 -0.042662 40.940000
0.351776 -0.021524 40.940000
0.362822 0.000000 40.940000

