0.374294 0.000000 43.160000
0.362889 0.022199 43.160000
0.350746 0.044003 43.160000
0.338443 0.065718 43.160000
0.326071 0.087393 43.160000
0.313657 0.109044 43.160000
0.301216 0.130679 43.160000
0.288754 0.152303 43.160000
0.276276 0.173917 43.160000
0.263780 0.195521 43.160000
0.251263 0.217113 43.160000
0.238720 0.238689 43.160000
0.226135 0.260242 43.160000
0.213481 0.281753 43.160000
0.200669 0.303171 43.160000
0.187147 0.324148 43.160000
0.162219 0.325370 43.160000
0.137265 0.325757 43.160000
0.112308 0.325960 43.160000
0.087351 0.326082 43.160000
0.062394 0.326157 43.160000
0.037436 0.326200 43.160000
0.012479 0.326220 43.160000
-0.012479 0.326220 43.160000
-0.037436 0.326200 43.160000
-0.062394 0.326157 43.160000
-0.087351 0.326082 43.160000
-0.112308 0.325960 43.160000
-0.137265 0.325757 43.160000
-0.162219 0.325370 43.160000
-0.187147 0.324148 43.160000
-0.200669 0.303171 43.160000
-0.213481 0.281753 43.160000
-0.226135 0.260242 43.160000
-0.238720 0.238689 43.160000
-0.251263 0.217113 43.160000
-0.263780 0.195521 43.160000
-0.276276 0.173917 43.160000
-0.288754 0.152303 43.160000
-0.301216 0.130679 43.160000
-0.313657 0.109044 43.160000
-0.326071 0.087393 43.160000
-0.338443 0.065718 43.160000
-0.350746 0.044003 43.160000
-0.362889 0.022199 43.160000
-0.374294 0.000000 43.160000
-0.362889 -0.022199 43.160000
-0.350746 -0.044003 43.160000
-0.338443 -0.065718 43.160000
-0.326071 -0.087393 43.160000
-0.313657 -0.109044 43.160000
-0.301216 -0.130679 43.160000
-0.288754 -0.152303 43.160000
-0.276276 -0.173917 43.160000
-0.263780 -0.195521 43.160000
-0.251263 -0.217113 43.160000
-0.238720 -0.238689 43.160000
-0.226135 -0.260242 43.160000
-0.213481 -0.281753 43.160000
-0.200669 -0.303171 43.160000
-0.187147 -0.324148 43.160000
-0.162219 -0.325370 43.160000
-0.137265 -0.325757 43.160000
-0.112308 -0.325960 43.160000
-0.087351 -0.326082 43.160000
-0.062394 -0.326157 43.160000
-0.037436 -0.326200 43.160000
-0.012479 -0.326220 43.160000
0.012479 -0.326220 43.160000
0.037436 -0.326200 43.160000
0.062394 -0.326157 43.160000
0.087351 -0.326082 43.160000
0.112308 -0.325960 43.160000
0.137265 -0.325757 43.160000
0.162219 -0.325370 43.160000
0.187147 -0.324148 43.160000
0.200669 -0.303171 43.160000
0.213481 -0.281753 43.160000
0.226135 -0.260242 43.160000
0.238720 -0.238689 43.160000
0.251263 -0.217113 43.160000
0.263780 -0.195521 43.160000
0.276276 -0.173917 43.160000
0.288754 -0.152303 43.160000
0.301216 -0.130679 43.160000
0.313657 -0.109044 43.160000
0.326071 -0.087393 43.160000
0.338443 -0.065718 43.160000
0.350746 -0.044003 43.160000
0.362889 -0.022199 43.160000
0.374294 0.000000 43.160000

