0.138253 -0.000000 6.850000
0.134130 0.008246 6.850000
0.129685 0.016323 6.850000
0.125167 0.024360 6.850000
0.120616 0.032378 6.850000
0.116045 0.040384 6.850000
0.111459 0.048383 6.850000
0.106861 0.056373 6.850000
0.102251 0.064358 6.850000
0.097630 0.072335 6.850000
0.092997 0.080306 6.850000
0.088348 0.088268 6.850000
0.083679 0.096218 6.850000
0.078979 0.104149 6.850000
0.074207 0.112037 6.850000
0.069126 0.119730 6.850000
0.059924 0.120284 6.850000
0.050706 0.120472 6.850000
0.041487 0.120577 6.850000
0.032268 0.120645 6.850000
0.023049 0.120690 6.850000
0.013829 0.120718 6.850000
0.004610 0.120731 6.850000
-0.004610 0.120731 6.850000
-0.013829 0.120718 6.850000
-0.023049 0.120690 6.850000
-0.032268 0.120645 6.850000
-0.041487 0.120577 6.850000
-0.050706 0.120472 6.850000
-0.059924 0.120284 6.850000
-0.069126 0.119730 6.850000
-0.074207 0.112037 6.850000
-0.078979 0.104149 6.850000
-0.083679 0.096218 6.850000
-0.088348 0.088268 6.850000
-0.092997 0.080306 6.850000
-0.097630 0.072335 6.850000
-0.102251 0.064358 6.850000
-0.106861 0.056373 6.850000
-0.111459 0.048383 6.850000
-0.116045 0.040384 6.850000
-0.120616 0.032378 6.850000
-0.125167 0.024360 6.850000
-0.129685 0.016323 6.850000
-0.134130 0.008246 6.850000
-0.138253 -0.000000 6.850000
-0.134130 -0.008246 6.850000
-0.129685 -0.016323 6.850000
-0.125167 -0.024360 6.850000
-0.120616 -0.032378 6.850000
-0.116045 -0.040384 6.850000
-0.111459 -0.048383 6.850000
-0.106861 -0.056373 6.850000
-0.102251 -0.064358 6.850000
-0.097630 -0.072335 6.850000
-0.092997 -0.080306 6.850000
-0.088348 -0.088268 6.850000
-0.083679 -0.096218 6.850000
-0.078979 -0.104149 6.850000
-0.074207 -0.112037 6.850000
-0.069126 -0.119730 6.850000
-0.059924 -0.120284 6.850000
-0.050706 -0.120472 6.850000
-0.041487 -0.120577 6.850000
-0.032268 -0.120645 6.850000
-0.023049 -0.120690 6.850000
-0.013829 -0.120718 6.850000
-0.004610 -0.120731 6.850000
0.004610 -0.120731 6.850000
0.013829 -0.120718 6.850000
0.023049 -0.120690 6.850000
0.032268 -0.120645 6.850000
0.041487 -0.120577 6.850000
0.050706 -0.120472 6.850000
0.059924 -0.120284 6.850000
0.069126 -0.119730 6.850000
0.074207 -0.112037 6.850000
0.078979 -0.104149 6.850000
0.083679 -0.096218 6.850000
0.088348 -0.088268 6.850000
0.092997 -0.080306 6.850000
0.097630 -0.072335 6.850000
0.102251 -0.064358 6.850000
0.106861 -0.056373 6.850000
0.111459 -0.048383 6.850000
0.116045 -0.040384 6.850000
0.120616 -0.032378 6.850000
0.125167 -0.024360 6.850000
0.129685 -0.016323 6.850000
0.134130 -0.008246 6.850000
0.138253 -0.000000 6.850000

