0.318567 0.000000 32.760000
0.308902 0.018916 32.760000
0.298587 0.037485 32.760000
0.288130 0.055975 32.760000
0.277610 0.074430 32.760000
0.267053 0.092863 32.760000
0.256470 0.111281 32.760000
0.245867 0.129687 32.760000
0.235246 0.148084 32.760000
0.224607 0.166469 32.760000
0.213948 0.184843 32.760000
0.203263 0.203202 32.760000
0.192541 0.221540 32.760000
0.181757 0.239841 32.760000
0.170833 0.258059 32.760000
0.159283 0.275887 32.760000
0.138069 0.276975 32.760000
0.116830 0.277326 32.760000
0.095589 0.277515 32.760000
0.074347 0.277632 32.760000
0.053105 0.277706 32.760000
0.031863 0.277750 32.760000
0.010621 0.277771 32.760000
-0.010621 0.277771 32.760000
-0.031863 0.277750 32.760000
-0.053105 0.277706 32.760000
-0.074347 0.277632 32.760000
-0.095589 0.277515 32.760000
-0.116830 0.277326 32.760000
-0.138069 0.276975 32.760000
-0.159283 0.275887 32.760000
-0.170833 0.258059 32.760000
-0.181757 0.239841 32.760000
-0.192541 0.221540 32.760000
-0.203263 0.203202 32.760000
-0.213948 0.184843 32.760000
-0.224607 0.166469 32.760000
-0.235246 0.148084 32.760000
-0.245867 0.129687 32.760000
-0.256470 0.111281 32.760000
-0.267053 0.092863 32.760000
-0.277610 0.074430 32.760000
-0.288130 0.055975 32.760000
-0.298587 0.037485 32.760000
-0.308902 0.018916 32.760000
-0.318567 0.000000 32.760000
-0.308902 -0.018916 32.760000
-0.298587 -0.037485 32.760000
-0.288130 -0.055975 32.760000
-0.277610 -0.074430 32.760000
-0.267053 -0.092863 32.760000
-0.256470 -0.111281 32.760000
-0.245867 -0.129687 32.760000
-0.235246 -0.148084 32.760000
-0.224607 -0.166469 32.760000
-0.213948 -0.184843 32.760000
-0.203263 -0.203202 32.760000
-0.192541 -0.221540 32.760000
-0.181757 -0.239841 32.760000
-0.170833 -0.258059 32.760000
-0.159283 -0.275887 32.760000
-0.138069 -0.276975 32.760000
-0.116830 -0.277326 32.760000
-0.095589 -0.277515 32.760000
-0.074347 -0.277632 32.760000
-0.053105 -0.277706 32.760000
-0.031863 -0.277750 32.760000
-0.010621 -0.277771 32.760000
0.010621 -0.277771 32.760000
0.031863 -0.277750 32.760000
0.053105 -0.277706 32.760000
0.074347 -0.277632 32.760000
0.095589 -0.277515 32.760000
0.116830 -0.277326 32.760000
0.138069 -0.276975 32.760000
0.159283 -0.275887 32.760000
0.170833 -0.258059 32.760000
0.181757 -0.239841 32.760000
0.192541 -0.221540 32.760000
0.203263 -0.203202 32.760000
0.213948 -0.184843 32.760000
0.224607 -0.166469 32.760000
0.235246 -0.148084 32.760000
0.245867 -0.129687 32.760000
0.256470 -0.111281 32.760000
0.267053 -0.092863 32.760000
0.277610 -0.074430 32.760000
0.288130 -0.055975 32.760000
0.298587 -0.037485 32.760000
0.308902 -0.018916 32.760000
0.318567 0.000000 32.760000

