0.223329 0.000000 17.440000
0.216612 0.013291 17.440000
0.209406 0.026324 17.440000
0.202092 0.039296 17.440000
0.194730 0.052241 17.440000
0.187339 0.065170 17.440000
0.179926 0.078086 17.440000
0.172496 0.090993 17.440000
0.165050 0.103890 17.440000
0.157588 0.116777 17.440000
0.150108 0.129655 17.440000
0.142607 0.142520 17.440000
0.135077 0.155368 17.440000
0.127500 0.168189 17.440000
0.119816 0.180946 17.440000
0.111665 0.193409 17.440000
0.096796 0.194237 17.440000
0.081906 0.194512 17.440000
0.067014 0.194664 17.440000
0.052123 0.194762 17.440000
0.037230 0.194825 17.440000
0.022338 0.194864 17.440000
0.007446 0.194882 17.440000
-0.007446 0.194882 17.440000
-0.022338 0.194864 17.440000
-0.037230 0.194825 17.440000
-0.052123 0.194762 17.440000
-0.067014 0.194664 17.440000
-0.081906 0.194512 17.440000
-0.096796 0.194237 17.440000
-0.111665 0.193409 17.440000
-0.119816 0.180946 17.440000
-0.127500 0.168189 17.440000
-0.135077 0.155368 17.440000
-0.142607 0.142520 17.440000
-0.150108 0.129655 17.440000
-0.157588 0.116777 17.440000
-0.165050 0.103890 17.440000
-0.172496 0.090993 17.440000
-0.179926 0.078086 17.440000
-0.187339 0.065170 17.440000
-0.194730 0.052241 17.440000
-0.202092 0.039296 17.440000
-0.209406 0.026324 17.440000
-0.216612 0.013291 17.440000
-0.223329 0.000000 17.440000
-0.216612 -0.013291 17.440000
-0.209406 -0.026324 17.440000
-0.202092 -0.039296 17.440000
-0.194730 -0.052241 17.440000
-0.187339 -0.065170 17.440000
-0.179926 -0.078086 17.440000
-0.172496 -0.090993 17.440000
-0.165050 -0.103890 17.440000
-0.157588 -0.116777 17.440000
-0.150108 -0.129655 17.440000
-0.142607 -0.142520 17.440000
-0.135077 -0.155368 17.440000
-0.127500 -0.168189 17.440000
-0.119816 -0.180946 17.440000
-0.111665 -0.193409 17.440000
-0.096796 -0.194237 17.440000
-0.081906 -0.194512 17.440000
-0.067014 -0.194664 17.440000
-0.052123 -0.194762 17.440000
-0.037230 -0.194825 17.440000
-0.022338 -0.194864 17.440000
-0.007446 -0.194882 17.440000
0.007446 -0.194882 17.440000
0.022338 -0.194864 17.440000
0.037230 -0.194825 17.440000
0.052123 -0.194762 17.440000
0.067014 -0.194664 17.440000
0.081906 -0.194512 17.440000
0.096796 -0.194237 17.440000
0.111665 -0.193409 17.440000
0.119816 -0.180946 17.440000
0.127500 -0.168189 17.440000
0.135077 -0.155368 17.440000
0.142607 -0.142520 17.440000
0.150108 -0.129655 17.440000
0.157588 -0.116777 17.440000
0.165050 -0.103890 17.440000
0.172496 -0.090993 17.440000
0.179926 -0.078086 17.440000
0.187339 -0.065170 17.440000
0.194730 -0.052241 17.440000
0.202092 -0.039296 17.440000
0.209406 -0.026324 17.440000
0.216612 -0.013291 17.440000
0.223329 0.000000 17.440000

