0.206548 0.000000 15.100000
0.200345 0.012298 15.100000
0.193685 0.024353 15.100000
0.186924 0.036353 15.100000
0.180117 0.048327 15.100000
0.173283 0.060285 15.100000
0.166428 0.072231 15.100000
0.159557 0.084168 15.100000
0.152670 0.096096 15.100000
0.145768 0.108015 15.100000
0.138849 0.119925 15.100000
0.131911 0.131822 15.100000
0.124944 0.143704 15.100000
0.117933 0.155560 15.100000
0.110823 0.167355 15.100000
0.103274 0.178876 15.100000
0.089523 0.179653 15.100000
0.075752 0.179913 15.100000
0.061979 0.180057 15.100000
0.048206 0.180149 15.100000
0.034433 0.180210 15.100000
0.020660 0.180246 15.100000
0.006887 0.180264 15.100000
-0.006887 0.180264 15.100000
-0.020660 0.180246 15.100000
-0.034433 0.180210 15.100000
-0.048206 0.180149 15.100000
-0.061979 0.180057 15.100000
-0.075752 0.179913 15.100000
-0.089523 0.179653 15.100000
-0.103274 0.178876 15.100000
-0.110823 0.167355 15.100000
-0.117933 0.155560 15.100000
-0.124944 0.143704 15.100000
-0.131911 0.131822 15.100000
-0.138849 0.119925 15.100000
-0.145768 0.108015 15.100000
-0.152670 0.096096 15.100000
-0.159557 0.084168 15.100000
-0.166428 0.072231 15.100000
-0.173283 0.060285 15.100000
-0.180117 0.048327 15.100000
-0.186924 0.036353 15.100000
-0.193685 0.024353 15.100000
-0.200345 0.012298 15.100000
-0.206548 0.000000 15.100000
-0.200345 -0.012298 15.100000
-0.193685 -0.024353 15.100000
-0.186924 -0.036353 15.100000
-0.180117 -0.048327 15.100000
-0.173283 -0.060285 15.100000
-0.166428 -0.072231 15.100000
-0.159557 -0.084168 15.100000
-0.152670 -0.096096 15.100000
-0.145768 -0.108015 15.100000
-0.138849 -0.119925 15.100000
-0.131911 -0.131822 15.100000
-0.124944 -0.143704 15.100000
-0.117933 -0.155560 15.100000
-0.110823 -0.167355 15.100000
-0.103274 -0.178876 15.100000
-0.089523 -0.179653 15.100000
-0.075752 -0.179913 15.100000
-0.061979 -0.180057 15.100000
-0.048206 -0.180149 15.100000
-0.034433 -0.180210 15.100000
-0.020660 -0.180246 15.100000
-0.006887 -0.180264 15.100000
0.006887 -0.180264 15.100000
0.020660 -0.180246 15.100000
0.034433 -0.180210 15.100000
0.048206 -0.180149 15.100000
0.061979 -0.180057 15.100000
0.075752 -0.179913 15.100000
0.089523 -0.179653 15.100000
0.103274 -0.178876 15.100000
0.110823 -0.167355 15.100000
0.117933 -0.155560 15.100000
0.124944 -0.143704 15.100000
0.131911 -0.131822 15.100000
0.138849 -0.119925 15.100000
0.145768 -0.108015 15.100000
0.152670 -0.096096 15.100000
0.159557 -0.084168 15.100000
0.166428 -0.072231 15.100000
0.173283 -0.060285 15.100000
0.180117 -0.048327 15.100000
0.186924 -0.036353 15.100000
0.193685 -0.024353 15.100000
0.200345 -0.012298 15.100000
0.206548 0.000000 15.100000

