0.064581 -0.000000 0.600000
0.062671 0.003860 0.600000
0.060601 0.007637 0.600000
0.058494 0.011393 0.600000
0.056371 0.015140 0.600000
0.054237 0.018881 0.600000
0.052096 0.022618 0.600000
0.049948 0.026351 0.600000
0.047795 0.030081 0.600000
0.045636 0.033807 0.600000
0.043470 0.037530 0.600000
0.041297 0.041248 0.600000
0.039113 0.044961 0.600000
0.036914 0.048664 0.600000
0.034679 0.052345 0.600000
0.032291 0.055929 0.600000
0.027993 0.056205 0.600000
0.023687 0.056300 0.600000
0.019380 0.056354 0.600000
0.015074 0.056388 0.600000
0.010767 0.056411 0.600000
0.006460 0.056425 0.600000
0.002153 0.056432 0.600000
-0.002153 0.056432 0.600000
-0.006460 0.056425 0.600000
-0.010767 0.056411 0.600000
-0.015074 0.056388 0.600000
-0.019380 0.056354 0.600000
-0.023687 0.056300 0.600000
-0.027993 0.056205 0.600000
-0.032291 0.055929 0.600000
-0.034679 0.052345 0.600000
-0.036914 0.048664 0.600000
-0.039113 0.044961 0.600000
-0.041297 0.041248 0.600000
-0.043470 0.037530 0.600000
-0.045636 0.033807 0.600000
-0.047795 0.030081 0.600000
-0.049948 0.026351 0.600000
-0.052096 0.022618 0.600000
-0.054237 0.018881 0.600000
-0.056371 0.015140 0.600000
-0.058494 0.011393 0.600000
-0.060601 0.007637 0.600000
-0.062671 0.003860 0.600000
-0.064581 -0.000000 0.600000
-0.062671 -0.003860 0.600000
-0.060601 -0.007637 0.600000
-0.058494 -0.011393 0.600000
-0.056371 -0.015140 0.600000
-0.054237 -0.018881 0.600000
-0.052096 -0.022618 0.600000
-0.049948 -0.026351 0.600000
-0.047795 -0.030081 0.600000
-0.045636 -0.033807 0.600000
-0.043470 -0.037530 0.600000
-0.041297 -0.041248 0.600000
-0.039113 -0.044961 0.600000
-0.036914 -0.048664 0.600000
-0.034679 -0.052345 0.600000
-0.032291 -0.055929 0.600000
-0.027993 -0.056205 0.600000
-0.023687 -0.056300 0.600000
-0.019380 -0.056354 0.600000
-0.015074 -0.056388 0.600000
-0.010767 -0.056411 0.600000
-0.006460 -0.056425 0.600000
-0.002153 -0.056432 0.600000
0.002153 -0.056432 0.600000
0.006460 -0.056425 0.600000
0.010767 -0.056411 0.600000
0.015074 -0.056388 0.600000
0.019380 -0.056354 0.600000
0.023687 -0.056300 0.600000
0.027993 -0.056205 0.600000
0.032291 -0.055929 0.600000
0.034679 -0.052345 0.600000
0.036914 -0.048664 0.600000
0.039113 -0.044961 0.600000
0.041297 -0.041248 0.600000
0.043470 -0.037530 0.600000
0.045636 -0.033807 0.600000
0.047795 -0.030081 0.600000
0.049948 -0.026351 0.600000
0.052096 -0.022618 0.600000
0.054237 -0.018881 0.600000
0.056371 -0.015140 0.600000
0.058494 -0.011393 0.600000
0.060601 -0.007637 0.600000
0.062671 -0.003860 0.600000
0.064581 -0.000000 0.600000

