0.326610 0.000000 34.200000
0.316695 0.019390 34.200000
0.306116 0.038427 34.200000
0.295393 0.057382 34.200000
0.284606 0.076301 34.200000
0.273781 0.095199 34.200000
0.262931 0.114082 34.200000
0.252059 0.132953 34.200000
0.241170 0.151813 34.200000
0.230263 0.170664 34.200000
0.219336 0.189502 34.200000
0.208382 0.208325 34.200000
0.197391 0.227127 34.200000
0.186337 0.245891 34.200000
0.175140 0.264571 34.200000
0.163305 0.282853 34.200000
0.141555 0.283961 34.200000
0.119780 0.284318 34.200000
0.098002 0.284509 34.200000
0.076224 0.284627 34.200000
0.054446 0.284701 34.200000
0.032667 0.284745 34.200000
0.010889 0.284766 34.200000
-0.010889 0.284766 34.200000
-0.032667 0.284745 34.200000
-0.054446 0.284701 34.200000
-0.076224 0.284627 34.200000
-0.098002 0.284509 34.200000
-0.119780 0.284318 34.200000
-0.141555 0.283961 34.200000
-0.163305 0.282853 34.200000
-0.175140 0.264571 34.200000
-0.186337 0.245891 34.200000
-0.197391 0.227127 34.200000
-0.208382 0.208325 34.200000
-0.219336 0.189502 34.200000
-0.230263 0.170664 34.200000
-0.241170 0.151813 34.200000
-0.252059 0.132953 34.200000
-0.262931 0.114082 34.200000
-0.273781 0.095199 34.200000
-0.284606 0.076301 34.200000
-0.295393 0.057382 34.200000
-0.306116 0.038427 34.200000
-0.316695 0.019390 34.200000
-0.326610 0.000000 34.200000
-0.316695 -0.019390 34.200000
-0.306116 -0.038427 34.200000
-0.295393 -0.057382 34.200000
-0.284606 -0.076301 34.200000
-0.273781 -0.095199 34.200000
-0.262931 -0.114082 34.200000
-0.252059 -0.132953 34.200000
-0.241170 -0.151813 34.200000
-0.230263 -0.170664 34.200000
-0.219336 -0.189502 34.200000
-0.208382 -0.208325 34.200000
-0.197391 -0.227127 34.200000
-0.186337 -0.245891 34.200000
-0.175140 -0.264571 34.200000
-0.163305 -0.282853 34.200000
-0.141555 -0.283961 34.200000
-0.119780 -0.284318 34.200000
-0.098002 -0.284509 34.200000
-0.076224 -0.284627 34.200000
-0.054446 -0.284701 34.200000
-0.032667 -0.284745 34.200000
-0.010889 -0.284766 34.200000
0.010889 -0.284766 34.200000
0.032667 -0.284745 34.200000
0.054446 -0.284701 34.200000
0.076224 -0.284627 34.200000
0.098002 -0.284509 34.200000
0.119780 -0.284318 34.200000
0.141555 -0.283961 34.200000
0.163305 -0.282853 34.200000
0.175140 -0.264571 34.200000
0.186337 -0.245891 34.200000
0.197391 -0.227127 34.200000
0.208382 -0.208325 34.200000
0.219336 -0.189502 34.200000
0.230263 -0.170664 34.200000
0.241170 -0.151813 34.200000
0.252059 -0.132953 34.200000
0.262931 -0.114082 34.200000
0.273781 -0.095199 34.200000
0.284606 -0.076301 34.200000
0.295393 -0.057382 34.200000
0.306116 -0.038427 34.200000
0.316695 -0.019390 34.200000
0.326610 0.000000 34.200000

