0.066925 -0.000000 0.750000
0.064945 0.004000 0.750000
0.062800 0.007913 0.750000
0.060616 0.011806 0.750000
0.058416 0.015689 0.750000
0.056205 0.019566 0.750000
0.053986 0.023438 0.750000
0.051760 0.027307 0.750000
0.049529 0.031172 0.750000
0.047291 0.035034 0.750000
0.045047 0.038892 0.750000
0.042795 0.042745 0.750000
0.040532 0.046592 0.750000
0.038253 0.050429 0.750000
0.035937 0.054244 0.750000
0.033463 0.057959 0.750000
0.029009 0.058244 0.750000
0.024547 0.058343 0.750000
0.020084 0.058398 0.750000
0.015621 0.058434 0.750000
0.011158 0.058458 0.750000
0.006695 0.058472 0.750000
0.002232 0.058479 0.750000
-0.002232 0.058479 0.750000
-0.006695 0.058472 0.750000
-0.011158 0.058458 0.750000
-0.015621 0.058434 0.750000
-0.020084 0.058398 0.750000
-0.024547 0.058343 0.750000
-0.029009 0.058244 0.750000
-0.033463 0.057959 0.750000
-0.035937 0.054244 0.750000
-0.038253 0.050429 0.750000
-0.040532 0.046592 0.750000
-0.042795 0.042745 0.750000
-0.045047 0.038892 0.750000
-0.047291 0.035034 0.750000
-0.049529 0.031172 0.750000
-0.051760 0.027307 0.750000
-0.053986 0.023438 0.750000
-0.056205 0.019566 0.750000
-0.058416 0.015689 0.750000
-0.060616 0.011806 0.750000
-0.062800 0.007913 0.750000
-0.064945 0.004000 0.750000
-0.066925 -0.000000 0.750000
-0.064945 -0.004000 0.750000
-0.062800 -0.007913 0.750000
-0.060616 -0.011806 0.750000
-0.058416 -0.015689 0.750000
-0.056205 -0.019566 0.750000
-0.053986 -0.023438 0.750000
-0.051760 -0.027307 0.750000
-0.049529 -0.031172 0.750000
-0.047291 -0.035034 0.750000
-0.045047 -0.038892 0.750000
-0.042795 -0.042745 0.750000
-0.040532 -0.046592 0.750000
-0.038253 -0.050429 0.750000
-0.035937 -0.054244 0.750000
-0.033463 -0.057959 0.750000
-0.029009 -0.058244 0.750000
-0.024547 -0.058343 0.750000
-0.020084 -0.058398 0.750000
-0.015621 -0.058434 0.750000
-0.011158 -0.058458 0.750000
-0.006695 -0.058472 0.750000
-0.002232 -0.058479 0.750000
0.002232 -0.058479 0.750000
0.006695 -0.058472 0.750000
0.011158 -0.058458 0.750000
0.015621 -0.058434 0.750000
0.020084 -0.058398 0.750000
0.024547 -0.058343 0.750000
0.029009 -0.058244 0.750000
0.033463 -0.057959 0.750000
0.035937 -0.054244 0.750000
0.038253 -0.050429 0.750000
0.040532 -0.046592 0.750000
0.042795 -0.042745 0.750000
0.045047 -0.038892 0.750000
0.047291 -0.035034 0.750000
0.049529 -0.031172 0.750000
0.051760 -0.027307 0.750000
0.053986 -0.023438 0.750000
0.056205 -0.019566 0.750000
0.058416 -0.015689 0.750000
0.060616 -0.011806 0.750000
0.062800 -0.007913 0.750000
0.064945 -0.004000 0.750000
0.066925 -0.000000 0.750000

