0.135755 -0.000000 6.590000
0.131708 0.008098 6.590000
0.127344 0.016029 6.590000
0.122907 0.023921 6.590000
0.118439 0.031794 6.590000
0.113951 0.039656 6.590000
0.109448 0.047510 6.590000
0.104933 0.055356 6.590000
0.100406 0.063196 6.590000
0.095869 0.071030 6.590000
0.091319 0.078856 6.590000
0.086754 0.086674 6.590000
0.082169 0.094480 6.590000
0.077553 0.102268 6.590000
0.072867 0.110014 6.590000
0.067878 0.117568 6.590000
0.058841 0.118112 6.590000
0.049790 0.118297 6.590000
0.040738 0.118401 6.590000
0.031685 0.118468 6.590000
0.022632 0.118512 6.590000
0.013579 0.118540 6.590000
0.004526 0.118553 6.590000
-0.004526 0.118553 6.590000
-0.013579 0.118540 6.590000
-0.022632 0.118512 6.590000
-0.031685 0.118468 6.590000
-0.040738 0.118401 6.590000
-0.049790 0.118297 6.590000
-0.058841 0.118112 6.590000
-0.067878 0.117568 6.590000
-0.072867 0.110014 6.590000
-0.077553 0.102268 6.590000
-0.082169 0.094480 6.590000
-0.086754 0.086674 6.590000
-0.091319 0.078856 6.590000
-0.095869 0.071030 6.590000
-0.100406 0.063196 6.590000
-0.104933 0.055356 6.590000
-0.109448 0.047510 6.590000
-0.113951 0.039656 6.590000
-0.118439 0.031794 6.590000
-0.122907 0.023921 6.590000
-0.127344 0.016029 6.590000
-0.131708 0.008098 6.590000
-0.135755 -0.000000 6.590000
-0.131708 -0.008098 6.590000
-0.127344 -0.016029 6.590000
-0.122907 -0.023921 6.590000
-0.118439 -0.031794 6.590000
-0.113951 -0.039656 6.590000
-0.109448 -0.047510 6.590000
-0.104933 -0.055356 6.590000
-0.100406 -0.063196 6.590000
-0.095869 -0.071030 6.590000
-0.091319 -0.078856 6.590000
-0.086754 -0.086674 6.590000
-0.082169 -0.094480 6.590000
-0.077553 -0.102268 6.590000
-0.072867 -0.110014 6.590000
-0.067878 -0.117568 6.590000
-0.058841 -0.118112 6.590000
-0.049790 -0.118297 6.590000
-0.040738 -0.118401 6.590000
-0.031685 -0.118468 6.590000
-0.022632 -0.118512 6.590000
-0.013579 -0.118540 6.590000
-0.004526 -0.118553 6.590000
0.004526 -0.118553 6.590000
0.013579 -0.118540 6.590000
0.022632 -0.118512 6.590000
0.031685 -0.118468 6.590000
0.040738 -0.118401 6.590000
0.049790 -0.118297 6.590000
0.058841 -0.118112 6.590000
0.067878 -0.117568 6.590000
0.072867 -0.110014 6.590000
0.077553 -0.102268 6.590000
0.082169 -0.094480 6.590000
0.086754 -0.086674 6.590000
0.091319 -0.078856 6.590000
0.095869 -0.071030 6.590000
0.100406 -0.063196 6.590000
0.104933 -0.055356 6.590000
0.109448 -0.047510 6.590000
0.113951 -0.039656 6.590000
0.118439 -0.031794 6.590000
0.122907 -0.023921 6.590000
0.127344 -0.016029 6.590000
0.131708 -0.008098 6.590000
0.135755 -0.000000 6.590000

