0.192947 0.000000 13.290000
0.187161 0.011492 13.290000
0.180942 0.022756 13.290000
0.174628 0.033966 13.290000
0.168271 0.045153 13.290000
0.161888 0.056324 13.290000
0.155486 0.067484 13.290000
0.149067 0.078635 13.290000
0.142634 0.089778 13.290000
0.136186 0.100912 13.290000
0.129722 0.112037 13.290000
0.123239 0.123151 13.290000
0.116730 0.134249 13.290000
0.110178 0.145323 13.290000
0.103533 0.156340 13.290000
0.096474 0.167097 13.290000
0.083628 0.167832 13.290000
0.070764 0.168079 13.290000
0.057898 0.168216 13.290000
0.045032 0.168304 13.290000
0.032166 0.168361 13.290000
0.019300 0.168397 13.290000
0.006433 0.168414 13.290000
-0.006433 0.168414 13.290000
-0.019300 0.168397 13.290000
-0.032166 0.168361 13.290000
-0.045032 0.168304 13.290000
-0.057898 0.168216 13.290000
-0.070764 0.168079 13.290000
-0.083628 0.167832 13.290000
-0.096474 0.167097 13.290000
-0.103533 0.156340 13.290000
-0.110178 0.145323 13.290000
-0.116730 0.134249 13.290000
-0.123239 0.123151 13.290000
-0.129722 0.112037 13.290000
-0.136186 0.100912 13.290000
-0.142634 0.089778 13.290000
-0.149067 0.078635 13.290000
-0.155486 0.067484 13.290000
-0.161888 0.056324 13.290000
-0.168271 0.045153 13.290000
-0.174628 0.033966 13.290000
-0.180942 0.022756 13.290000
-0.187161 0.011492 13.290000
-0.192947 0.000000 13.290000
-0.187161 -0.011492 13.290000
-0.180942 -0.022756 13.290000
-0.174628 -0.033966 13.290000
-0.168271 -0.045153 13.290000
-0.161888 -0.056324 13.290000
-0.155486 -0.067484 13.290000
-0.149067 -0.078635 13.290000
-0.142634 -0.089778 13.290000
-0.136186 -0.100912 13.290000
-0.129722 -0.112037 13.290000
-0.123239 -0.123151 13.290000
-0.116730 -0.134249 13.290000
-0.110178 -0.145323 13.290000
-0.103533 -0.156340 13.290000
-0.096474 -0.167097 13.290000
-0.083628 -0.167832 13.290000
-0.070764 -0.168079 13.290000
-0.057898 -0.168216 13.290000
-0.045032 -0.168304 13.290000
-0.032166 -0.168361 13.290000
-0.019300 -0.168397 13.290000
-0.006433 -0.168414 13.290000
0.006433 -0.168414 13.290000
0.019300 -0.168397 13.290000
0.032166 -0.168361 13.290000
0.045032 -0.168304 13.290000
0.057898 -0.168216 13.290000
0.070764 -0.168079 13.290000
0.083628 -0.167832 13.290000
0.096474 -0.167097 13.290000
0.103533 -0.156340 13.290000
0.110178 -0.145323 13.290000
0.116730 -0.134249 13.290000
0.123239 -0.123151 13.290000
0.129722 -0.112037 13.290000
0.136186 -0.100912 13.290000
0.142634 -0.089778 13.290000
0.149067 -0.078635 13.290000
0.155486 -0.067484 13.290000
0.161888 -0.056324 13.290000
0.168271 -0.045153 13.290000
0.174628 -0.033966 13.290000
0.180942 -0.022756 13.290000
0.187161 -0.011492 13.290000
0.192947 0.000000 13.290000

