0.298431 0.000000 29.250000
0.289393 0.017729 29.250000
0.279737 0.035128 29.250000
0.269945 0.052452 29.250000
0.260094 0.069742 29.250000
0.250207 0.087012 29.250000
0.240295 0.104267 29.250000
0.230363 0.121511 29.250000
0.220413 0.138745 29.250000
0.210446 0.155968 29.250000
0.200458 0.173180 29.250000
0.190446 0.190377 29.250000
0.180397 0.207553 29.250000
0.170290 0.224695 29.250000
0.160050 0.241757 29.250000
0.149216 0.258449 29.250000
0.129343 0.259486 29.250000
0.109446 0.259823 29.250000
0.089548 0.260005 29.250000
0.069648 0.260119 29.250000
0.049749 0.260192 29.250000
0.029849 0.260236 29.250000
0.009950 0.260256 29.250000
-0.009950 0.260256 29.250000
-0.029849 0.260236 29.250000
-0.049749 0.260192 29.250000
-0.069648 0.260119 29.250000
-0.089548 0.260005 29.250000
-0.109446 0.259823 29.250000
-0.129343 0.259486 29.250000
-0.149216 0.258449 29.250000
-0.160050 0.241757 29.250000
-0.170290 0.224695 29.250000
-0.180397 0.207553 29.250000
-0.190446 0.190377 29.250000
-0.200458 0.173180 29.250000
-0.210446 0.155968 29.250000
-0.220413 0.138745 29.250000
-0.230363 0.121511 29.250000
-0.240295 0.104267 29.250000
-0.250207 0.087012 29.250000
-0.260094 0.069742 29.250000
-0.269945 0.052452 29.250000
-0.279737 0.035128 29.250000
-0.289393 0.017729 29.250000
-0.298431 0.000000 29.250000
-0.289393 -0.017729 29.250000
-0.279737 -0.035128 29.250000
-0.269945 -0.052452 29.250000
-0.260094 -0.069742 29.250000
-0.250207 -0.087012 29.250000
-0.240295 -0.104267 29.250000
-0.230363 -0.121511 29.250000
-0.220413 -0.138745 29.250000
-0.210446 -0.155968 29.250000
-0.200458 -0.173180 29.250000
-0.190446 -0.190377 29.250000
-0.180397 -0.207553 29.250000
-0.170290 -0.224695 29.250000
-0.160050 -0.241757 29.250000
-0.149216 -0.258449 29.250000
-0.129343 -0.259486 29.250000
-0.109446 -0.259823 29.250000
-0.089548 -0.260005 29.250000
-0.069648 -0.260119 29.250000
-0.049749 -0.260192 29.250000
-0.029849 -0.260236 29.250000
-0.009950 -0.260256 29.250000
0.009950 -0.260256 29.250000
0.029849 -0.260236 29.250000
0.049749 -0.260192 29.250000
0.069648 -0.260119 29.250000
0.089548 -0.260005 29.250000
0.109446 -0.259823 29.250000
0.129343 -0.259486 29.250000
0.149216 -0.258449 29.250000
0.160050 -0.241757 29.250000
0.170290 -0.224695 29.250000
0.180397 -0.207553 29.250000
0.190446 -0.190377 29.250000
0.200458 -0.173180 29.250000
0.210446 -0.155968 29.250000
0.220413 -0.138745 29.250000
0.230363 -0.121511 29.250000
0.240295 -0.104267 29.250000
0.250207 -0.087012 29.250000
0.260094 -0.069742 29.250000
0.269945 -0.052452 29.250000
0.279737 -0.035128 29.250000
0.289393 -0.017729 29.250000
0.298431 0.000000 29.250000

