0.327275 0.000000 34.320000
0.317339 0.019430 34.320000
0.306739 0.038505 34.320000
0.295993 0.057498 34.320000
0.285184 0.076456 34.320000
0.274338 0.095392 34.320000
0.263465 0.114313 34.320000
0.252571 0.133223 34.320000
0.241660 0.152122 34.320000
0.230731 0.171010 34.320000
0.219781 0.189887 34.320000
0.208805 0.208749 34.320000
0.197792 0.227588 34.320000
0.186715 0.246391 34.320000
0.175496 0.265109 34.320000
0.163638 0.283429 34.320000
0.141843 0.284539 34.320000
0.120023 0.284896 34.320000
0.098202 0.285087 34.320000
0.076379 0.285205 34.320000
0.054557 0.285279 34.320000
0.032734 0.285324 34.320000
0.010911 0.285344 34.320000
-0.010911 0.285344 34.320000
-0.032734 0.285324 34.320000
-0.054557 0.285279 34.320000
-0.076379 0.285205 34.320000
-0.098202 0.285087 34.320000
-0.120023 0.284896 34.320000
-0.141843 0.284539 34.320000
-0.163638 0.283429 34.320000
-0.175496 0.265109 34.320000
-0.186715 0.246391 34.320000
-0.197792 0.227588 34.320000
-0.208805 0.208749 34.320000
-0.219781 0.189887 34.320000
-0.230731 0.171010 34.320000
-0.241660 0.152122 34.320000
-0.252571 0.133223 34.320000
-0.263465 0.114313 34.320000
-0.274338 0.095392 34.320000
-0.285184 0.076456 34.320000
-0.295993 0.057498 34.320000
-0.306739 0.038505 34.320000
-0.317339 0.019430 34.320000
-0.327275 0.000000 34.320000
-0.317339 -0.019430 34.320000
-0.306739 -0.038505 34.320000
-0.295993 -0.057498 34.320000
-0.285184 -0.076456 34.320000
-0.274338 -0.095392 34.320000
-0.263465 -0.114313 34.320000
-0.252571 -0.133223 34.320000
-0.241660 -0.152122 34.320000
-0.230731 -0.171010 34.320000
-0.219781 -0.189887 34.320000
-0.208805 -0.208749 34.320000
-0.197792 -0.227588 34.320000
-0.186715 -0.246391 34.320000
-0.175496 -0.265109 34.320000
-0.163638 -0.283429 34.320000
-0.141843 -0.284539 34.320000
-0.120023 -0.284896 34.320000
-0.098202 -0.285087 34.320000
-0.076379 -0.285205 34.320000
-0.054557 -0.285279 34.320000
-0.032734 -0.285324 34.320000
-0.010911 -0.285344 34.320000
0.010911 -0.285344 34.320000
0.032734 -0.285324 34.320000
0.054557 -0.285279 34.320000
0.076379 -0.285205 34.320000
0.098202 -0.285087 34.320000
0.120023 -0.284896 34.320000
0.141843 -0.284539 34.320000
0.163638 -0.283429 34.320000
0.175496 -0.265109 34.320000
0.186715 -0.246391 34.320000
0.197792 -0.227588 34.320000
0.208805 -0.208749 34.320000
0.219781 -0.189887 34.320000
0.230731 -0.171010 34.320000
0.241660 -0.152122 34.320000
0.252571 -0.133223 34.320000
0.263465 -0.114313 34.320000
0.274338 -0.095392 34.320000
0.285184 -0.076456 34.320000
0.295993 -0.057498 34.320000
0.306739 -0.038505 34.320000
0.317339 -0.019430 34.320000
0.327275 0.000000 34.320000

