0.083389 -0.000000 1.900000
0.080918 0.004982 1.900000
0.078243 0.009857 1.900000
0.075521 0.014706 1.900000
0.072778 0.019544 1.900000
0.070023 0.024375 1.900000
0.067258 0.029200 1.900000
0.064485 0.034020 1.900000
0.061705 0.038836 1.900000
0.058917 0.043648 1.900000
0.056121 0.048455 1.900000
0.053315 0.053256 1.900000
0.050497 0.058050 1.900000
0.047658 0.062832 1.900000
0.044773 0.067586 1.900000
0.041695 0.072217 1.900000
0.036145 0.072568 1.900000
0.030585 0.072688 1.900000
0.025024 0.072756 1.900000
0.019464 0.072800 1.900000
0.013903 0.072829 1.900000
0.008342 0.072847 1.900000
0.002781 0.072856 1.900000
-0.002781 0.072856 1.900000
-0.008342 0.072847 1.900000
-0.013903 0.072829 1.900000
-0.019464 0.072800 1.900000
-0.025024 0.072756 1.900000
-0.030585 0.072688 1.900000
-0.036145 0.072568 1.900000
-0.041695 0.072217 1.900000
-0.044773 0.067586 1.900000
-0.047658 0.062832 1.900000
-0.050497 0.058050 1.900000
-0.053315 0.053256 1.900000
-0.056121 0.048455 1.900000
-0.058917 0.043648 1.900000
-0.061705 0.038836 1.900000
-0.064485 0.034020 1.900000
-0.067258 0.029200 1.900000
-0.070023 0.024375 1.900000
-0.072778 0.019544 1.900000
-0.075521 0.014706 1.900000
-0.078243 0.009857 1.900000
-0.080918 0.004982 1.900000
-0.083389 -0.000000 1.900000
-0.080918 -0.004982 1.900000
-0.078243 -0.009857 1.900000
-0.075521 -0.014706 1.900000
-0.072778 -0.019544 1.900000
-0.070023 -0.024375 1.900000
-0.067258 -0.029200 1.900000
-0.064485 -0.034020 1.900000
-0.061705 -0.038836 1.900000
-0.058917 -0.043648 1.900000
-0.056121 -0.048455 1.900000
-0.053315 -0.053256 1.900000
-0.050497 -0.058050 1.900000
-0.047658 -0.062832 1.900000
-0.044773 -0.067586 1.900000
-0.041695 -0.072217 1.900000
-0.036145 -0.072568 1.900000
-0.030585 -0.072688 1.900000
-0.025024 -0.072756 1.900000
-0.019464 -0.072800 1.900000
-0.013903 -0.072829 1.900000
-0.008342 -0.072847 1.900000
-0.002781 -0.072856 1.900000
0.002781 -0.072856 1.900000
0.008342 -0.072847 1.900000
0.013903 -0.072829 1.900000
0.019464 -0.072800 1.900000
0.025024 -0.072756 1.900000
0.030585 -0.072688 1.900000
0.036145 -0.072568 1.900000
0.041695 -0.072217 1.900000
0.044773 -0.067586 1.900000
0.047658 -0.062832 1.900000
0.050497 -0.058050 1.900000
0.053315 -0.053256 1.900000
0.056121 -0.048455 1.900000
0.058917 -0.043648 1.900000
0.061705 -0.038836 1.900000
0.064485 -0.034020 1.900000
0.067258 -0.029200 1.900000
0.070023 -0.024375 1.900000
0.072778 -0.019544 1.900000
0.075521 -0.014706 1.900000
0.078243 -0.009857 1.900000
0.080918 -0.004982 1.900000
0.083389 -0.000000 1.900000

