0.119441 -0.000000 4.970000
0.115887 0.007128 4.970000
0.112049 0.014108 4.970000
0.108147 0.021052 4.970000
0.104217 0.027980 4.970000
0.100269 0.034897 4.970000
0.096308 0.041807 4.970000
0.092335 0.048711 4.970000
0.088353 0.055609 4.970000
0.084360 0.062501 4.970000
0.080356 0.069387 4.970000
0.076340 0.076265 4.970000
0.072305 0.083133 4.970000
0.068242 0.089983 4.970000
0.064116 0.096797 4.970000
0.059720 0.103439 4.970000
0.051770 0.103925 4.970000
0.043807 0.104091 4.970000
0.035842 0.104184 4.970000
0.027878 0.104244 4.970000
0.019913 0.104284 4.970000
0.011948 0.104309 4.970000
0.003983 0.104321 4.970000
-0.003983 0.104321 4.970000
-0.011948 0.104309 4.970000
-0.019913 0.104284 4.970000
-0.027878 0.104244 4.970000
-0.035842 0.104184 4.970000
-0.043807 0.104091 4.970000
-0.051770 0.103925 4.970000
-0.059720 0.103439 4.970000
-0.064116 0.096797 4.970000
-0.068242 0.089983 4.970000
-0.072305 0.083133 4.970000
-0.076340 0.076265 4.970000
-0.080356 0.069387 4.970000
-0.084360 0.062501 4.970000
-0.088353 0.055609 4.970000
-0.092335 0.048711 4.970000
-0.096308 0.041807 4.970000
-0.100269 0.034897 4.970000
-0.104217 0.027980 4.970000
-0.108147 0.021052 4.970000
-0.112049 0.014108 4.970000
-0.115887 0.007128 4.970000
-0.119441 -0.000000 4.970000
-0.115887 -0.007128 4.970000
-0.112049 -0.014108 4.970000
-0.108147 -0.021052 4.970000
-0.104217 -0.027980 4.970000
-0.100269 -0.034897 4.970000
-0.096308 -0.041807 4.970000
-0.092335 -0.048711 4.970000
-0.088353 -0.055609 4.970000
-0.084360 -0.062501 4.970000
-0.080356 -0.069387 4.970000
-0.076340 -0.076265 4.970000
-0.072305 -0.083133 4.970000
-0.068242 -0.089983 4.970000
-0.064116 -0.096797 4.970000
-0.059720 -0.103439 4.970000
-0.051770 -0.103925 4.970000
-0.043807 -0.104091 4.970000
-0.035842 -0.104184 4.970000
-0.027878 -0.104244 4.970000
-0.019913 -0.104284 4.970000
-0.011948 -0.104309 4.970000
-0.003983 -0.104321 4.970000
0.003983 -0.104321 4.970000
0.011948 -0.104309 4.970000
0.019913 -0.104284 4.970000
0.027878 -0.104244 4.970000
0.035842 -0.104184 4.970000
0.043807 -0.104091 4.970000
0.051770 -0.103925 4.970000
0.059720 -0.103439 4.970000
0.064116 -0.096797 4.970000
0.068242 -0.089983 4.970000
0.072305 -0.083133 4.970000
0.076340 -0.076265 4.970000
0.080356 -0.069387 4.970000
0.084360 -0.062501 4.970000
0.088353 -0.055609 4.970000
0.092335 -0.048711 4.970000
0.096308 -0.041807 4.970000
0.100269 -0.034897 4.970000
0.104217 -0.027980 4.970000
0.108147 -0.021052 4.970000
0.112049 -0.014108 4.970000
0.115887 -0.007128 4.970000
0.119441 -0.000000 4.970000

