0.292367 0.000000 28.220000
0.283517 0.017371 28.220000
0.274059 0.034418 28.220000
0.264468 0.051391 28.220000
0.254818 0.068330 28.220000
0.245133 0.085250 28.220000
0.235423 0.102155 28.220000
0.225693 0.119048 28.220000
0.215945 0.135932 28.220000
0.206180 0.152805 28.220000
0.196395 0.169666 28.220000
0.186585 0.186514 28.220000
0.176739 0.203340 28.220000
0.166836 0.220133 28.220000
0.156802 0.236847 28.220000
0.146184 0.253197 28.220000
0.126715 0.254218 28.220000
0.107223 0.254551 28.220000
0.087728 0.254731 28.220000
0.068233 0.254844 28.220000
0.048738 0.254916 28.220000
0.029243 0.254959 28.220000
0.009748 0.254980 28.220000
-0.009748 0.254980 28.220000
-0.029243 0.254959 28.220000
-0.048738 0.254916 28.220000
-0.068233 0.254844 28.220000
-0.087728 0.254731 28.220000
-0.107223 0.254551 28.220000
-0.126715 0.254218 28.220000
-0.146184 0.253197 28.220000
-0.156802 0.236847 28.220000
-0.166836 0.220133 28.220000
-0.176739 0.203340 28.220000
-0.186585 0.186514 28.220000
-0.196395 0.169666 28.220000
-0.206180 0.152805 28.220000
-0.215945 0.135932 28.220000
-0.225693 0.119048 28.220000
-0.235423 0.102155 28.220000
-0.245133 0.085250 28.220000
-0.254818 0.068330 28.220000
-0.264468 0.051391 28.220000
-0.274059 0.034418 28.220000
-0.283517 0.017371 28.220000
-0.292367 0.000000 28.220000
-0.283517 -0.017371 28.220000
-0.274059 -0.034418 28.220000
-0.264468 -0.051391 28.220000
-0.254818 -0.068330 28.220000
-0.245133 -0.085250 28.220000
-0.235423 -0.102155 28.220000
-0.225693 -0.119048 28.220000
-0.215945 -0.135932 28.220000
-0.206180 -0.152805 28.220000
-0.196395 -0.169666 28.220000
-0.186585 -0.186514 28.220000
-0.176739 -0.203340 28.220000
-0.166836 -0.220133 28.220000
-0.156802 -0.236847 28.220000
-0.146184 -0.253197 28.220000
-0.126715 -0.254218 28.220000
-0.107223 -0.254551 28.220000
-0.087728 -0.254731 28.220000
-0.068233 -0.254844 28.220000
-0.048738 -0.254916 28.220000
-0.029243 -0.254959 28.220000
-0.009748 -0.254980 28.220000
0.009748 -0.254980 28.220000
0.029243 -0.254959 28.220000
0.048738 -0.254916 28.220000
0.068233 -0.254844 28.220000
0.087728 -0.254731 28.220000
0.107223 -0.254551 28.220000
0.126715 -0.254218 28.220000
0.146184 -0.253197 28.220000
0.156802 -0.236847 28.220000
0.166836 -0.220133 28.220000
0.176739 -0.203340 28.220000
0.186585 -0.186514 28.220000
0.196395 -0.169666 28.220000
0.206180 -0.152805 28.220000
0.215945 -0.135932 28.220000
0.225693 -0.119048 28.220000
0.235423 -0.102155 28.220000
0.245133 -0.085250 28.220000
0.254818 -0.068330 28.220000
0.264468 -0.051391 28.220000
0.274059 -0.034418 28.220000
0.283517 -0.017371 28.220000
0.292367 0.000000 28.220000

