0.202775 0.000000 14.590000
0.196688 0.012074 14.590000
0.190150 0.023910 14.590000
0.183513 0.035691 14.590000
0.176831 0.047446 14.590000
0.170122 0.059186 14.590000
0.163393 0.070915 14.590000
0.156647 0.082633 14.590000
0.149886 0.094344 14.590000
0.143110 0.106045 14.590000
0.136318 0.117737 14.590000
0.129505 0.129417 14.590000
0.122666 0.141081 14.590000
0.115782 0.152720 14.590000
0.108800 0.164300 14.590000
0.101388 0.175608 14.590000
0.087888 0.176374 14.590000
0.074368 0.176630 14.590000
0.060847 0.176772 14.590000
0.047326 0.176863 14.590000
0.033804 0.176923 14.590000
0.020283 0.176960 14.590000
0.006761 0.176977 14.590000
-0.006761 0.176977 14.590000
-0.020283 0.176960 14.590000
-0.033804 0.176923 14.590000
-0.047326 0.176863 14.590000
-0.060847 0.176772 14.590000
-0.074368 0.176630 14.590000
-0.087888 0.176374 14.590000
-0.101388 0.175608 14.590000
-0.108800 0.164300 14.590000
-0.115782 0.152720 14.590000
-0.122666 0.141081 14.590000
-0.129505 0.129417 14.590000
-0.136318 0.117737 14.590000
-0.143110 0.106045 14.590000
-0.149886 0.094344 14.590000
-0.156647 0.082633 14.590000
-0.163393 0.070915 14.590000
-0.170122 0.059186 14.590000
-0.176831 0.047446 14.590000
-0.183513 0.035691 14.590000
-0.190150 0.023910 14.590000
-0.196688 0.012074 14.590000
-0.202775 0.000000 14.590000
-0.196688 -0.012074 14.590000
-0.190150 -0.023910 14.590000
-0.183513 -0.035691 14.590000
-0.176831 -0.047446 14.590000
-0.170122 -0.059186 14.590000
-0.163393 -0.070915 14.590000
-0.156647 -0.082633 14.590000
-0.149886 -0.094344 14.590000
-0.143110 -0.106045 14.590000
-0.136318 -0.117737 14.590000
-0.129505 -0.129417 14.590000
-0.122666 -0.141081 14.590000
-0.115782 -0.152720 14.590000
-0.108800 -0.164300 14.590000
-0.101388 -0.175608 14.590000
-0.087888 -0.176374 14.590000
-0.074368 -0.176630 14.590000
-0.060847 -0.176772 14.590000
-0.047326 -0.176863 14.590000
-0.033804 -0.176923 14.590000
-0.020283 -0.176960 14.590000
-0.006761 -0.176977 14.590000
0.006761 -0.176977 14.590000
0.020283 -0.176960 14.590000
0.033804 -0.176923 14.590000
0.047326 -0.176863 14.590000
0.060847 -0.176772 14.590000
0.074368 -0.176630 14.590000
0.087888 -0.176374 14.590000
0.101388 -0.175608 14.590000
0.108800 -0.164300 14.590000
0.115782 -0.152720 14.590000
0.122666 -0.141081 14.590000
0.129505 -0.129417 14.590000
0.136318 -0.117737 14.590000
0.143110 -0.106045 14.590000
0.149886 -0.094344 14.590000
0.156647 -0.082633 14.590000
0.163393 -0.070915 14.590000
0.170122 -0.059186 14.590000
0.176831 -0.047446 14.590000
0.183513 -0.035691 14.590000
0.190150 -0.023910 14.590000
0.196688 -0.012074 14.590000
0.202775 0.000000 14.590000

