0.249730 0.000000 21.350000
0.242199 0.014852 21.350000
0.234133 0.029421 21.350000
0.225949 0.043924 21.350000
0.217713 0.058397 21.350000
0.209445 0.072852 21.350000
0.201154 0.087294 21.350000
0.192845 0.101725 21.350000
0.184519 0.116146 21.350000
0.176176 0.130558 21.350000
0.167814 0.144959 21.350000
0.159429 0.159346 21.350000
0.151013 0.173716 21.350000
0.142546 0.188055 21.350000
0.133962 0.202324 21.350000
0.124865 0.216272 21.350000
0.108237 0.217177 21.350000
0.091587 0.217475 21.350000
0.074936 0.217639 21.350000
0.058283 0.217743 21.350000
0.041631 0.217811 21.350000
0.024979 0.217852 21.350000
0.008326 0.217871 21.350000
-0.008326 0.217871 21.350000
-0.024979 0.217852 21.350000
-0.041631 0.217811 21.350000
-0.058283 0.217743 21.350000
-0.074936 0.217639 21.350000
-0.091587 0.217475 21.350000
-0.108237 0.217177 21.350000
-0.124865 0.216272 21.350000
-0.133962 0.202324 21.350000
-0.142546 0.188055 21.350000
-0.151013 0.173716 21.350000
-0.159429 0.159346 21.350000
-0.167814 0.144959 21.350000
-0.176176 0.130558 21.350000
-0.184519 0.116146 21.350000
-0.192845 0.101725 21.350000
-0.201154 0.087294 21.350000
-0.209445 0.072852 21.350000
-0.217713 0.058397 21.350000
-0.225949 0.043924 21.350000
-0.234133 0.029421 21.350000
-0.242199 0.014852 21.350000
-0.249730 0.000000 21.350000
-0.242199 -0.014852 21.350000
-0.234133 -0.029421 21.350000
-0.225949 -0.043924 21.350000
-0.217713 -0.058397 21.350000
-0.209445 -0.072852 21.350000
-0.201154 -0.087294 21.350000
-0.192845 -0.101725 21.350000
-0.184519 -0.116146 21.350000
-0.176176 -0.130558 21.350000
-0.167814 -0.144959 21.350000
-0.159429 -0.159346 21.350000
-0.151013 -0.173716 21.350000
-0.142546 -0.188055 21.350000
-0.133962 -0.202324 21.350000
-0.124865 -0.216272 21.350000
-0.108237 -0.217177 21.350000
-0.091587 -0.217475 21.350000
-0.074936 -0.217639 21.350000
-0.058283 -0.217743 21.350000
-0.041631 -0.217811 21.350000
-0.024979 -0.217852 21.350000
-0.008326 -0.217871 21.350000
0.008326 -0.217871 21.350000
0.024979 -0.217852 21.350000
0.041631 -0.217811 21.350000
0.058283 -0.217743 21.350000
0.074936 -0.217639 21.350000
0.091587 -0.217475 21.350000
0.108237 -0.217177 21.350000
0.124865 -0.216272 21.350000
0.133962 -0.202324 21.350000
0.142546 -0.188055 21.350000
0.151013 -0.173716 21.350000
0.159429 -0.159346 21.350000
0.167814 -0.144959 21.350000
0.176176 -0.130558 21.350000
0.184519 -0.116146 21.350000
0.192845 -0.101725 21.350000
0.201154 -0.087294 21.350000
0.209445 -0.072852 21.350000
0.217713 -0.058397 21.350000
0.225949 -0.043924 21.350000
0.234133 -0.029421 21.350000
0.242199 -0.014852 21.350000
0.249730 0.000000 21.350000

