0.383904 0.000000 45.050000
0.372198 0.022765 45.050000
0.359740 0.045127 45.050000
0.347118 0.067397 45.050000
0.334425 0.089627 45.050000
0.321691 0.111833 45.050000
0.308929 0.134023 45.050000
0.296147 0.156202 45.050000
0.283348 0.178370 45.050000
0.270532 0.200529 45.050000
0.257696 0.222676 45.050000
0.244832 0.244808 45.050000
0.231927 0.266915 45.050000
0.218951 0.288980 45.050000
0.205814 0.310951 45.050000
0.191952 0.332471 45.050000
0.166384 0.333715 45.050000
0.140789 0.334107 45.050000
0.115192 0.334312 45.050000
0.089594 0.334434 45.050000
0.063996 0.334509 45.050000
0.038397 0.334552 45.050000
0.012799 0.334572 45.050000
-0.012799 0.334572 45.050000
-0.038397 0.334552 45.050000
-0.063996 0.334509 45.050000
-0.089594 0.334434 45.050000
-0.115192 0.334312 45.050000
-0.140789 0.334107 45.050000
-0.166384 0.333715 45.050000
-0.191952 0.332471 45.050000
-0.205814 0.310951 45.050000
-0.218951 0.288980 45.050000
-0.231927 0.266915 45.050000
-0.244832 0.244808 45.050000
-0.257696 0.222676 45.050000
-0.270532 0.200529 45.050000
-0.283348 0.178370 45.050000
-0.296147 0.156202 45.050000
-0.308929 0.134023 45.050000
-0.321691 0.111833 45.050000
-0.334425 0.089627 45.050000
-0.347118 0.067397 45.050000
-0.359740 0.045127 45.050000
-0.372198 0.022765 45.050000
-0.383904 0.000000 45.050000
-0.372198 -0.022765 45.050000
-0.359740 -0.045127 45.050000
-0.347118 -0.067397 45.050000
-0.334425 -0.089627 45.050000
-0.321691 -0.111833 45.050000
-0.308929 -0.134023 45.050000
-0.296147 -0.156202 45.050000
-0.283348 -0.178370 45.050000
-0.270532 -0.200529 45.050000
-0.257696 -0.222676 45.050000
-0.244832 -0.244808 45.050000
-0.231927 -0.266915 45.050000
-0.218951 -0.288980 45.050000
-0.205814 -0.310951 45.050000
-0.191952 -0.332471 45.050000
-0.166384 -0.333715 45.050000
-0.140789 -0.334107 45.050000
-0.115192 -0.334312 45.050000
-0.089594 -0.334434 45.050000
-0.063996 -0.334509 45.050000
-0.038397 -0.334552 45.050000
-0.012799 -0.334572 45.050000
0.012799 -0.334572 45.050000
0.038397 -0.334552 45.050000
0.063996 -0.334509 45.050000
0.089594 -0.334434 45.050000
0.115192 -0.334312 45.050000
0.140789 -0.334107 45.050000
0.166384 -0.333715 45.050000
0.191952 -0.332471 45.050000
0.205814 -0.310951 45.050000
0.218951 -0.288980 45.050000
0.231927 -0.266915 45.050000
0.244832 -0.244808 45.050000
0.257696 -0.222676 45.050000
0.270532 -0.200529 45.050000
0.283348 -0.178370 45.050000
0.296147 -0.156202 45.050000
0.308929 -0.134023 45.050000
0.321691 -0.111833 45.050000
0.334425 -0.089627 45.050000
0.347118 -0.067397 45.050000
0.359740 -0.045127 45.050000
0.372198 -0.022765 45.050000
0.383904 0.000000 45.050000

