0.147504 -0.000000 7.840000
0.143101 0.008796 7.840000
0.138356 0.017412 7.840000
0.133534 0.025986 7.840000
0.128679 0.034540 7.840000
0.123801 0.043082 7.840000
0.118908 0.051615 7.840000
0.114002 0.060140 7.840000
0.109084 0.068659 7.840000
0.104154 0.077170 7.840000
0.099211 0.085674 7.840000
0.094252 0.094169 7.840000
0.089271 0.102651 7.840000
0.084257 0.111114 7.840000
0.079168 0.119531 7.840000
0.073752 0.127742 7.840000
0.063933 0.128327 7.840000
0.054099 0.128526 7.840000
0.044263 0.128637 7.840000
0.034427 0.128709 7.840000
0.024591 0.128756 7.840000
0.014754 0.128785 7.840000
0.004918 0.128799 7.840000
-0.004918 0.128799 7.840000
-0.014754 0.128785 7.840000
-0.024591 0.128756 7.840000
-0.034427 0.128709 7.840000
-0.044263 0.128637 7.840000
-0.054099 0.128526 7.840000
-0.063933 0.128327 7.840000
-0.073752 0.127742 7.840000
-0.079168 0.119531 7.840000
-0.084257 0.111114 7.840000
-0.089271 0.102651 7.840000
-0.094252 0.094169 7.840000
-0.099211 0.085674 7.840000
-0.104154 0.077170 7.840000
-0.109084 0.068659 7.840000
-0.114002 0.060140 7.840000
-0.118908 0.051615 7.840000
-0.123801 0.043082 7.840000
-0.128679 0.034540 7.840000
-0.133534 0.025986 7.840000
-0.138356 0.017412 7.840000
-0.143101 0.008796 7.840000
-0.147504 -0.000000 7.840000
-0.143101 -0.008796 7.840000
-0.138356 -0.017412 7.840000
-0.133534 -0.025986 7.840000
-0.128679 -0.034540 7.840000
-0.123801 -0.043082 7.840000
-0.118908 -0.051615 7.840000
-0.114002 -0.060140 7.840000
-0.109084 -0.068659 7.840000
-0.104154 -0.077170 7.840000
-0.099211 -0.085674 7.840000
-0.094252 -0.094169 7.840000
-0.089271 -0.102651 7.840000
-0.084257 -0.111114 7.840000
-0.079168 -0.119531 7.840000
-0.073752 -0.127742 7.840000
-0.063933 -0.128327 7.840000
-0.054099 -0.128526 7.840000
-0.044263 -0.128637 7.840000
-0.034427 -0.128709 7.840000
-0.024591 -0.128756 7.840000
-0.014754 -0.128785 7.840000
-0.004918 -0.128799 7.840000
0.004918 -0.128799 7.840000
0.014754 -0.128785 7.840000
0.024591 -0.128756 7.840000
0.034427 -0.128709 7.840000
0.044263 -0.128637 7.840000
0.054099 -0.128526 7.840000
0.063933 -0.128327 7.840000
0.073752 -0.127742 7.840000
0.079168 -0.119531 7.840000
0.084257 -0.111114 7.840000
0.089271 -0.102651 7.840000
0.094252 -0.094169 7.840000
0.099211 -0.085674 7.840000
0.104154 -0.077170 7.840000
0.109084 -0.068659 7.840000
0.114002 -0.060140 7.840000
0.118908 -0.051615 7.840000
0.123801 -0.043082 7.840000
0.128679 -0.034540 7.840000
0.133534 -0.025986 7.840000
0.138356 -0.017412 7.840000
0.143101 -0.008796 7.840000
0.147504 -0.000000 7.840000

