0.366565 0.000000 41.660000
0.355402 0.021744 41.660000
0.343513 0.043100 41.660000
0.331467 0.064367 41.660000
0.319351 0.085596 41.660000
0.307195 0.106801 41.660000
0.295012 0.127990 41.660000
0.282808 0.149168 41.660000
0.270587 0.170335 41.660000
0.258349 0.191493 41.660000
0.246090 0.212638 41.660000
0.233803 0.233768 41.660000
0.221477 0.254875 41.660000
0.209082 0.275941 41.660000
0.196532 0.296915 41.660000
0.183283 0.317455 41.660000
0.158870 0.318659 41.660000
0.134431 0.319041 41.660000
0.109989 0.319242 41.660000
0.085548 0.319364 41.660000
0.061105 0.319439 41.660000
0.036663 0.319483 41.660000
0.012221 0.319503 41.660000
-0.012221 0.319503 41.660000
-0.036663 0.319483 41.660000
-0.061105 0.319439 41.660000
-0.085548 0.319364 41.660000
-0.109989 0.319242 41.660000
-0.134431 0.319041 41.660000
-0.158870 0.318659 41.660000
-0.183283 0.317455 41.660000
-0.196532 0.296915 41.660000
-0.209082 0.275941 41.660000
-0.221477 0.254875 41.660000
-0.233803 0.233768 41.660000
-0.246090 0.212638 41.660000
-0.258349 0.191493 41.660000
-0.270587 0.170335 41.660000
-0.282808 0.149168 41.660000
-0.295012 0.127990 41.660000
-0.307195 0.106801 41.660000
-0.319351 0.085596 41.660000
-0.331467 0.064367 41.660000
-0.343513 0.043100 41.660000
-0.355402 0.021744 41.660000
-0.366565 0.000000 41.660000
-0.355402 -0.021744 41.660000
-0.343513 -0.043100 41.660000
-0.331467 -0.064367 41.660000
-0.319351 -0.085596 41.660000
-0.307195 -0.106801 41.660000
-0.295012 -0.127990 41.660000
-0.282808 -0.149168 41.660000
-0.270587 -0.170335 41.660000
-0.258349 -0.191493 41.660000
-0.246090 -0.212638 41.660000
-0.233803 -0.233768 41.660000
-0.221477 -0.254875 41.660000
-0.209082 -0.275941 41.660000
-0.196532 -0.296915 41.660000
-0.183283 -0.317455 41.660000
-0.158870 -0.318659 41.660000
-0.134431 -0.319041 41.660000
-0.109989 -0.319242 41.660000
-0.085548 -0.319364 41.660000
-0.061105 -0.319439 41.660000
-0.036663 -0.319483 41.660000
-0.012221 -0.319503 41.660000
0.012221 -0.319503 41.660000
0.036663 -0.319483 41.660000
0.061105 -0.319439 41.660000
0.085548 -0.319364 41.660000
0.109989 -0.319242 41.660000
0.134431 -0.319041 41.660000
0.158870 -0.318659 41.660000
0.183283 -0.317455 41.660000
0.196532 -0.296915 41.660000
0.209082 -0.275941 41.660000
0.221477 -0.254875 41.660000
0.233803 -0.233768 41.660000
0.246090 -0.212638 41.660000
0.258349 -0.191493 41.660000
0.270587 -0.170335 41.660000
0.282808 -0.149168 41.660000
0.295012 -0.127990 41.660000
0.307195 -0.106801 41.660000
0.319351 -0.085596 41.660000
0.331467 -0.064367 41.660000
0.343513 -0.043100 41.660000
0.355402 -0.021744 41.660000
0.366565 0.000000 41.660000

