0.175778 0.000000 11.120000
0.170515 0.010474 11.120000
0.164854 0.020738 11.120000
0.159105 0.030952 11.120000
0.153315 0.041144 11.120000
0.147501 0.051323 11.120000
0.141669 0.061490 11.120000
0.135822 0.071649 11.120000
0.129961 0.081801 11.120000
0.124087 0.091944 11.120000
0.118197 0.102078 11.120000
0.112290 0.112203 11.120000
0.106358 0.122312 11.120000
0.100387 0.132399 11.120000
0.094328 0.142434 11.120000
0.087889 0.152228 11.120000
0.076187 0.152908 11.120000
0.064468 0.153137 11.120000
0.052747 0.153265 11.120000
0.041025 0.153347 11.120000
0.029304 0.153401 11.120000
0.017582 0.153434 11.120000
0.005861 0.153450 11.120000
-0.005861 0.153450 11.120000
-0.017582 0.153434 11.120000
-0.029304 0.153401 11.120000
-0.041025 0.153347 11.120000
-0.052747 0.153265 11.120000
-0.064468 0.153137 11.120000
-0.076187 0.152908 11.120000
-0.087889 0.152228 11.120000
-0.094328 0.142434 11.120000
-0.100387 0.132399 11.120000
-0.106358 0.122312 11.120000
-0.112290 0.112203 11.120000
-0.118197 0.102078 11.120000
-0.124087 0.091944 11.120000
-0.129961 0.081801 11.120000
-0.135822 0.071649 11.120000
-0.141669 0.061490 11.120000
-0.147501 0.051323 11.120000
-0.153315 0.041144 11.120000
-0.159105 0.030952 11.120000
-0.164854 0.020738 11.120000
-0.170515 0.010474 11.120000
-0.175778 0.000000 11.120000
-0.170515 -0.010474 11.120000
-0.164854 -0.020738 11.120000
-0.159105 -0.030952 11.120000
-0.153315 -0.041144 11.120000
-0.147501 -0.051323 11.120000
-0.141669 -0.061490 11.120000
-0.135822 -0.071649 11.120000
-0.129961 -0.081801 11.120000
-0.124087 -0.091944 11.120000
-0.118197 -0.102078 11.120000
-0.112290 -0.112203 11.120000
-0.106358 -0.122312 11.120000
-0.100387 -0.132399 11.120000
-0.094328 -0.142434 11.120000
-0.087889 -0.152228 11.120000
-0.076187 -0.152908 11.120000
-0.064468 -0.153137 11.120000
-0.052747 -0.153265 11.120000
-0.041025 -0.153347 11.120000
-0.029304 -0.153401 11.120000
-0.017582 -0.153434 11.120000
-0.005861 -0.153450 11.120000
0.005861 -0.153450 11.120000
0.017582 -0.153434 11.120000
0.029304 -0.153401 11.120000
0.041025 -0.153347 11.120000
0.052747 -0.153265 11.120000
0.064468 -0.153137 11.120000
0.076187 -0.152908 11.120000
0.087889 -0.152228 11.120000
0.094328 -0.142434 11.120000
0.100387 -0.132399 11.120000
0.106358 -0.122312 11.120000
0.112290 -0.112203 11.120000
0.118197 -0.102078 11.120000
0.124087 -0.091944 11.120000
0.129961 -0.081801 11.120000
0.135822 -0.071649 11.120000
0.141669 -0.061490 11.120000
0.147501 -0.051323 11.120000
0.153315 -0.041144 11.120000
0.159105 -0.030952 11.120000
0.164854 -0.020738 11.120000
0.170515 -0.010474 11.120000
0.175778 0.000000 11.120000

