0.391485 0.000000 46.560000
0.379541 0.023211 46.560000
0.366834 0.046012 46.560000
0.353961 0.068721 46.560000
0.341015 0.091389 46.560000
0.328028 0.114032 46.560000
0.315013 0.136660 46.560000
0.301978 0.159276 46.560000
0.288926 0.181883 46.560000
0.275858 0.204479 46.560000
0.262769 0.227064 46.560000
0.249653 0.249634 46.560000
0.236495 0.272178 46.560000
0.223265 0.294681 46.560000
0.209872 0.317087 46.560000
0.195743 0.339036 46.560000
0.169669 0.340297 46.560000
0.143569 0.340693 46.560000
0.117466 0.340900 46.560000
0.091363 0.341022 46.560000
0.065259 0.341097 46.560000
0.039155 0.341139 46.560000
0.013052 0.341159 46.560000
-0.013052 0.341159 46.560000
-0.039155 0.341139 46.560000
-0.065259 0.341097 46.560000
-0.091363 0.341022 46.560000
-0.117466 0.340900 46.560000
-0.143569 0.340693 46.560000
-0.169669 0.340297 46.560000
-0.195743 0.339036 46.560000
-0.209872 0.317087 46.560000
-0.223265 0.294681 46.560000
-0.236495 0.272178 46.560000
-0.249653 0.249634 46.560000
-0.262769 0.227064 46.560000
-0.275858 0.204479 46.560000
-0.288926 0.181883 46.560000
-0.301978 0.159276 46.560000
-0.315013 0.136660 46.560000
-0.328028 0.114032 46.560000
-0.341015 0.091389 46.560000
-0.353961 0.068721 46.560000
-0.366834 0.046012 46.560000
-0.379541 0.023211 46.560000
-0.391485 0.000000 46.560000
-0.379541 -0.023211 46.560000
-0.366834 -0.046012 46.560000
-0.353961 -0.068721 46.560000
-0.341015 -0.091389 46.560000
-0.328028 -0.114032 46.560000
-0.315013 -0.136660 46.560000
-0.301978 -0.159276 46.560000
-0.288926 -0.181883 46.560000
-0.275858 -0.204479 46.560000
-0.262769 -0.227064 46.560000
-0.249653 -0.249634 46.560000
-0.236495 -0.272178 46.560000
-0.223265 -0.294681 46.560000
-0.209872 -0.317087 46.560000
-0.195743 -0.339036 46.560000
-0.169669 -0.340297 46.560000
-0.143569 -0.340693 46.560000
-0.117466 -0.340900 46.560000
-0.091363 -0.341022 46.560000
-0.065259 -0.341097 46.560000
-0.039155 -0.341139 46.560000
-0.013052 -0.341159 46.560000
0.013052 -0.341159 46.560000
0.039155 -0.341139 46.560000
0.065259 -0.341097 46.560000
0.091363 -0.341022 46.560000
0.117466 -0.340900 46.560000
0.143569 -0.340693 46.560000
0.169669 -0.340297 46.560000
0.195743 -0.339036 46.560000
0.209872 -0.317087 46.560000
0.223265 -0.294681 46.560000
0.236495 -0.272178 46.560000
0.249653 -0.249634 46.560000
0.262769 -0.227064 46.560000
0.275858 -0.204479 46.560000
0.288926 -0.181883 46.560000
0.301978 -0.159276 46.560000
0.315013 -0.136660 46.560000
0.328028 -0.114032 46.560000
0.341015 -0.091389 46.560000
0.353961 -0.068721 46.560000
0.366834 -0.046012 46.560000
0.379541 -0.023211 46.560000
0.391485 0.000000 46.560000

