0.109149 -0.000000 4.020000
0.105905 0.006516 4.020000
0.102400 0.012895 4.020000
0.098835 0.019241 4.020000
0.095244 0.025572 4.020000
0.091637 0.031894 4.020000
0.088017 0.038209 4.020000
0.084387 0.044518 4.020000
0.080748 0.050822 4.020000
0.077099 0.057120 4.020000
0.073440 0.063412 4.020000
0.069768 0.069698 4.020000
0.066081 0.075973 4.020000
0.062367 0.082233 4.020000
0.058595 0.088459 4.020000
0.054575 0.094526 4.020000
0.047310 0.094974 4.020000
0.040033 0.095128 4.020000
0.032754 0.095214 4.020000
0.025476 0.095270 4.020000
0.018197 0.095307 4.020000
0.010918 0.095329 4.020000
0.003639 0.095340 4.020000
-0.003639 0.095340 4.020000
-0.010918 0.095329 4.020000
-0.018197 0.095307 4.020000
-0.025476 0.095270 4.020000
-0.032754 0.095214 4.020000
-0.040033 0.095128 4.020000
-0.047310 0.094974 4.020000
-0.054575 0.094526 4.020000
-0.058595 0.088459 4.020000
-0.062367 0.082233 4.020000
-0.066081 0.075973 4.020000
-0.069768 0.069698 4.020000
-0.073440 0.063412 4.020000
-0.077099 0.057120 4.020000
-0.080748 0.050822 4.020000
-0.084387 0.044518 4.020000
-0.088017 0.038209 4.020000
-0.091637 0.031894 4.020000
-0.095244 0.025572 4.020000
-0.098835 0.019241 4.020000
-0.102400 0.012895 4.020000
-0.105905 0.006516 4.020000
-0.109149 -0.000000 4.020000
-0.105905 -0.006516 4.020000
-0.102400 -0.012895 4.020000
-0.098835 -0.019241 4.020000
-0.095244 -0.025572 4.020000
-0.091637 -0.031894 4.020000
-0.088017 -0.038209 4.020000
-0.084387 -0.044518 4.020000
-0.080748 -0.050822 4.020000
-0.077099 -0.057120 4.020000
-0.073440 -0.063412 4.020000
-0.069768 -0.069698 4.020000
-0.066081 -0.075973 4.020000
-0.062367 -0.082233 4.020000
-0.058595 -0.088459 4.020000
-0.054575 -0.094526 4.020000
-0.047310 -0.094974 4.020000
-0.040033 -0.095128 4.020000
-0.032754 -0.095214 4.020000
-0.025476 -0.095270 4.020000
-0.018197 -0.095307 4.020000
-0.010918 -0.095329 4.020000
-0.003639 -0.095340 4.020000
0.003639 -0.095340 4.020000
0.010918 -0.095329 4.020000
0.018197 -0.095307 4.020000
0.025476 -0.095270 4.020000
0.032754 -0.095214 4.020000
0.040033 -0.095128 4.020000
0.047310 -0.094974 4.020000
0.054575 -0.094526 4.020000
0.058595 -0.088459 4.020000
0.062367 -0.082233 4.020000
0.066081 -0.075973 4.020000
0.069768 -0.069698 4.020000
0.073440 -0.063412 4.020000
0.077099 -0.057120 4.020000
0.080748 -0.050822 4.020000
0.084387 -0.044518 4.020000
0.088017 -0.038209 4.020000
0.091637 -0.031894 4.020000
0.095244 -0.025572 4.020000
0.098835 -0.019241 4.020000
0.102400 -0.012895 4.020000
0.105905 -0.006516 4.020000
0.109149 -0.000000 4.020000

