0.243083 0.000000 20.340000
0.235757 0.014459 20.340000
0.227908 0.028641 20.340000
0.219943 0.042759 20.340000
0.211927 0.056847 20.340000
0.203880 0.070918 20.340000
0.195811 0.084976 20.340000
0.187723 0.099023 20.340000
0.179618 0.113061 20.340000
0.171497 0.127089 20.340000
0.163357 0.141106 20.340000
0.155195 0.155111 20.340000
0.147002 0.169097 20.340000
0.138758 0.183053 20.340000
0.130401 0.196942 20.340000
0.121542 0.210516 20.340000
0.105357 0.211402 20.340000
0.089150 0.211695 20.340000
0.072941 0.211856 20.340000
0.056732 0.211958 20.340000
0.040523 0.212025 20.340000
0.024314 0.212065 20.340000
0.008105 0.212084 20.340000
-0.008105 0.212084 20.340000
-0.024314 0.212065 20.340000
-0.040523 0.212025 20.340000
-0.056732 0.211958 20.340000
-0.072941 0.211856 20.340000
-0.089150 0.211695 20.340000
-0.105357 0.211402 20.340000
-0.121542 0.210516 20.340000
-0.130401 0.196942 20.340000
-0.138758 0.183053 20.340000
-0.147002 0.169097 20.340000
-0.155195 0.155111 20.340000
-0.163357 0.141106 20.340000
-0.171497 0.127089 20.340000
-0.179618 0.113061 20.340000
-0.187723 0.099023 20.340000
-0.195811 0.084976 20.340000
-0.203880 0.070918 20.340000
-0.211927 0.056847 20.340000
-0.219943 0.042759 20.340000
-0.227908 0.028641 20.340000
-0.235757 0.014459 20.340000
-0.243083 0.000000 20.340000
-0.235757 -0.014459 20.340000
-0.227908 -0.028641 20.340000
-0.219943 -0.042759 20.340000
-0.211927 -0.056847 20.340000
-0.203880 -0.070918 20.340000
-0.195811 -0.084976 20.340000
-0.187723 -0.099023 20.340000
-0.179618 -0.113061 20.340000
-0.171497 -0.127089 20.340000
-0.163357 -0.141106 20.340000
-0.155195 -0.155111 20.340000
-0.147002 -0.169097 20.340000
-0.138758 -0.183053 20.340000
-0.130401 -0.196942 20.340000
-0.121542 -0.210516 20.340000
-0.105357 -0.211402 20.340000
-0.089150 -0.211695 20.340000
-0.072941 -0.211856 20.340000
-0.056732 -0.211958 20.340000
-0.040523 -0.212025 20.340000
-0.024314 -0.212065 20.340000
-0.008105 -0.212084 20.340000
0.008105 -0.212084 20.340000
0.024314 -0.212065 20.340000
0.040523 -0.212025 20.340000
0.056732 -0.211958 20.340000
0.072941 -0.211856 20.340000
0.089150 -0.211695 20.340000
0.105357 -0.211402 20.340000
0.121542 -0.210516 20.340000
0.130401 -0.196942 20.340000
0.138758 -0.183053 20.340000
0.147002 -0.169097 20.340000
0.155195 -0.155111 20.340000
0.163357 -0.141106 20.340000
0.171497 -0.127089 20.340000
0.179618 -0.113061 20.340000
0.187723 -0.099023 20.340000
0.195811 -0.084976 20.340000
0.203880 -0.070918 20.340000
0.211927 -0.056847 20.340000
0.219943 -0.042759 20.340000
0.227908 -0.028641 20.340000
0.235757 -0.014459 20.340000
0.243083 0.000000 20.340000

