0.234697 0.000000 19.090000
0.227629 0.013963 19.090000
0.220053 0.027658 19.090000
0.212365 0.041289 19.090000
0.204627 0.054892 19.090000
0.196858 0.068478 19.090000
0.189068 0.082051 19.090000
0.181259 0.095614 19.090000
0.173434 0.109168 19.090000
0.165592 0.122712 19.090000
0.157733 0.136245 19.090000
0.149851 0.149766 19.090000
0.141940 0.163269 19.090000
0.133979 0.176743 19.090000
0.125907 0.190151 19.090000
0.117348 0.203253 19.090000
0.101722 0.204115 19.090000
0.086074 0.204400 19.090000
0.070425 0.204558 19.090000
0.054775 0.204658 19.090000
0.039125 0.204723 19.090000
0.023475 0.204763 19.090000
0.007825 0.204782 19.090000
-0.007825 0.204782 19.090000
-0.023475 0.204763 19.090000
-0.039125 0.204723 19.090000
-0.054775 0.204658 19.090000
-0.070425 0.204558 19.090000
-0.086074 0.204400 19.090000
-0.101722 0.204115 19.090000
-0.117348 0.203253 19.090000
-0.125907 0.190151 19.090000
-0.133979 0.176743 19.090000
-0.141940 0.163269 19.090000
-0.149851 0.149766 19.090000
-0.157733 0.136245 19.090000
-0.165592 0.122712 19.090000
-0.173434 0.109168 19.090000
-0.181259 0.095614 19.090000
-0.189068 0.082051 19.090000
-0.196858 0.068478 19.090000
-0.204627 0.054892 19.090000
-0.212365 0.041289 19.090000
-0.220053 0.027658 19.090000
-0.227629 0.013963 19.090000
-0.234697 0.000000 19.090000
-0.227629 -0.013963 19.090000
-0.220053 -0.027658 19.090000
-0.212365 -0.041289 19.090000
-0.204627 -0.054892 19.090000
-0.196858 -0.068478 19.090000
-0.189068 -0.082051 19.090000
-0.181259 -0.095614 19.090000
-0.173434 -0.109168 19.090000
-0.165592 -0.122712 19.090000
-0.157733 -0.136245 19.090000
-0.149851 -0.149766 19.090000
-0.141940 -0.163269 19.090000
-0.133979 -0.176743 19.090000
-0.125907 -0.190151 19.090000
-0.117348 -0.203253 19.090000
-0.101722 -0.204115 19.090000
-0.086074 -0.204400 19.090000
-0.070425 -0.204558 19.090000
-0.054775 -0.204658 19.090000
-0.039125 -0.204723 19.090000
-0.023475 -0.204763 19.090000
-0.007825 -0.204782 19.090000
0.007825 -0.204782 19.090000
0.023475 -0.204763 19.090000
0.039125 -0.204723 19.090000
0.054775 -0.204658 19.090000
0.070425 -0.204558 19.090000
0.086074 -0.204400 19.090000
0.101722 -0.204115 19.090000
0.117348 -0.203253 19.090000
0.125907 -0.190151 19.090000
0.133979 -0.176743 19.090000
0.141940 -0.163269 19.090000
0.149851 -0.149766 19.090000
0.157733 -0.136245 19.090000
0.165592 -0.122712 19.090000
0.173434 -0.109168 19.090000
0.181259 -0.095614 19.090000
0.189068 -0.082051 19.090000
0.196858 -0.068478 19.090000
0.204627 -0.054892 19.090000
0.212365 -0.041289 19.090000
0.220053 -0.027658 19.090000
0.227629 -0.013963 19.090000
0.234697 0.000000 19.090000

