0.306269 0.000000 30.600000
0.296987 0.018191 30.600000
0.287075 0.036046 30.600000
0.277024 0.053824 30.600000
0.266913 0.071567 30.600000
0.256765 0.089290 30.600000
0.246592 0.106998 30.600000
0.236399 0.124694 30.600000
0.226188 0.142380 30.600000
0.215959 0.160056 30.600000
0.205710 0.177720 30.600000
0.195435 0.195370 30.600000
0.185125 0.212998 30.600000
0.174754 0.230591 30.600000
0.164247 0.248103 30.600000
0.153135 0.265237 30.600000
0.132740 0.266294 30.600000
0.112321 0.266637 30.600000
0.091899 0.266822 30.600000
0.071477 0.266937 30.600000
0.051055 0.267010 30.600000
0.030633 0.267054 30.600000
0.010211 0.267075 30.600000
-0.010211 0.267075 30.600000
-0.030633 0.267054 30.600000
-0.051055 0.267010 30.600000
-0.071477 0.266937 30.600000
-0.091899 0.266822 30.600000
-0.112321 0.266637 30.600000
-0.132740 0.266294 30.600000
-0.153135 0.265237 30.600000
-0.164247 0.248103 30.600000
-0.174754 0.230591 30.600000
-0.185125 0.212998 30.600000
-0.195435 0.195370 30.600000
-0.205710 0.177720 30.600000
-0.215959 0.160056 30.600000
-0.226188 0.142380 30.600000
-0.236399 0.124694 30.600000
-0.246592 0.106998 30.600000
-0.256765 0.089290 30.600000
-0.266913 0.071567 30.600000
-0.277024 0.053824 30.600000
-0.287075 0.036046 30.600000
-0.296987 0.018191 30.600000
-0.306269 0.000000 30.600000
-0.296987 -0.018191 30.600000
-0.287075 -0.036046 30.600000
-0.277024 -0.053824 30.600000
-0.266913 -0.071567 30.600000
-0.256765 -0.089290 30.600000
-0.246592 -0.106998 30.600000
-0.236399 -0.124694 30.600000
-0.226188 -0.142380 30.600000
-0.215959 -0.160056 30.600000
-0.205710 -0.177720 30.600000
-0.195435 -0.195370 30.600000
-0.185125 -0.212998 30.600000
-0.174754 -0.230591 30.600000
-0.164247 -0.248103 30.600000
-0.153135 -0.265237 30.600000
-0.132740 -0.266294 30.600000
-0.112321 -0.266637 30.600000
-0.091899 -0.266822 30.600000
-0.071477 -0.266937 30.600000
-0.051055 -0.267010 30.600000
-0.030633 -0.267054 30.600000
-0.010211 -0.267075 30.600000
0.010211 -0.267075 30.600000
0.030633 -0.267054 30.600000
0.051055 -0.267010 30.600000
0.071477 -0.266937 30.600000
0.091899 -0.266822 30.600000
0.112321 -0.266637 30.600000
0.132740 -0.266294 30.600000
0.153135 -0.265237 30.600000
0.164247 -0.248103 30.600000
0.174754 -0.230591 30.600000
0.185125 -0.212998 30.600000
0.195435 -0.195370 30.600000
0.205710 -0.177720 30.600000
0.215959 -0.160056 30.600000
0.226188 -0.142380 30.600000
0.236399 -0.124694 30.600000
0.246592 -0.106998 30.600000
0.256765 -0.089290 30.600000
0.266913 -0.071567 30.600000
0.277024 -0.053824 30.600000
0.287075 -0.036046 30.600000
0.296987 -0.018191 30.600000
0.306269 0.000000 30.600000

