0.204926 0.000000 14.880000
0.198773 0.012201 14.880000
0.192165 0.024163 14.880000
0.185457 0.036068 14.880000
0.178704 0.047948 14.880000
0.171924 0.059812 14.880000
0.165123 0.071665 14.880000
0.158306 0.083508 14.880000
0.151473 0.095343 14.880000
0.144625 0.107168 14.880000
0.137761 0.118984 14.880000
0.130876 0.130788 14.880000
0.123965 0.142577 14.880000
0.117008 0.154339 14.880000
0.109953 0.166042 14.880000
0.102463 0.177471 14.880000
0.088820 0.178243 14.880000
0.075157 0.178502 14.880000
0.061493 0.178645 14.880000
0.047828 0.178736 14.880000
0.034163 0.178797 14.880000
0.020498 0.178833 14.880000
0.006833 0.178851 14.880000
-0.006833 0.178851 14.880000
-0.020498 0.178833 14.880000
-0.034163 0.178797 14.880000
-0.047828 0.178736 14.880000
-0.061493 0.178645 14.880000
-0.075157 0.178502 14.880000
-0.088820 0.178243 14.880000
-0.102463 0.177471 14.880000
-0.109953 0.166042 14.880000
-0.117008 0.154339 14.880000
-0.123965 0.142577 14.880000
-0.130876 0.130788 14.880000
-0.137761 0.118984 14.880000
-0.144625 0.107168 14.880000
-0.151473 0.095343 14.880000
-0.158306 0.083508 14.880000
-0.165123 0.071665 14.880000
-0.171924 0.059812 14.880000
-0.178704 0.047948 14.880000
-0.185457 0.036068 14.880000
-0.192165 0.024163 14.880000
-0.198773 0.012201 14.880000
-0.204926 0.000000 14.880000
-0.198773 -0.012201 14.880000
-0.192165 -0.024163 14.880000
-0.185457 -0.036068 14.880000
-0.178704 -0.047948 14.880000
-0.171924 -0.059812 14.880000
-0.165123 -0.071665 14.880000
-0.158306 -0.083508 14.880000
-0.151473 -0.095343 14.880000
-0.144625 -0.107168 14.880000
-0.137761 -0.118984 14.880000
-0.130876 -0.130788 14.880000
-0.123965 -0.142577 14.880000
-0.117008 -0.154339 14.880000
-0.109953 -0.166042 14.880000
-0.102463 -0.177471 14.880000
-0.088820 -0.178243 14.880000
-0.075157 -0.178502 14.880000
-0.061493 -0.178645 14.880000
-0.047828 -0.178736 14.880000
-0.034163 -0.178797 14.880000
-0.020498 -0.178833 14.880000
-0.006833 -0.178851 14.880000
0.006833 -0.178851 14.880000
0.020498 -0.178833 14.880000
0.034163 -0.178797 14.880000
0.047828 -0.178736 14.880000
0.061493 -0.178645 14.880000
0.075157 -0.178502 14.880000
0.088820 -0.178243 14.880000
0.102463 -0.177471 14.880000
0.109953 -0.166042 14.880000
0.117008 -0.154339 14.880000
0.123965 -0.142577 14.880000
0.130876 -0.130788 14.880000
0.137761 -0.118984 14.880000
0.144625 -0.107168 14.880000
0.151473 -0.095343 14.880000
0.158306 -0.083508 14.880000
0.165123 -0.071665 14.880000
0.171924 -0.059812 14.880000
0.178704 -0.047948 14.880000
0.185457 -0.036068 14.880000
0.192165 -0.024163 14.880000
0.198773 -0.012201 14.880000
0.204926 0.000000 14.880000

