0.347565 0.000000 38.050000
0.336996 0.020625 38.050000
0.325731 0.040878 38.050000
0.314314 0.061046 38.050000
0.302830 0.081177 38.050000
0.291308 0.101285 38.050000
0.279758 0.121377 38.050000
0.268188 0.141458 38.050000
0.256600 0.161529 38.050000
0.244995 0.181589 38.050000
0.233369 0.201637 38.050000
0.221716 0.221670 38.050000
0.210025 0.241680 38.050000
0.198267 0.261652 38.050000
0.186360 0.281535 38.050000
0.173783 0.301000 38.050000
0.150636 0.302160 38.050000
0.127464 0.302530 38.050000
0.104289 0.302727 38.050000
0.081114 0.302847 38.050000
0.057939 0.302922 38.050000
0.034763 0.302966 38.050000
0.011588 0.302987 38.050000
-0.011588 0.302987 38.050000
-0.034763 0.302966 38.050000
-0.057939 0.302922 38.050000
-0.081114 0.302847 38.050000
-0.104289 0.302727 38.050000
-0.127464 0.302530 38.050000
-0.150636 0.302160 38.050000
-0.173783 0.301000 38.050000
-0.186360 0.281535 38.050000
-0.198267 0.261652 38.050000
-0.210025 0.241680 38.050000
-0.221716 0.221670 38.050000
-0.233369 0.201637 38.050000
-0.244995 0.181589 38.050000
-0.256600 0.161529 38.050000
-0.268188 0.141458 38.050000
-0.279758 0.121377 38.050000
-0.291308 0.101285 38.050000
-0.302830 0.081177 38.050000
-0.314314 0.061046 38.050000
-0.325731 0.040878 38.050000
-0.336996 0.020625 38.050000
-0.347565 0.000000 38.050000
-0.336996 -0.020625 38.050000
-0.325731 -0.040878 38.050000
-0.314314 -0.061046 38.050000
-0.302830 -0.081177 38.050000
-0.291308 -0.101285 38.050000
-0.279758 -0.121377 38.050000
-0.268188 -0.141458 38.050000
-0.256600 -0.161529 38.050000
-0.244995 -0.181589 38.050000
-0.233369 -0.201637 38.050000
-0.221716 -0.221670 38.050000
-0.210025 -0.241680 38.050000
-0.198267 -0.261652 38.050000
-0.186360 -0.281535 38.050000
-0.173783 -0.301000 38.050000
-0.150636 -0.302160 38.050000
-0.127464 -0.302530 38.050000
-0.104289 -0.302727 38.050000
-0.081114 -0.302847 38.050000
-0.057939 -0.302922 38.050000
-0.034763 -0.302966 38.050000
-0.011588 -0.302987 38.050000
0.011588 -0.302987 38.050000
0.034763 -0.302966 38.050000
0.057939 -0.302922 38.050000
0.081114 -0.302847 38.050000
0.104289 -0.302727 38.050000
0.127464 -0.302530 38.050000
0.150636 -0.302160 38.050000
0.173783 -0.301000 38.050000
0.186360 -0.281535 38.050000
0.198267 -0.261652 38.050000
0.210025 -0.241680 38.050000
0.221716 -0.221670 38.050000
0.233369 -0.201637 38.050000
0.244995 -0.181589 38.050000
0.256600 -0.161529 38.050000
0.268188 -0.141458 38.050000
0.279758 -0.121377 38.050000
0.291308 -0.101285 38.050000
0.302830 -0.081177 38.050000
0.314314 -0.061046 38.050000
0.325731 -0.040878 38.050000
0.336996 -0.020625 38.050000
0.347565 0.000000 38.050000

