0.112357 -0.000000 4.310000
0.109016 0.006707 4.310000
0.105407 0.013273 4.310000
0.101738 0.019806 4.310000
0.098041 0.026323 4.310000
0.094327 0.032830 4.310000
0.090601 0.039331 4.310000
0.086865 0.045825 4.310000
0.083118 0.052314 4.310000
0.079362 0.058798 4.310000
0.075596 0.065275 4.310000
0.071817 0.071745 4.310000
0.068021 0.078205 4.310000
0.064198 0.084649 4.310000
0.060316 0.091058 4.310000
0.056179 0.097304 4.310000
0.048700 0.097764 4.310000
0.041209 0.097922 4.310000
0.033717 0.098010 4.310000
0.026224 0.098067 4.310000
0.018732 0.098105 4.310000
0.011239 0.098128 4.310000
0.003746 0.098140 4.310000
-0.003746 0.098140 4.310000
-0.011239 0.098128 4.310000
-0.018732 0.098105 4.310000
-0.026224 0.098067 4.310000
-0.033717 0.098010 4.310000
-0.041209 0.097922 4.310000
-0.048700 0.097764 4.310000
-0.056179 0.097304 4.310000
-0.060316 0.091058 4.310000
-0.064198 0.084649 4.310000
-0.068021 0.078205 4.310000
-0.071817 0.071745 4.310000
-0.075596 0.065275 4.310000
-0.079362 0.058798 4.310000
-0.083118 0.052314 4.310000
-0.086865 0.045825 4.310000
-0.090601 0.039331 4.310000
-0.094327 0.032830 4.310000
-0.098041 0.026323 4.310000
-0.101738 0.019806 4.310000
-0.105407 0.013273 4.310000
-0.109016 0.006707 4.310000
-0.112357 -0.000000 4.310000
-0.109016 -0.006707 4.310000
-0.105407 -0.013273 4.310000
-0.101738 -0.019806 4.310000
-0.098041 -0.026323 4.310000
-0.094327 -0.032830 4.310000
-0.090601 -0.039331 4.310000
-0.086865 -0.045825 4.310000
-0.083118 -0.052314 4.310000
-0.079362 -0.058798 4.310000
-0.075596 -0.065275 4.310000
-0.071817 -0.071745 4.310000
-0.068021 -0.078205 4.310000
-0.064198 -0.084649 4.310000
-0.060316 -0.091058 4.310000
-0.056179 -0.097304 4.310000
-0.048700 -0.097764 4.310000
-0.041209 -0.097922 4.310000
-0.033717 -0.098010 4.310000
-0.026224 -0.098067 4.310000
-0.018732 -0.098105 4.310000
-0.011239 -0.098128 4.310000
-0.003746 -0.098140 4.310000
0.003746 -0.098140 4.310000
0.011239 -0.098128 4.310000
0.018732 -0.098105 4.310000
0.026224 -0.098067 4.310000
0.033717 -0.098010 4.310000
0.041209 -0.097922 4.310000
0.048700 -0.097764 4.310000
0.056179 -0.097304 4.310000
0.060316 -0.091058 4.310000
0.064198 -0.084649 4.310000
0.068021 -0.078205 4.310000
0.071817 -0.071745 4.310000
0.075596 -0.065275 4.310000
0.079362 -0.058798 4.310000
0.083118 -0.052314 4.310000
0.086865 -0.045825 4.310000
0.090601 -0.039331 4.310000
0.094327 -0.032830 4.310000
0.098041 -0.026323 4.310000
0.101738 -0.019806 4.310000
0.105407 -0.013273 4.310000
0.109016 -0.006707 4.310000
0.112357 -0.000000 4.310000

