0.406160 0.000000 49.530000
0.393755 0.024074 49.530000
0.380565 0.047727 49.530000
0.367205 0.071284 49.530000
0.353770 0.094799 49.530000
0.340293 0.118290 49.530000
0.326788 0.141764 49.530000
0.313264 0.165227 49.530000
0.299723 0.188681 49.530000
0.286165 0.212125 49.530000
0.272588 0.235558 49.530000
0.258984 0.258975 49.530000
0.245336 0.282367 49.530000
0.231615 0.305715 49.530000
0.217726 0.328965 49.530000
0.203080 0.351745 49.530000
0.176029 0.353038 49.530000
0.148950 0.353442 49.530000
0.121869 0.353651 49.530000
0.094787 0.353774 49.530000
0.067705 0.353848 49.530000
0.040623 0.353889 49.530000
0.013541 0.353908 49.530000
-0.013541 0.353908 49.530000
-0.040623 0.353889 49.530000
-0.067705 0.353848 49.530000
-0.094787 0.353774 49.530000
-0.121869 0.353651 49.530000
-0.148950 0.353442 49.530000
-0.176029 0.353038 49.530000
-0.203080 0.351745 49.530000
-0.217726 0.328965 49.530000
-0.231615 0.305715 49.530000
-0.245336 0.282367 49.530000
-0.258984 0.258975 49.530000
-0.272588 0.235558 49.530000
-0.286165 0.212125 49.530000
-0.299723 0.188681 49.530000
-0.313264 0.165227 49.530000
-0.326788 0.141764 49.530000
-0.340293 0.118290 49.530000
-0.353770 0.094799 49.530000
-0.367205 0.071284 49.530000
-0.380565 0.047727 49.530000
-0.393755 0.024074 49.530000
-0.406160 0.000000 49.530000
-0.393755 -0.024074 49.530000
-0.380565 -0.047727 49.530000
-0.367205 -0.071284 49.530000
-0.353770 -0.094799 49.530000
-0.340293 -0.118290 49.530000
-0.326788 -0.141764 49.530000
-0.313264 -0.165227 49.530000
-0.299723 -0.188681 49.530000
-0.286165 -0.212125 49.530000
-0.272588 -0.235558 49.530000
-0.258984 -0.258975 49.530000
-0.245336 -0.282367 49.530000
-0.231615 -0.305715 49.530000
-0.217726 -0.328965 49.530000
-0.203080 -0.351745 49.530000
-0.176029 -0.353038 49.530000
-0.148950 -0.353442 49.530000
-0.121869 -0.353651 49.530000
-0.094787 -0.353774 49.530000
-0.067705 -0.353848 49.530000
-0.040623 -0.353889 49.530000
-0.013541 -0.353908 49.530000
0.013541 -0.353908 49.530000
0.040623 -0.353889 49.530000
0.067705 -0.353848 49.530000
0.094787 -0.353774 49.530000
0.121869 -0.353651 49.530000
0.148950 -0.353442 49.530000
0.176029 -0.353038 49.530000
0.203080 -0.351745 49.530000
0.217726 -0.328965 49.530000
0.231615 -0.305715 49.530000
0.245336 -0.282367 49.530000
0.258984 -0.258975 49.530000
0.272588 -0.235558 49.530000
0.286165 -0.212125 49.530000
0.299723 -0.188681 49.530000
0.313264 -0.165227 49.530000
0.326788 -0.141764 49.530000
0.340293 -0.118290 49.530000
0.353770 -0.094799 49.530000
0.367205 -0.071284 49.530000
0.380565 -0.047727 49.530000
0.393755 -0.024074 49.530000
0.406160 0.000000 49.530000

