0.253497 0.000000 21.930000
0.245850 0.015075 21.930000
0.237661 0.029863 21.930000
0.229353 0.044584 21.930000
0.220992 0.059275 21.930000
0.212599 0.073948 21.930000
0.204183 0.088607 21.930000
0.195748 0.103256 21.930000
0.187297 0.117895 21.930000
0.178828 0.132524 21.930000
0.170340 0.147142 21.930000
0.161830 0.161747 21.930000
0.153287 0.176334 21.930000
0.144692 0.190889 21.930000
0.135980 0.205375 21.930000
0.126749 0.219535 21.930000
0.109870 0.220450 21.930000
0.092969 0.220752 21.930000
0.076066 0.220917 21.930000
0.059163 0.221022 21.930000
0.042259 0.221090 21.930000
0.025355 0.221131 21.930000
0.008452 0.221151 21.930000
-0.008452 0.221151 21.930000
-0.025355 0.221131 21.930000
-0.042259 0.221090 21.930000
-0.059163 0.221022 21.930000
-0.076066 0.220917 21.930000
-0.092969 0.220752 21.930000
-0.109870 0.220450 21.930000
-0.126749 0.219535 21.930000
-0.135980 0.205375 21.930000
-0.144692 0.190889 21.930000
-0.153287 0.176334 21.930000
-0.161830 0.161747 21.930000
-0.170340 0.147142 21.930000
-0.178828 0.132524 21.930000
-0.187297 0.117895 21.930000
-0.195748 0.103256 21.930000
-0.204183 0.088607 21.930000
-0.212599 0.073948 21.930000
-0.220992 0.059275 21.930000
-0.229353 0.044584 21.930000
-0.237661 0.029863 21.930000
-0.245850 0.015075 21.930000
-0.253497 0.000000 21.930000
-0.245850 -0.015075 21.930000
-0.237661 -0.029863 21.930000
-0.229353 -0.044584 21.930000
-0.220992 -0.059275 21.930000
-0.212599 -0.073948 21.930000
-0.204183 -0.088607 21.930000
-0.195748 -0.103256 21.930000
-0.187297 -0.117895 21.930000
-0.178828 -0.132524 21.930000
-0.170340 -0.147142 21.930000
-0.161830 -0.161747 21.930000
-0.153287 -0.176334 21.930000
-0.144692 -0.190889 21.930000
-0.135980 -0.205375 21.930000
-0.126749 -0.219535 21.930000
-0.109870 -0.220450 21.930000
-0.092969 -0.220752 21.930000
-0.076066 -0.220917 21.930000
-0.059163 -0.221022 21.930000
-0.042259 -0.221090 21.930000
-0.025355 -0.221131 21.930000
-0.008452 -0.221151 21.930000
0.008452 -0.221151 21.930000
0.025355 -0.221131 21.930000
0.042259 -0.221090 21.930000
0.059163 -0.221022 21.930000
0.076066 -0.220917 21.930000
0.092969 -0.220752 21.930000
0.109870 -0.220450 21.930000
0.126749 -0.219535 21.930000
0.135980 -0.205375 21.930000
0.144692 -0.190889 21.930000
0.153287 -0.176334 21.930000
0.161830 -0.161747 21.930000
0.170340 -0.147142 21.930000
0.178828 -0.132524 21.930000
0.187297 -0.117895 21.930000
0.195748 -0.103256 21.930000
0.204183 -0.088607 21.930000
0.212599 -0.073948 21.930000
0.220992 -0.059275 21.930000
0.229353 -0.044584 21.930000
0.237661 -0.029863 21.930000
0.245850 -0.015075 21.930000
0.253497 0.000000 21.930000

