0.246190 0.000000 20.810000
0.238768 0.014643 20.810000
0.230818 0.029006 20.810000
0.222751 0.043303 20.810000
0.214632 0.057572 20.810000
0.206482 0.071822 20.810000
0.198309 0.086059 20.810000
0.190117 0.100286 20.810000
0.181909 0.114503 20.810000
0.173684 0.128711 20.810000
0.165441 0.142907 20.810000
0.157174 0.157091 20.810000
0.148877 0.171256 20.810000
0.140529 0.185391 20.810000
0.132066 0.199458 20.810000
0.123095 0.213207 20.810000
0.106703 0.214101 20.810000
0.090289 0.214397 20.810000
0.073874 0.214559 20.810000
0.057457 0.214662 20.810000
0.041041 0.214729 20.810000
0.024625 0.214770 20.810000
0.008208 0.214789 20.810000
-0.008208 0.214789 20.810000
-0.024625 0.214770 20.810000
-0.041041 0.214729 20.810000
-0.057457 0.214662 20.810000
-0.073874 0.214559 20.810000
-0.090289 0.214397 20.810000
-0.106703 0.214101 20.810000
-0.123095 0.213207 20.810000
-0.132066 0.199458 20.810000
-0.140529 0.185391 20.810000
-0.148877 0.171256 20.810000
-0.157174 0.157091 20.810000
-0.165441 0.142907 20.810000
-0.173684 0.128711 20.810000
-0.181909 0.114503 20.810000
-0.190117 0.100286 20.810000
-0.198309 0.086059 20.810000
-0.206482 0.071822 20.810000
-0.214632 0.057572 20.810000
-0.222751 0.043303 20.810000
-0.230818 0.029006 20.810000
-0.238768 0.014643 20.810000
-0.246190 0.000000 20.810000
-0.238768 -0.014643 20.810000
-0.230818 -0.029006 20.810000
-0.222751 -0.043303 20.810000
-0.214632 -0.057572 20.810000
-0.206482 -0.071822 20.810000
-0.198309 -0.086059 20.810000
-0.190117 -0.100286 20.810000
-0.181909 -0.114503 20.810000
-0.173684 -0.128711 20.810000
-0.165441 -0.142907 20.810000
-0.157174 -0.157091 20.810000
-0.148877 -0.171256 20.810000
-0.140529 -0.185391 20.810000
-0.132066 -0.199458 20.810000
-0.123095 -0.213207 20.810000
-0.106703 -0.214101 20.810000
-0.090289 -0.214397 20.810000
-0.073874 -0.214559 20.810000
-0.057457 -0.214662 20.810000
-0.041041 -0.214729 20.810000
-0.024625 -0.214770 20.810000
-0.008208 -0.214789 20.810000
0.008208 -0.214789 20.810000
0.024625 -0.214770 20.810000
0.041041 -0.214729 20.810000
0.057457 -0.214662 20.810000
0.073874 -0.214559 20.810000
0.090289 -0.214397 20.810000
0.106703 -0.214101 20.810000
0.123095 -0.213207 20.810000
0.132066 -0.199458 20.810000
0.140529 -0.185391 20.810000
0.148877 -0.171256 20.810000
0.157174 -0.157091 20.810000
0.165441 -0.142907 20.810000
0.173684 -0.128711 20.810000
0.181909 -0.114503 20.810000
0.190117 -0.100286 20.810000
0.198309 -0.086059 20.810000
0.206482 -0.071822 20.810000
0.214632 -0.057572 20.810000
0.222751 -0.043303 20.810000
0.230818 -0.029006 20.810000
0.238768 -0.014643 20.810000
0.246190 0.000000 20.810000

