0.386474 0.000000 45.560000
0.374687 0.022916 45.560000
0.362144 0.045427 45.560000
0.349438 0.067846 45.560000
0.336659 0.090224 45.560000
0.323839 0.112578 45.560000
0.310992 0.134917 45.560000
0.298124 0.157244 45.560000
0.285239 0.179561 45.560000
0.272337 0.201868 45.560000
0.259416 0.224164 45.560000
0.246466 0.246444 45.560000
0.233475 0.268699 45.560000
0.220413 0.290913 45.560000
0.207189 0.313031 45.560000
0.193237 0.334697 45.560000
0.167498 0.335947 45.560000
0.141731 0.336340 45.560000
0.115963 0.336545 45.560000
0.090193 0.336668 45.560000
0.064424 0.336742 45.560000
0.038654 0.336785 45.560000
0.012885 0.336805 45.560000
-0.012885 0.336805 45.560000
-0.038654 0.336785 45.560000
-0.064424 0.336742 45.560000
-0.090193 0.336668 45.560000
-0.115963 0.336545 45.560000
-0.141731 0.336340 45.560000
-0.167498 0.335947 45.560000
-0.193237 0.334697 45.560000
-0.207189 0.313031 45.560000
-0.220413 0.290913 45.560000
-0.233475 0.268699 45.560000
-0.246466 0.246444 45.560000
-0.259416 0.224164 45.560000
-0.272337 0.201868 45.560000
-0.285239 0.179561 45.560000
-0.298124 0.157244 45.560000
-0.310992 0.134917 45.560000
-0.323839 0.112578 45.560000
-0.336659 0.090224 45.560000
-0.349438 0.067846 45.560000
-0.362144 0.045427 45.560000
-0.374687 0.022916 45.560000
-0.386474 0.000000 45.560000
-0.374687 -0.022916 45.560000
-0.362144 -0.045427 45.560000
-0.349438 -0.067846 45.560000
-0.336659 -0.090224 45.560000
-0.323839 -0.112578 45.560000
-0.310992 -0.134917 45.560000
-0.298124 -0.157244 45.560000
-0.285239 -0.179561 45.560000
-0.272337 -0.201868 45.560000
-0.259416 -0.224164 45.560000
-0.246466 -0.246444 45.560000
-0.233475 -0.268699 45.560000
-0.220413 -0.290913 45.560000
-0.207189 -0.313031 45.560000
-0.193237 -0.334697 45.560000
-0.167498 -0.335947 45.560000
-0.141731 -0.336340 45.560000
-0.115963 -0.336545 45.560000
-0.090193 -0.336668 45.560000
-0.064424 -0.336742 45.560000
-0.038654 -0.336785 45.560000
-0.012885 -0.336805 45.560000
0.012885 -0.336805 45.560000
0.038654 -0.336785 45.560000
0.064424 -0.336742 45.560000
0.090193 -0.336668 45.560000
0.115963 -0.336545 45.560000
0.141731 -0.336340 45.560000
0.167498 -0.335947 45.560000
0.193237 -0.334697 45.560000
0.207189 -0.313031 45.560000
0.220413 -0.290913 45.560000
0.233475 -0.268699 45.560000
0.246466 -0.246444 45.560000
0.259416 -0.224164 45.560000
0.272337 -0.201868 45.560000
0.285239 -0.179561 45.560000
0.298124 -0.157244 45.560000
0.310992 -0.134917 45.560000
0.323839 -0.112578 45.560000
0.336659 -0.090224 45.560000
0.349438 -0.067846 45.560000
0.362144 -0.045427 45.560000
0.374687 -0.022916 45.560000
0.386474 0.000000 45.560000

