0.400366 0.000000 48.350000
0.388143 0.023733 48.350000
0.375143 0.047050 48.350000
0.361976 0.070272 48.350000
0.348734 0.093453 48.350000
0.335451 0.116609 48.350000
0.322139 0.139749 48.350000
0.308808 0.162878 48.350000
0.295460 0.185997 48.350000
0.282096 0.209106 48.350000
0.268712 0.232205 48.350000
0.255300 0.255287 48.350000
0.241845 0.278344 48.350000
0.228318 0.301359 48.350000
0.214625 0.324275 48.350000
0.200183 0.346727 48.350000
0.173518 0.348008 48.350000
0.146825 0.348409 48.350000
0.120130 0.348616 48.350000
0.093435 0.348739 48.350000
0.066739 0.348813 48.350000
0.040044 0.348855 48.350000
0.013348 0.348874 48.350000
-0.013348 0.348874 48.350000
-0.040044 0.348855 48.350000
-0.066739 0.348813 48.350000
-0.093435 0.348739 48.350000
-0.120130 0.348616 48.350000
-0.146825 0.348409 48.350000
-0.173518 0.348008 48.350000
-0.200183 0.346727 48.350000
-0.214625 0.324275 48.350000
-0.228318 0.301359 48.350000
-0.241845 0.278344 48.350000
-0.255300 0.255287 48.350000
-0.268712 0.232205 48.350000
-0.282096 0.209106 48.350000
-0.295460 0.185997 48.350000
-0.308808 0.162878 48.350000
-0.322139 0.139749 48.350000
-0.335451 0.116609 48.350000
-0.348734 0.093453 48.350000
-0.361976 0.070272 48.350000
-0.375143 0.047050 48.350000
-0.388143 0.023733 48.350000
-0.400366 0.000000 48.350000
-0.388143 -0.023733 48.350000
-0.375143 -0.047050 48.350000
-0.361976 -0.070272 48.350000
-0.348734 -0.093453 48.350000
-0.335451 -0.116609 48.350000
-0.322139 -0.139749 48.350000
-0.308808 -0.162878 48.350000
-0.295460 -0.185997 48.350000
-0.282096 -0.209106 48.350000
-0.268712 -0.232205 48.350000
-0.255300 -0.255287 48.350000
-0.241845 -0.278344 48.350000
-0.228318 -0.301359 48.350000
-0.214625 -0.324275 48.350000
-0.200183 -0.346727 48.350000
-0.173518 -0.348008 48.350000
-0.146825 -0.348409 48.350000
-0.120130 -0.348616 48.350000
-0.093435 -0.348739 48.350000
-0.066739 -0.348813 48.350000
-0.040044 -0.348855 48.350000
-0.013348 -0.348874 48.350000
0.013348 -0.348874 48.350000
0.040044 -0.348855 48.350000
0.066739 -0.348813 48.350000
0.093435 -0.348739 48.350000
0.120130 -0.348616 48.350000
0.146825 -0.348409 48.350000
0.173518 -0.348008 48.350000
0.200183 -0.346727 48.350000
0.214625 -0.324275 48.350000
0.228318 -0.301359 48.350000
0.241845 -0.278344 48.350000
0.255300 -0.255287 48.350000
0.268712 -0.232205 48.350000
0.282096 -0.209106 48.350000
0.295460 -0.185997 48.350000
0.308808 -0.162878 48.350000
0.322139 -0.139749 48.350000
0.335451 -0.116609 48.350000
0.348734 -0.093453 48.350000
0.361976 -0.070272 48.350000
0.375143 -0.047050 48.350000
0.388143 -0.023733 48.350000
0.400366 0.000000 48.350000

