0.271655 0.000000 24.800000
0.263447 0.016148 24.800000
0.254665 0.031991 24.800000
0.245758 0.047764 24.800000
0.236795 0.063506 24.800000
0.227799 0.079228 24.800000
0.218779 0.094937 24.800000
0.209739 0.110635 24.800000
0.200682 0.126322 24.800000
0.191607 0.141999 24.800000
0.182513 0.157666 24.800000
0.173395 0.173318 24.800000
0.164244 0.188951 24.800000
0.155038 0.204551 24.800000
0.145708 0.220078 24.800000
0.135828 0.235260 24.800000
0.117739 0.236226 24.800000
0.099627 0.236542 24.800000
0.081514 0.236715 24.800000
0.063400 0.236824 24.800000
0.045286 0.236894 24.800000
0.027171 0.236937 24.800000
0.009057 0.236957 24.800000
-0.009057 0.236957 24.800000
-0.027171 0.236937 24.800000
-0.045286 0.236894 24.800000
-0.063400 0.236824 24.800000
-0.081514 0.236715 24.800000
-0.099627 0.236542 24.800000
-0.117739 0.236226 24.800000
-0.135828 0.235260 24.800000
-0.145708 0.220078 24.800000
-0.155038 0.204551 24.800000
-0.164244 0.188951 24.800000
-0.173395 0.173318 24.800000
-0.182513 0.157666 24.800000
-0.191607 0.141999 24.800000
-0.200682 0.126322 24.800000
-0.209739 0.110635 24.800000
-0.218779 0.094937 24.800000
-0.227799 0.079228 24.800000
-0.236795 0.063506 24.800000
-0.245758 0.047764 24.800000
-0.254665 0.031991 24.800000
-0.263447 0.016148 24.800000
-0.271655 0.000000 24.800000
-0.263447 -0.016148 24.800000
-0.254665 -0.031991 24.800000
-0.245758 -0.047764 24.800000
-0.236795 -0.063506 24.800000
-0.227799 -0.079228 24.800000
-0.218779 -0.094937 24.800000
-0.209739 -0.110635 24.800000
-0.200682 -0.126322 24.800000
-0.191607 -0.141999 24.800000
-0.182513 -0.157666 24.800000
-0.173395 -0.173318 24.800000
-0.164244 -0.188951 24.800000
-0.155038 -0.204551 24.800000
-0.145708 -0.220078 24.800000
-0.135828 -0.235260 24.800000
-0.117739 -0.236226 24.800000
-0.099627 -0.236542 24.800000
-0.081514 -0.236715 24.800000
-0.063400 -0.236824 24.800000
-0.045286 -0.236894 24.800000
-0.027171 -0.236937 24.800000
-0.009057 -0.236957 24.800000
0.009057 -0.236957 24.800000
0.027171 -0.236937 24.800000
0.045286 -0.236894 24.800000
0.063400 -0.236824 24.800000
0.081514 -0.236715 24.800000
0.099627 -0.236542 24.800000
0.117739 -0.236226 24.800000
0.135828 -0.235260 24.800000
0.145708 -0.220078 24.800000
0.155038 -0.204551 24.800000
0.164244 -0.188951 24.800000
0.173395 -0.173318 24.800000
0.182513 -0.157666 24.800000
0.191607 -0.141999 24.800000
0.200682 -0.126322 24.800000
0.209739 -0.110635 24.800000
0.218779 -0.094937 24.800000
0.227799 -0.079228 24.800000
0.236795 -0.063506 24.800000
0.245758 -0.047764 24.800000
0.254665 -0.031991 24.800000
0.263447 -0.016148 24.800000
0.271655 0.000000 24.800000

