0.254724 0.000000 22.120000
0.247039 0.015148 22.120000
0.238810 0.030007 22.120000
0.230461 0.044799 22.120000
0.222060 0.059561 22.120000
0.213626 0.074304 22.120000
0.205169 0.089035 22.120000
0.196694 0.103755 22.120000
0.188201 0.118464 22.120000
0.179691 0.133164 22.120000
0.171163 0.147853 22.120000
0.162611 0.162529 22.120000
0.154027 0.177186 22.120000
0.145391 0.191812 22.120000
0.136638 0.206368 22.120000
0.127362 0.220597 22.120000
0.110401 0.221516 22.120000
0.093419 0.221819 22.120000
0.076434 0.221985 22.120000
0.059449 0.222090 22.120000
0.042464 0.222158 22.120000
0.025478 0.222199 22.120000
0.008493 0.222219 22.120000
-0.008493 0.222219 22.120000
-0.025478 0.222199 22.120000
-0.042464 0.222158 22.120000
-0.059449 0.222090 22.120000
-0.076434 0.221985 22.120000
-0.093419 0.221819 22.120000
-0.110401 0.221516 22.120000
-0.127362 0.220597 22.120000
-0.136638 0.206368 22.120000
-0.145391 0.191812 22.120000
-0.154027 0.177186 22.120000
-0.162611 0.162529 22.120000
-0.171163 0.147853 22.120000
-0.179691 0.133164 22.120000
-0.188201 0.118464 22.120000
-0.196694 0.103755 22.120000
-0.205169 0.089035 22.120000
-0.213626 0.074304 22.120000
-0.222060 0.059561 22.120000
-0.230461 0.044799 22.120000
-0.238810 0.030007 22.120000
-0.247039 0.015148 22.120000
-0.254724 0.000000 22.120000
-0.247039 -0.015148 22.120000
-0.238810 -0.030007 22.120000
-0.230461 -0.044799 22.120000
-0.222060 -0.059561 22.120000
-0.213626 -0.074304 22.120000
-0.205169 -0.089035 22.120000
-0.196694 -0.103755 22.120000
-0.188201 -0.118464 22.120000
-0.179691 -0.133164 22.120000
-0.171163 -0.147853 22.120000
-0.162611 -0.162529 22.120000
-0.154027 -0.177186 22.120000
-0.145391 -0.191812 22.120000
-0.136638 -0.206368 22.120000
-0.127362 -0.220597 22.120000
-0.110401 -0.221516 22.120000
-0.093419 -0.221819 22.120000
-0.076434 -0.221985 22.120000
-0.059449 -0.222090 22.120000
-0.042464 -0.222158 22.120000
-0.025478 -0.222199 22.120000
-0.008493 -0.222219 22.120000
0.008493 -0.222219 22.120000
0.025478 -0.222199 22.120000
0.042464 -0.222158 22.120000
0.059449 -0.222090 22.120000
0.076434 -0.221985 22.120000
0.093419 -0.221819 22.120000
0.110401 -0.221516 22.120000
0.127362 -0.220597 22.120000
0.136638 -0.206368 22.120000
0.145391 -0.191812 22.120000
0.154027 -0.177186 22.120000
0.162611 -0.162529 22.120000
0.171163 -0.147853 22.120000
0.179691 -0.133164 22.120000
0.188201 -0.118464 22.120000
0.196694 -0.103755 22.120000
0.205169 -0.089035 22.120000
0.213626 -0.074304 22.120000
0.222060 -0.059561 22.120000
0.230461 -0.044799 22.120000
0.238810 -0.030007 22.120000
0.247039 -0.015148 22.120000
0.254724 0.000000 22.120000

