0.268422 0.000000 24.280000
0.260313 0.015957 24.280000
0.251637 0.031612 24.280000
0.242837 0.047198 24.280000
0.233981 0.062753 24.280000
0.225093 0.078288 24.280000
0.216180 0.093810 24.280000
0.207248 0.109321 24.280000
0.198299 0.124822 24.280000
0.189332 0.140312 24.280000
0.180346 0.155792 24.280000
0.171336 0.171258 24.280000
0.162293 0.186704 24.280000
0.153196 0.202118 24.280000
0.143976 0.217460 24.280000
0.134211 0.232460 24.280000
0.116338 0.233416 24.280000
0.098442 0.233731 24.280000
0.080544 0.233902 24.280000
0.062645 0.234010 24.280000
0.044747 0.234080 24.280000
0.026848 0.234122 24.280000
0.008949 0.234142 24.280000
-0.008949 0.234142 24.280000
-0.026848 0.234122 24.280000
-0.044747 0.234080 24.280000
-0.062645 0.234010 24.280000
-0.080544 0.233902 24.280000
-0.098442 0.233731 24.280000
-0.116338 0.233416 24.280000
-0.134211 0.232460 24.280000
-0.143976 0.217460 24.280000
-0.153196 0.202118 24.280000
-0.162293 0.186704 24.280000
-0.171336 0.171258 24.280000
-0.180346 0.155792 24.280000
-0.189332 0.140312 24.280000
-0.198299 0.124822 24.280000
-0.207248 0.109321 24.280000
-0.216180 0.093810 24.280000
-0.225093 0.078288 24.280000
-0.233981 0.062753 24.280000
-0.242837 0.047198 24.280000
-0.251637 0.031612 24.280000
-0.260313 0.015957 24.280000
-0.268422 0.000000 24.280000
-0.260313 -0.015957 24.280000
-0.251637 -0.031612 24.280000
-0.242837 -0.047198 24.280000
-0.233981 -0.062753 24.280000
-0.225093 -0.078288 24.280000
-0.216180 -0.093810 24.280000
-0.207248 -0.109321 24.280000
-0.198299 -0.124822 24.280000
-0.189332 -0.140312 24.280000
-0.180346 -0.155792 24.280000
-0.171336 -0.171258 24.280000
-0.162293 -0.186704 24.280000
-0.153196 -0.202118 24.280000
-0.143976 -0.217460 24.280000
-0.134211 -0.232460 24.280000
-0.116338 -0.233416 24.280000
-0.098442 -0.233731 24.280000
-0.080544 -0.233902 24.280000
-0.062645 -0.234010 24.280000
-0.044747 -0.234080 24.280000
-0.026848 -0.234122 24.280000
-0.008949 -0.234142 24.280000
0.008949 -0.234142 24.280000
0.026848 -0.234122 24.280000
0.044747 -0.234080 24.280000
0.062645 -0.234010 24.280000
0.080544 -0.233902 24.280000
0.098442 -0.233731 24.280000
0.116338 -0.233416 24.280000
0.134211 -0.232460 24.280000
0.143976 -0.217460 24.280000
0.153196 -0.202118 24.280000
0.162293 -0.186704 24.280000
0.171336 -0.171258 24.280000
0.180346 -0.155792 24.280000
0.189332 -0.140312 24.280000
0.198299 -0.124822 24.280000
0.207248 -0.109321 24.280000
0.216180 -0.093810 24.280000
0.225093 -0.078288 24.280000
0.233981 -0.062753 24.280000
0.242837 -0.047198 24.280000
0.251637 -0.031612 24.280000
0.260313 -0.015957 24.280000
0.268422 0.000000 24.280000

