0.353946 0.000000 39.250000
0.343178 0.021001 39.250000
0.331703 0.041625 39.250000
0.320075 0.062162 39.250000
0.308379 0.082661 39.250000
0.296644 0.103138 39.250000
0.284882 0.123598 39.250000
0.273099 0.144048 39.250000
0.261298 0.164487 39.250000
0.249480 0.184915 39.250000
0.237642 0.205332 39.250000
0.225776 0.225734 39.250000
0.213871 0.246112 39.250000
0.201900 0.266451 39.250000
0.189776 0.286700 39.250000
0.176973 0.306527 39.250000
0.153402 0.307701 39.250000
0.129804 0.308076 39.250000
0.106204 0.308274 39.250000
0.082603 0.308395 39.250000
0.059002 0.308470 39.250000
0.035401 0.308514 39.250000
0.011800 0.308534 39.250000
-0.011800 0.308534 39.250000
-0.035401 0.308514 39.250000
-0.059002 0.308470 39.250000
-0.082603 0.308395 39.250000
-0.106204 0.308274 39.250000
-0.129804 0.308076 39.250000
-0.153402 0.307701 39.250000
-0.176973 0.306527 39.250000
-0.189776 0.286700 39.250000
-0.201900 0.266451 39.250000
-0.213871 0.246112 39.250000
-0.225776 0.225734 39.250000
-0.237642 0.205332 39.250000
-0.249480 0.184915 39.250000
-0.261298 0.164487 39.250000
-0.273099 0.144048 39.250000
-0.284882 0.123598 39.250000
-0.296644 0.103138 39.250000
-0.308379 0.082661 39.250000
-0.320075 0.062162 39.250000
-0.331703 0.041625 39.250000
-0.343178 0.021001 39.250000
-0.353946 0.000000 39.250000
-0.343178 -0.021001 39.250000
-0.331703 -0.041625 39.250000
-0.320075 -0.062162 39.250000
-0.308379 -0.082661 39.250000
-0.296644 -0.103138 39.250000
-0.284882 -0.123598 39.250000
-0.273099 -0.144048 39.250000
-0.261298 -0.164487 39.250000
-0.249480 -0.184915 39.250000
-0.237642 -0.205332 39.250000
-0.225776 -0.225734 39.250000
-0.213871 -0.246112 39.250000
-0.201900 -0.266451 39.250000
-0.189776 -0.286700 39.250000
-0.176973 -0.306527 39.250000
-0.153402 -0.307701 39.250000
-0.129804 -0.308076 39.250000
-0.106204 -0.308274 39.250000
-0.082603 -0.308395 39.250000
-0.059002 -0.308470 39.250000
-0.035401 -0.308514 39.250000
-0.011800 -0.308534 39.250000
0.011800 -0.308534 39.250000
0.035401 -0.308514 39.250000
0.059002 -0.308470 39.250000
0.082603 -0.308395 39.250000
0.106204 -0.308274 39.250000
0.129804 -0.308076 39.250000
0.153402 -0.307701 39.250000
0.176973 -0.306527 39.250000
0.189776 -0.286700 39.250000
0.201900 -0.266451 39.250000
0.213871 -0.246112 39.250000
0.225776 -0.225734 39.250000
0.237642 -0.205332 39.250000
0.249480 -0.184915 39.250000
0.261298 -0.164487 39.250000
0.273099 -0.144048 39.250000
0.284882 -0.123598 39.250000
0.296644 -0.103138 39.250000
0.308379 -0.082661 39.250000
0.320075 -0.062162 39.250000
0.331703 -0.041625 39.250000
0.343178 -0.021001 39.250000
0.353946 0.000000 39.250000

