0.379904 0.000000 44.260000
0.368323 0.022529 44.260000
0.355996 0.044659 44.260000
0.343508 0.066698 44.260000
0.330948 0.088697 44.260000
0.318347 0.110672 44.260000
0.305719 0.132631 44.260000
0.293070 0.154579 44.260000
0.280404 0.176517 44.260000
0.267721 0.198445 44.260000
0.255018 0.220361 44.260000
0.242288 0.242261 44.260000
0.229516 0.264137 44.260000
0.216674 0.285972 44.260000
0.203673 0.307713 44.260000
0.189952 0.329007 44.260000
0.164651 0.330242 44.260000
0.139322 0.330631 44.260000
0.113991 0.330835 44.260000
0.088660 0.330958 44.260000
0.063329 0.331033 44.260000
0.037997 0.331076 44.260000
0.012666 0.331096 44.260000
-0.012666 0.331096 44.260000
-0.037997 0.331076 44.260000
-0.063329 0.331033 44.260000
-0.088660 0.330958 44.260000
-0.113991 0.330835 44.260000
-0.139322 0.330631 44.260000
-0.164651 0.330242 44.260000
-0.189952 0.329007 44.260000
-0.203673 0.307713 44.260000
-0.216674 0.285972 44.260000
-0.229516 0.264137 44.260000
-0.242288 0.242261 44.260000
-0.255018 0.220361 44.260000
-0.267721 0.198445 44.260000
-0.280404 0.176517 44.260000
-0.293070 0.154579 44.260000
-0.305719 0.132631 44.260000
-0.318347 0.110672 44.260000
-0.330948 0.088697 44.260000
-0.343508 0.066698 44.260000
-0.355996 0.044659 44.260000
-0.368323 0.022529 44.260000
-0.379904 0.000000 44.260000
-0.368323 -0.022529 44.260000
-0.355996 -0.044659 44.260000
-0.343508 -0.066698 44.260000
-0.330948 -0.088697 44.260000
-0.318347 -0.110672 44.260000
-0.305719 -0.132631 44.260000
-0.293070 -0.154579 44.260000
-0.280404 -0.176517 44.260000
-0.267721 -0.198445 44.260000
-0.255018 -0.220361 44.260000
-0.242288 -0.242261 44.260000
-0.229516 -0.264137 44.260000
-0.216674 -0.285972 44.260000
-0.203673 -0.307713 44.260000
-0.189952 -0.329007 44.260000
-0.164651 -0.330242 44.260000
-0.139322 -0.330631 44.260000
-0.113991 -0.330835 44.260000
-0.088660 -0.330958 44.260000
-0.063329 -0.331033 44.260000
-0.037997 -0.331076 44.260000
-0.012666 -0.331096 44.260000
0.012666 -0.331096 44.260000
0.037997 -0.331076 44.260000
0.063329 -0.331033 44.260000
0.088660 -0.330958 44.260000
0.113991 -0.330835 44.260000
0.139322 -0.330631 44.260000
0.164651 -0.330242 44.260000
0.189952 -0.329007 44.260000
0.203673 -0.307713 44.260000
0.216674 -0.285972 44.260000
0.229516 -0.264137 44.260000
0.242288 -0.242261 44.260000
0.255018 -0.220361 44.260000
0.267721 -0.198445 44.260000
0.280404 -0.176517 44.260000
0.293070 -0.154579 44.260000
0.305719 -0.132631 44.260000
0.318347 -0.110672 44.260000
0.330948 -0.088697 44.260000
0.343508 -0.066698 44.260000
0.355996 -0.044659 44.260000
0.368323 -0.022529 44.260000
0.379904 0.000000 44.260000

