0.250317 0.000000 21.440000
0.242768 0.014887 21.440000
0.234683 0.029490 21.440000
0.226479 0.044026 21.440000
0.218224 0.058534 21.440000
0.209936 0.073022 21.440000
0.201626 0.087498 21.440000
0.193297 0.101963 21.440000
0.184952 0.116419 21.440000
0.176589 0.130864 21.440000
0.168208 0.145299 21.440000
0.159803 0.159721 21.440000
0.151368 0.174124 21.440000
0.142880 0.188496 21.440000
0.134276 0.202799 21.440000
0.125158 0.216780 21.440000
0.108491 0.217687 21.440000
0.091802 0.217986 21.440000
0.075112 0.218150 21.440000
0.058420 0.218254 21.440000
0.041729 0.218322 21.440000
0.025037 0.218363 21.440000
0.008346 0.218382 21.440000
-0.008346 0.218382 21.440000
-0.025037 0.218363 21.440000
-0.041729 0.218322 21.440000
-0.058420 0.218254 21.440000
-0.075112 0.218150 21.440000
-0.091802 0.217986 21.440000
-0.108491 0.217687 21.440000
-0.125158 0.216780 21.440000
-0.134276 0.202799 21.440000
-0.142880 0.188496 21.440000
-0.151368 0.174124 21.440000
-0.159803 0.159721 21.440000
-0.168208 0.145299 21.440000
-0.176589 0.130864 21.440000
-0.184952 0.116419 21.440000
-0.193297 0.101963 21.440000
-0.201626 0.087498 21.440000
-0.209936 0.073022 21.440000
-0.218224 0.058534 21.440000
-0.226479 0.044026 21.440000
-0.234683 0.029490 21.440000
-0.242768 0.014887 21.440000
-0.250317 0.000000 21.440000
-0.242768 -0.014887 21.440000
-0.234683 -0.029490 21.440000
-0.226479 -0.044026 21.440000
-0.218224 -0.058534 21.440000
-0.209936 -0.073022 21.440000
-0.201626 -0.087498 21.440000
-0.193297 -0.101963 21.440000
-0.184952 -0.116419 21.440000
-0.176589 -0.130864 21.440000
-0.168208 -0.145299 21.440000
-0.159803 -0.159721 21.440000
-0.151368 -0.174124 21.440000
-0.142880 -0.188496 21.440000
-0.134276 -0.202799 21.440000
-0.125158 -0.216780 21.440000
-0.108491 -0.217687 21.440000
-0.091802 -0.217986 21.440000
-0.075112 -0.218150 21.440000
-0.058420 -0.218254 21.440000
-0.041729 -0.218322 21.440000
-0.025037 -0.218363 21.440000
-0.008346 -0.218382 21.440000
0.008346 -0.218382 21.440000
0.025037 -0.218363 21.440000
0.041729 -0.218322 21.440000
0.058420 -0.218254 21.440000
0.075112 -0.218150 21.440000
0.091802 -0.217986 21.440000
0.108491 -0.217687 21.440000
0.125158 -0.216780 21.440000
0.134276 -0.202799 21.440000
0.142880 -0.188496 21.440000
0.151368 -0.174124 21.440000
0.159803 -0.159721 21.440000
0.168208 -0.145299 21.440000
0.176589 -0.130864 21.440000
0.184952 -0.116419 21.440000
0.193297 -0.101963 21.440000
0.201626 -0.087498 21.440000
0.209936 -0.073022 21.440000
0.218224 -0.058534 21.440000
0.226479 -0.044026 21.440000
0.234683 -0.029490 21.440000
0.242768 -0.014887 21.440000
0.250317 0.000000 21.440000

