0.314896 0.000000 32.110000
0.305346 0.018700 32.110000
0.295151 0.037056 32.110000
0.284815 0.055333 32.110000
0.274417 0.073575 32.110000
0.263983 0.091796 32.110000
0.253522 0.110003 32.110000
0.243041 0.128197 32.110000
0.232543 0.146381 32.110000
0.222026 0.164555 32.110000
0.211489 0.182717 32.110000
0.200927 0.200865 32.110000
0.190327 0.218990 32.110000
0.179667 0.237080 32.110000
0.168867 0.255088 32.110000
0.157448 0.272708 32.110000
0.136479 0.273787 32.110000
0.115484 0.274136 32.110000
0.094488 0.274324 32.110000
0.073491 0.274440 32.110000
0.052493 0.274514 32.110000
0.031496 0.274558 32.110000
0.010499 0.274579 32.110000
-0.010499 0.274579 32.110000
-0.031496 0.274558 32.110000
-0.052493 0.274514 32.110000
-0.073491 0.274440 32.110000
-0.094488 0.274324 32.110000
-0.115484 0.274136 32.110000
-0.136479 0.273787 32.110000
-0.157448 0.272708 32.110000
-0.168867 0.255088 32.110000
-0.179667 0.237080 32.110000
-0.190327 0.218990 32.110000
-0.200927 0.200865 32.110000
-0.211489 0.182717 32.110000
-0.222026 0.164555 32.110000
-0.232543 0.146381 32.110000
-0.243041 0.128197 32.110000
-0.253522 0.110003 32.110000
-0.263983 0.091796 32.110000
-0.274417 0.073575 32.110000
-0.284815 0.055333 32.110000
-0.295151 0.037056 32.110000
-0.305346 0.018700 32.110000
-0.314896 0.000000 32.110000
-0.305346 -0.018700 32.110000
-0.295151 -0.037056 32.110000
-0.284815 -0.055333 32.110000
-0.274417 -0.073575 32.110000
-0.263983 -0.091796 32.110000
-0.253522 -0.110003 32.110000
-0.243041 -0.128197 32.110000
-0.232543 -0.146381 32.110000
-0.222026 -0.164555 32.110000
-0.211489 -0.182717 32.110000
-0.200927 -0.200865 32.110000
-0.190327 -0.218990 32.110000
-0.179667 -0.237080 32.110000
-0.168867 -0.255088 32.110000
-0.157448 -0.272708 32.110000
-0.136479 -0.273787 32.110000
-0.115484 -0.274136 32.110000
-0.094488 -0.274324 32.110000
-0.073491 -0.274440 32.110000
-0.052493 -0.274514 32.110000
-0.031496 -0.274558 32.110000
-0.010499 -0.274579 32.110000
0.010499 -0.274579 32.110000
0.031496 -0.274558 32.110000
0.052493 -0.274514 32.110000
0.073491 -0.274440 32.110000
0.094488 -0.274324 32.110000
0.115484 -0.274136 32.110000
0.136479 -0.273787 32.110000
0.157448 -0.272708 32.110000
0.168867 -0.255088 32.110000
0.179667 -0.237080 32.110000
0.190327 -0.218990 32.110000
0.200927 -0.200865 32.110000
0.211489 -0.182717 32.110000
0.222026 -0.164555 32.110000
0.232543 -0.146381 32.110000
0.243041 -0.128197 32.110000
0.253522 -0.110003 32.110000
0.263983 -0.091796 32.110000
0.274417 -0.073575 32.110000
0.284815 -0.055333 32.110000
0.295151 -0.037056 32.110000
0.305346 -0.018700 32.110000
0.314896 0.000000 32.110000

