0.250772 0.000000 21.510000
0.243210 0.014914 21.510000
0.235109 0.029543 21.510000
0.226891 0.044106 21.510000
0.218621 0.058640 21.510000
0.210318 0.073155 21.510000
0.201993 0.087657 21.510000
0.193649 0.102149 21.510000
0.185288 0.116630 21.510000
0.176910 0.131102 21.510000
0.168513 0.145563 21.510000
0.160094 0.160011 21.510000
0.151643 0.174440 21.510000
0.143140 0.188839 21.510000
0.134521 0.203169 21.510000
0.125386 0.217175 21.510000
0.108689 0.218083 21.510000
0.091970 0.218382 21.510000
0.075248 0.218547 21.510000
0.058527 0.218651 21.510000
0.041805 0.218718 21.510000
0.025083 0.218760 21.510000
0.008361 0.218779 21.510000
-0.008361 0.218779 21.510000
-0.025083 0.218760 21.510000
-0.041805 0.218718 21.510000
-0.058527 0.218651 21.510000
-0.075248 0.218547 21.510000
-0.091970 0.218382 21.510000
-0.108689 0.218083 21.510000
-0.125386 0.217175 21.510000
-0.134521 0.203169 21.510000
-0.143140 0.188839 21.510000
-0.151643 0.174440 21.510000
-0.160094 0.160011 21.510000
-0.168513 0.145563 21.510000
-0.176910 0.131102 21.510000
-0.185288 0.116630 21.510000
-0.193649 0.102149 21.510000
-0.201993 0.087657 21.510000
-0.210318 0.073155 21.510000
-0.218621 0.058640 21.510000
-0.226891 0.044106 21.510000
-0.235109 0.029543 21.510000
-0.243210 0.014914 21.510000
-0.250772 0.000000 21.510000
-0.243210 -0.014914 21.510000
-0.235109 -0.029543 21.510000
-0.226891 -0.044106 21.510000
-0.218621 -0.058640 21.510000
-0.210318 -0.073155 21.510000
-0.201993 -0.087657 21.510000
-0.193649 -0.102149 21.510000
-0.185288 -0.116630 21.510000
-0.176910 -0.131102 21.510000
-0.168513 -0.145563 21.510000
-0.160094 -0.160011 21.510000
-0.151643 -0.174440 21.510000
-0.143140 -0.188839 21.510000
-0.134521 -0.203169 21.510000
-0.125386 -0.217175 21.510000
-0.108689 -0.218083 21.510000
-0.091970 -0.218382 21.510000
-0.075248 -0.218547 21.510000
-0.058527 -0.218651 21.510000
-0.041805 -0.218718 21.510000
-0.025083 -0.218760 21.510000
-0.008361 -0.218779 21.510000
0.008361 -0.218779 21.510000
0.025083 -0.218760 21.510000
0.041805 -0.218718 21.510000
0.058527 -0.218651 21.510000
0.075248 -0.218547 21.510000
0.091970 -0.218382 21.510000
0.108689 -0.218083 21.510000
0.125386 -0.217175 21.510000
0.134521 -0.203169 21.510000
0.143140 -0.188839 21.510000
0.151643 -0.174440 21.510000
0.160094 -0.160011 21.510000
0.168513 -0.145563 21.510000
0.176910 -0.131102 21.510000
0.185288 -0.116630 21.510000
0.193649 -0.102149 21.510000
0.201993 -0.087657 21.510000
0.210318 -0.073155 21.510000
0.218621 -0.058640 21.510000
0.226891 -0.044106 21.510000
0.235109 -0.029543 21.510000
0.243210 -0.014914 21.510000
0.250772 0.000000 21.510000

