0.125341 -0.000000 5.540000
0.121609 0.007479 5.540000
0.117581 0.014803 5.540000
0.113486 0.022089 5.540000
0.109361 0.029359 5.540000
0.105218 0.036619 5.540000
0.101060 0.043870 5.540000
0.096892 0.051115 5.540000
0.092713 0.058353 5.540000
0.088523 0.065586 5.540000
0.084321 0.072812 5.540000
0.080106 0.080030 5.540000
0.075873 0.087237 5.540000
0.071610 0.094426 5.540000
0.067281 0.101577 5.540000
0.062671 0.108549 5.540000
0.054327 0.109056 5.540000
0.045971 0.109229 5.540000
0.037613 0.109326 5.540000
0.029255 0.109389 5.540000
0.020896 0.109430 5.540000
0.012538 0.109456 5.540000
0.004179 0.109468 5.540000
-0.004179 0.109468 5.540000
-0.012538 0.109456 5.540000
-0.020896 0.109430 5.540000
-0.029255 0.109389 5.540000
-0.037613 0.109326 5.540000
-0.045971 0.109229 5.540000
-0.054327 0.109056 5.540000
-0.062671 0.108549 5.540000
-0.067281 0.101577 5.540000
-0.071610 0.094426 5.540000
-0.075873 0.087237 5.540000
-0.080106 0.080030 5.540000
-0.084321 0.072812 5.540000
-0.088523 0.065586 5.540000
-0.092713 0.058353 5.540000
-0.096892 0.051115 5.540000
-0.101060 0.043870 5.540000
-0.105218 0.036619 5.540000
-0.109361 0.029359 5.540000
-0.113486 0.022089 5.540000
-0.117581 0.014803 5.540000
-0.121609 0.007479 5.540000
-0.125341 -0.000000 5.540000
-0.121609 -0.007479 5.540000
-0.117581 -0.014803 5.540000
-0.113486 -0.022089 5.540000
-0.109361 -0.029359 5.540000
-0.105218 -0.036619 5.540000
-0.101060 -0.043870 5.540000
-0.096892 -0.051115 5.540000
-0.092713 -0.058353 5.540000
-0.088523 -0.065586 5.540000
-0.084321 -0.072812 5.540000
-0.080106 -0.080030 5.540000
-0.075873 -0.087237 5.540000
-0.071610 -0.094426 5.540000
-0.067281 -0.101577 5.540000
-0.062671 -0.108549 5.540000
-0.054327 -0.109056 5.540000
-0.045971 -0.109229 5.540000
-0.037613 -0.109326 5.540000
-0.029255 -0.109389 5.540000
-0.020896 -0.109430 5.540000
-0.012538 -0.109456 5.540000
-0.004179 -0.109468 5.540000
0.004179 -0.109468 5.540000
0.012538 -0.109456 5.540000
0.020896 -0.109430 5.540000
0.029255 -0.109389 5.540000
0.037613 -0.109326 5.540000
0.045971 -0.109229 5.540000
0.054327 -0.109056 5.540000
0.062671 -0.108549 5.540000
0.067281 -0.101577 5.540000
0.071610 -0.094426 5.540000
0.075873 -0.087237 5.540000
0.080106 -0.080030 5.540000
0.084321 -0.072812 5.540000
0.088523 -0.065586 5.540000
0.092713 -0.058353 5.540000
0.096892 -0.051115 5.540000
0.101060 -0.043870 5.540000
0.105218 -0.036619 5.540000
0.109361 -0.029359 5.540000
0.113486 -0.022089 5.540000
0.117581 -0.014803 5.540000
0.121609 -0.007479 5.540000
0.125341 -0.000000 5.540000

