0.305116 0.000000 30.400000
0.295870 0.018123 30.400000
0.285995 0.035911 30.400000
0.275982 0.053622 30.400000
0.265909 0.071299 30.400000
0.255800 0.088955 30.400000
0.245665 0.106596 30.400000
0.235511 0.124226 30.400000
0.225338 0.141845 30.400000
0.215148 0.159455 30.400000
0.204937 0.177052 30.400000
0.194701 0.194635 30.400000
0.184429 0.212197 30.400000
0.174097 0.229723 30.400000
0.163630 0.247169 30.400000
0.152558 0.264238 30.400000
0.132240 0.265292 30.400000
0.111898 0.265634 30.400000
0.091553 0.265819 30.400000
0.071208 0.265933 30.400000
0.050863 0.266007 30.400000
0.030518 0.266051 30.400000
0.010173 0.266071 30.400000
-0.010173 0.266071 30.400000
-0.030518 0.266051 30.400000
-0.050863 0.266007 30.400000
-0.071208 0.265933 30.400000
-0.091553 0.265819 30.400000
-0.111898 0.265634 30.400000
-0.132240 0.265292 30.400000
-0.152558 0.264238 30.400000
-0.163630 0.247169 30.400000
-0.174097 0.229723 30.400000
-0.184429 0.212197 30.400000
-0.194701 0.194635 30.400000
-0.204937 0.177052 30.400000
-0.215148 0.159455 30.400000
-0.225338 0.141845 30.400000
-0.235511 0.124226 30.400000
-0.245665 0.106596 30.400000
-0.255800 0.088955 30.400000
-0.265909 0.071299 30.400000
-0.275982 0.053622 30.400000
-0.285995 0.035911 30.400000
-0.295870 0.018123 30.400000
-0.305116 0.000000 30.400000
-0.295870 -0.018123 30.400000
-0.285995 -0.035911 30.400000
-0.275982 -0.053622 30.400000
-0.265909 -0.071299 30.400000
-0.255800 -0.088955 30.400000
-0.245665 -0.106596 30.400000
-0.235511 -0.124226 30.400000
-0.225338 -0.141845 30.400000
-0.215148 -0.159455 30.400000
-0.204937 -0.177052 30.400000
-0.194701 -0.194635 30.400000
-0.184429 -0.212197 30.400000
-0.174097 -0.229723 30.400000
-0.163630 -0.247169 30.400000
-0.152558 -0.264238 30.400000
-0.132240 -0.265292 30.400000
-0.111898 -0.265634 30.400000
-0.091553 -0.265819 30.400000
-0.071208 -0.265933 30.400000
-0.050863 -0.266007 30.400000
-0.030518 -0.266051 30.400000
-0.010173 -0.266071 30.400000
0.010173 -0.266071 30.400000
0.030518 -0.266051 30.400000
0.050863 -0.266007 30.400000
0.071208 -0.265933 30.400000
0.091553 -0.265819 30.400000
0.111898 -0.265634 30.400000
0.132240 -0.265292 30.400000
0.152558 -0.264238 30.400000
0.163630 -0.247169 30.400000
0.174097 -0.229723 30.400000
0.184429 -0.212197 30.400000
0.194701 -0.194635 30.400000
0.204937 -0.177052 30.400000
0.215148 -0.159455 30.400000
0.225338 -0.141845 30.400000
0.235511 -0.124226 30.400000
0.245665 -0.106596 30.400000
0.255800 -0.088955 30.400000
0.265909 -0.071299 30.400000
0.275982 -0.053622 30.400000
0.285995 -0.035911 30.400000
0.295870 -0.018123 30.400000
0.305116 0.000000 30.400000

