0.138348 -0.000000 6.860000
0.134223 0.008252 6.860000
0.129774 0.016335 6.860000
0.125253 0.024376 6.860000
0.120699 0.032400 6.860000
0.116125 0.040412 6.860000
0.111536 0.048416 6.860000
0.106935 0.056412 6.860000
0.102322 0.064402 6.860000
0.097698 0.072385 6.860000
0.093061 0.080361 6.860000
0.088409 0.088328 6.860000
0.083737 0.096284 6.860000
0.079033 0.104221 6.860000
0.074258 0.112114 6.860000
0.069174 0.119813 6.860000
0.059965 0.120367 6.860000
0.050741 0.120555 6.860000
0.041516 0.120661 6.860000
0.032290 0.120729 6.860000
0.023065 0.120773 6.860000
0.013839 0.120801 6.860000
0.004613 0.120814 6.860000
-0.004613 0.120814 6.860000
-0.013839 0.120801 6.860000
-0.023065 0.120773 6.860000
-0.032290 0.120729 6.860000
-0.041516 0.120661 6.860000
-0.050741 0.120555 6.860000
-0.059965 0.120367 6.860000
-0.069174 0.119813 6.860000
-0.074258 0.112114 6.860000
-0.079033 0.104221 6.860000
-0.083737 0.096284 6.860000
-0.088409 0.088328 6.860000
-0.093061 0.080361 6.860000
-0.097698 0.072385 6.860000
-0.102322 0.064402 6.860000
-0.106935 0.056412 6.860000
-0.111536 0.048416 6.860000
-0.116125 0.040412 6.860000
-0.120699 0.032400 6.860000
-0.125253 0.024376 6.860000
-0.129774 0.016335 6.860000
-0.134223 0.008252 6.860000
-0.138348 -0.000000 6.860000
-0.134223 -0.008252 6.860000
-0.129774 -0.016335 6.860000
-0.125253 -0.024376 6.860000
-0.120699 -0.032400 6.860000
-0.116125 -0.040412 6.860000
-0.111536 -0.048416 6.860000
-0.106935 -0.056412 6.860000
-0.102322 -0.064402 6.860000
-0.097698 -0.072385 6.860000
-0.093061 -0.080361 6.860000
-0.088409 -0.088328 6.860000
-0.083737 -0.096284 6.860000
-0.079033 -0.104221 6.860000
-0.074258 -0.112114 6.860000
-0.069174 -0.119813 6.860000
-0.059965 -0.120367 6.860000
-0.050741 -0.120555 6.860000
-0.041516 -0.120661 6.860000
-0.032290 -0.120729 6.860000
-0.023065 -0.120773 6.860000
-0.013839 -0.120801 6.860000
-0.004613 -0.120814 6.860000
0.004613 -0.120814 6.860000
0.013839 -0.120801 6.860000
0.023065 -0.120773 6.860000
0.032290 -0.120729 6.860000
0.041516 -0.120661 6.860000
0.050741 -0.120555 6.860000
0.059965 -0.120367 6.860000
0.069174 -0.119813 6.860000
0.074258 -0.112114 6.860000
0.079033 -0.104221 6.860000
0.083737 -0.096284 6.860000
0.088409 -0.088328 6.860000
0.093061 -0.080361 6.860000
0.097698 -0.072385 6.860000
0.102322 -0.064402 6.860000
0.106935 -0.056412 6.860000
0.111536 -0.048416 6.860000
0.116125 -0.040412 6.860000
0.120699 -0.032400 6.860000
0.125253 -0.024376 6.860000
0.129774 -0.016335 6.860000
0.134223 -0.008252 6.860000
0.138348 -0.000000 6.860000

