0.389535 0.000000 46.170000
0.377652 0.023096 46.170000
0.365009 0.045785 46.170000
0.352201 0.068381 46.170000
0.339320 0.090936 46.170000
0.326398 0.113467 46.170000
0.313448 0.135982 46.170000
0.300478 0.158485 46.170000
0.287492 0.180979 46.170000
0.274488 0.203463 46.170000
0.261464 0.225936 46.170000
0.248413 0.248392 46.170000
0.235320 0.270824 46.170000
0.222155 0.293215 46.170000
0.208828 0.315508 46.170000
0.194768 0.337348 46.170000
0.168824 0.338604 46.170000
0.142854 0.338999 46.170000
0.116881 0.339205 46.170000
0.090908 0.339328 46.170000
0.064934 0.339402 46.170000
0.038960 0.339445 46.170000
0.012987 0.339465 46.170000
-0.012987 0.339465 46.170000
-0.038960 0.339445 46.170000
-0.064934 0.339402 46.170000
-0.090908 0.339328 46.170000
-0.116881 0.339205 46.170000
-0.142854 0.338999 46.170000
-0.168824 0.338604 46.170000
-0.194768 0.337348 46.170000
-0.208828 0.315508 46.170000
-0.222155 0.293215 46.170000
-0.235320 0.270824 46.170000
-0.248413 0.248392 46.170000
-0.261464 0.225936 46.170000
-0.274488 0.203463 46.170000
-0.287492 0.180979 46.170000
-0.300478 0.158485 46.170000
-0.313448 0.135982 46.170000
-0.326398 0.113467 46.170000
-0.339320 0.090936 46.170000
-0.352201 0.068381 46.170000
-0.365009 0.045785 46.170000
-0.377652 0.023096 46.170000
-0.389535 0.000000 46.170000
-0.377652 -0.023096 46.170000
-0.365009 -0.045785 46.170000
-0.352201 -0.068381 46.170000
-0.339320 -0.090936 46.170000
-0.326398 -0.113467 46.170000
-0.313448 -0.135982 46.170000
-0.300478 -0.158485 46.170000
-0.287492 -0.180979 46.170000
-0.274488 -0.203463 46.170000
-0.261464 -0.225936 46.170000
-0.248413 -0.248392 46.170000
-0.235320 -0.270824 46.170000
-0.222155 -0.293215 46.170000
-0.208828 -0.315508 46.170000
-0.194768 -0.337348 46.170000
-0.168824 -0.338604 46.170000
-0.142854 -0.338999 46.170000
-0.116881 -0.339205 46.170000
-0.090908 -0.339328 46.170000
-0.064934 -0.339402 46.170000
-0.038960 -0.339445 46.170000
-0.012987 -0.339465 46.170000
0.012987 -0.339465 46.170000
0.038960 -0.339445 46.170000
0.064934 -0.339402 46.170000
0.090908 -0.339328 46.170000
0.116881 -0.339205 46.170000
0.142854 -0.338999 46.170000
0.168824 -0.338604 46.170000
0.194768 -0.337348 46.170000
0.208828 -0.315508 46.170000
0.222155 -0.293215 46.170000
0.235320 -0.270824 46.170000
0.248413 -0.248392 46.170000
0.261464 -0.225936 46.170000
0.274488 -0.203463 46.170000
0.287492 -0.180979 46.170000
0.300478 -0.158485 46.170000
0.313448 -0.135982 46.170000
0.326398 -0.113467 46.170000
0.339320 -0.090936 46.170000
0.352201 -0.068381 46.170000
0.365009 -0.045785 46.170000
0.377652 -0.023096 46.170000
0.389535 0.000000 46.170000

