0.330203 0.000000 34.850000
0.320175 0.019602 34.850000
0.309479 0.038847 34.850000
0.298637 0.058010 34.850000
0.287730 0.077137 34.850000
0.276786 0.096243 34.850000
0.265816 0.115333 34.850000
0.254825 0.134411 34.850000
0.243816 0.153479 34.850000
0.232789 0.172537 34.850000
0.221742 0.191583 34.850000
0.210668 0.210613 34.850000
0.199557 0.229622 34.850000
0.188382 0.248593 34.850000
0.177064 0.267479 34.850000
0.165101 0.285964 34.850000
0.143112 0.287081 34.850000
0.121097 0.287440 34.850000
0.099080 0.287632 34.850000
0.077062 0.287751 34.850000
0.055045 0.287825 34.850000
0.033027 0.287869 34.850000
0.011009 0.287890 34.850000
-0.011009 0.287890 34.850000
-0.033027 0.287869 34.850000
-0.055045 0.287825 34.850000
-0.077062 0.287751 34.850000
-0.099080 0.287632 34.850000
-0.121097 0.287440 34.850000
-0.143112 0.287081 34.850000
-0.165101 0.285964 34.850000
-0.177064 0.267479 34.850000
-0.188382 0.248593 34.850000
-0.199557 0.229622 34.850000
-0.210668 0.210613 34.850000
-0.221742 0.191583 34.850000
-0.232789 0.172537 34.850000
-0.243816 0.153479 34.850000
-0.254825 0.134411 34.850000
-0.265816 0.115333 34.850000
-0.276786 0.096243 34.850000
-0.287730 0.077137 34.850000
-0.298637 0.058010 34.850000
-0.309479 0.038847 34.850000
-0.320175 0.019602 34.850000
-0.330203 0.000000 34.850000
-0.320175 -0.019602 34.850000
-0.309479 -0.038847 34.850000
-0.298637 -0.058010 34.850000
-0.287730 -0.077137 34.850000
-0.276786 -0.096243 34.850000
-0.265816 -0.115333 34.850000
-0.254825 -0.134411 34.850000
-0.243816 -0.153479 34.850000
-0.232789 -0.172537 34.850000
-0.221742 -0.191583 34.850000
-0.210668 -0.210613 34.850000
-0.199557 -0.229622 34.850000
-0.188382 -0.248593 34.850000
-0.177064 -0.267479 34.850000
-0.165101 -0.285964 34.850000
-0.143112 -0.287081 34.850000
-0.121097 -0.287440 34.850000
-0.099080 -0.287632 34.850000
-0.077062 -0.287751 34.850000
-0.055045 -0.287825 34.850000
-0.033027 -0.287869 34.850000
-0.011009 -0.287890 34.850000
0.011009 -0.287890 34.850000
0.033027 -0.287869 34.850000
0.055045 -0.287825 34.850000
0.077062 -0.287751 34.850000
0.099080 -0.287632 34.850000
0.121097 -0.287440 34.850000
0.143112 -0.287081 34.850000
0.165101 -0.285964 34.850000
0.177064 -0.267479 34.850000
0.188382 -0.248593 34.850000
0.199557 -0.229622 34.850000
0.210668 -0.210613 34.850000
0.221742 -0.191583 34.850000
0.232789 -0.172537 34.850000
0.243816 -0.153479 34.850000
0.254825 -0.134411 34.850000
0.265816 -0.115333 34.850000
0.276786 -0.096243 34.850000
0.287730 -0.077137 34.850000
0.298637 -0.058010 34.850000
0.309479 -0.038847 34.850000
0.320175 -0.019602 34.850000
0.330203 0.000000 34.850000

