0.050000 -0.000000 0.000000
0.049878 0.003488 0.000000
0.049513 0.006959 0.000000
0.048907 0.010396 0.000000
0.048063 0.013782 0.000000
0.046985 0.017101 0.000000
0.045677 0.020337 0.000000
0.044147 0.023474 0.000000
0.042402 0.026496 0.000000
0.040451 0.029389 0.000000
0.038302 0.032139 0.000000
0.035967 0.034733 0.000000
0.033457 0.037157 0.000000
0.030783 0.039401 0.000000
0.027960 0.041452 0.000000
0.025000 0.043301 0.000000
0.021919 0.044940 0.000000
0.018730 0.046359 0.000000
0.015451 0.047553 0.000000
0.012096 0.048515 0.000000
0.008682 0.049240 0.000000
0.005226 0.049726 0.000000
0.001745 0.049970 0.000000
-0.001745 0.049970 0.000000
-0.005226 0.049726 0.000000
-0.008682 0.049240 0.000000
-0.012096 0.048515 0.000000
-0.015451 0.047553 0.000000
-0.018730 0.046359 0.000000
-0.021919 0.044940 0.000000
-0.025000 0.043301 0.000000
-0.027960 0.041452 0.000000
-0.030783 0.039401 0.000000
-0.033457 0.037157 0.000000
-0.035967 0.034733 0.000000
-0.038302 0.032139 0.000000
-0.040451 0.029389 0.000000
-0.042402 0.026496 0.000000
-0.044147 0.023474 0.000000
-0.045677 0.020337 0.000000
-0.046985 0.017101 0.000000
-0.048063 0.013782 0.000000
-0.048907 0.010396 0.000000
-0.049513 0.006959 0.000000
-0.049878 0.003488 0.000000
-0.050000 0.000000 0.000000
-0.049878 -0.003488 0.000000
-0.049513 -0.006959 0.000000
-0.048907 -0.010396 0.000000
-0.048063 -0.013782 0.000000
-0.046985 -0.017101 0.000000
-0.045677 -0.020337 0.000000
-0.044147 -0.023474 0.000000
-0.042402 -0.026496 0.000000
-0.040451 -0.029389 0.000000
-0.038302 -0.032139 0.000000
-0.035967 -0.034733 0.000000
-0.033457 -0.037157 0.000000
-0.030783 -0.039401 0.000000
-0.027960 -0.041452 0.000000
-0.025000 -0.043301 0.000000
-0.021919 -0.044940 0.000000
-0.018730 -0.046359 0.000000
-0.015451 -0.047553 0.000000
-0.012096 -0.048515 0.000000
-0.008682 -0.049240 0.000000
-0.005226 -0.049726 0.000000
-0.001745 -0.049970 0.000000
0.001745 -0.049970 0.000000
0.005226 -0.049726 0.000000
0.008682 -0.049240 0.000000
0.012096 -0.048515 0.000000
0.015451 -0.047553 0.000000
0.018730 -0.046359 0.000000
0.021919 -0.044940 0.000000
0.025000 -0.043301 0.000000
0.027960 -0.041452 0.000000
0.030783 -0.039401 0.000000
0.033457 -0.037157 0.000000
0.035967 -0.034733 0.000000
0.038302 -0.032139 0.000000
0.040451 -0.029389 0.000000
0.042402 -0.026496 0.000000
0.044147 -0.023474 0.000000
0.045677 -0.020337 0.000000
0.046985 -0.017101 0.000000
0.048063 -0.013782 0.000000
0.048907 -0.010396 0.000000
0.049513 -0.006959 0.000000
0.049878 -0.003488 0.000000
0.050000 -0.000000 0.000000

