0.314500 0.000000 32.040000
0.304962 0.018676 32.040000
0.294779 0.037009 32.040000
0.284457 0.055264 32.040000
0.274072 0.073483 32.040000
0.263651 0.091681 32.040000
0.253203 0.109864 32.040000
0.242736 0.128036 32.040000
0.232250 0.146197 32.040000
0.221747 0.164348 32.040000
0.211223 0.182488 32.040000
0.200674 0.200612 32.040000
0.190088 0.218715 32.040000
0.179441 0.236782 32.040000
0.168655 0.254766 32.040000
0.157250 0.272365 32.040000
0.136307 0.273443 32.040000
0.115339 0.273791 32.040000
0.094369 0.273979 32.040000
0.073398 0.274095 32.040000
0.052427 0.274169 32.040000
0.031456 0.274213 32.040000
0.010485 0.274233 32.040000
-0.010485 0.274233 32.040000
-0.031456 0.274213 32.040000
-0.052427 0.274169 32.040000
-0.073398 0.274095 32.040000
-0.094369 0.273979 32.040000
-0.115339 0.273791 32.040000
-0.136307 0.273443 32.040000
-0.157250 0.272365 32.040000
-0.168655 0.254766 32.040000
-0.179441 0.236782 32.040000
-0.190088 0.218715 32.040000
-0.200674 0.200612 32.040000
-0.211223 0.182488 32.040000
-0.221747 0.164348 32.040000
-0.232250 0.146197 32.040000
-0.242736 0.128036 32.040000
-0.253203 0.109864 32.040000
-0.263651 0.091681 32.040000
-0.274072 0.073483 32.040000
-0.284457 0.055264 32.040000
-0.294779 0.037009 32.040000
-0.304962 0.018676 32.040000
-0.314500 0.000000 32.040000
-0.304962 -0.018676 32.040000
-0.294779 -0.037009 32.040000
-0.284457 -0.055264 32.040000
-0.274072 -0.073483 32.040000
-0.263651 -0.091681 32.040000
-0.253203 -0.109864 32.040000
-0.242736 -0.128036 32.040000
-0.232250 -0.146197 32.040000
-0.221747 -0.164348 32.040000
-0.211223 -0.182488 32.040000
-0.200674 -0.200612 32.040000
-0.190088 -0.218715 32.040000
-0.179441 -0.236782 32.040000
-0.168655 -0.254766 32.040000
-0.157250 -0.272365 32.040000
-0.136307 -0.273443 32.040000
-0.115339 -0.273791 32.040000
-0.094369 -0.273979 32.040000
-0.073398 -0.274095 32.040000
-0.052427 -0.274169 32.040000
-0.031456 -0.274213 32.040000
-0.010485 -0.274233 32.040000
0.010485 -0.274233 32.040000
0.031456 -0.274213 32.040000
0.052427 -0.274169 32.040000
0.073398 -0.274095 32.040000
0.094369 -0.273979 32.040000
0.115339 -0.273791 32.040000
0.136307 -0.273443 32.040000
0.157250 -0.272365 32.040000
0.168655 -0.254766 32.040000
0.179441 -0.236782 32.040000
0.190088 -0.218715 32.040000
0.200674 -0.200612 32.040000
0.211223 -0.182488 32.040000
0.221747 -0.164348 32.040000
0.232250 -0.146197 32.040000
0.242736 -0.128036 32.040000
0.253203 -0.109864 32.040000
0.263651 -0.091681 32.040000
0.274072 -0.073483 32.040000
0.284457 -0.055264 32.040000
0.294779 -0.037009 32.040000
0.304962 -0.018676 32.040000
0.314500 0.000000 32.040000

