0.331138 0.000000 35.020000
0.321082 0.019657 35.020000
0.310355 0.038957 35.020000
0.299482 0.058174 35.020000
0.288544 0.077355 35.020000
0.277569 0.096514 35.020000
0.266567 0.115659 35.020000
0.255545 0.134791 35.020000
0.244505 0.153913 35.020000
0.233447 0.173025 35.020000
0.222368 0.192125 35.020000
0.211264 0.211209 35.020000
0.200121 0.230272 35.020000
0.188915 0.249297 35.020000
0.177565 0.268237 35.020000
0.165569 0.286774 35.020000
0.143517 0.287894 35.020000
0.121440 0.288254 35.020000
0.099361 0.288446 35.020000
0.077281 0.288564 35.020000
0.055201 0.288639 35.020000
0.033120 0.288683 35.020000
0.011040 0.288704 35.020000
-0.011040 0.288704 35.020000
-0.033120 0.288683 35.020000
-0.055201 0.288639 35.020000
-0.077281 0.288564 35.020000
-0.099361 0.288446 35.020000
-0.121440 0.288254 35.020000
-0.143517 0.287894 35.020000
-0.165569 0.286774 35.020000
-0.177565 0.268237 35.020000
-0.188915 0.249297 35.020000
-0.200121 0.230272 35.020000
-0.211264 0.211209 35.020000
-0.222368 0.192125 35.020000
-0.233447 0.173025 35.020000
-0.244505 0.153913 35.020000
-0.255545 0.134791 35.020000
-0.266567 0.115659 35.020000
-0.277569 0.096514 35.020000
-0.288544 0.077355 35.020000
-0.299482 0.058174 35.020000
-0.310355 0.038957 35.020000
-0.321082 0.019657 35.020000
-0.331138 0.000000 35.020000
-0.321082 -0.019657 35.020000
-0.310355 -0.038957 35.020000
-0.299482 -0.058174 35.020000
-0.288544 -0.077355 35.020000
-0.277569 -0.096514 35.020000
-0.266567 -0.115659 35.020000
-0.255545 -0.134791 35.020000
-0.244505 -0.153913 35.020000
-0.233447 -0.173025 35.020000
-0.222368 -0.192125 35.020000
-0.211264 -0.211209 35.020000
-0.200121 -0.230272 35.020000
-0.188915 -0.249297 35.020000
-0.177565 -0.268237 35.020000
-0.165569 -0.286774 35.020000
-0.143517 -0.287894 35.020000
-0.121440 -0.288254 35.020000
-0.099361 -0.288446 35.020000
-0.077281 -0.288564 35.020000
-0.055201 -0.288639 35.020000
-0.033120 -0.288683 35.020000
-0.011040 -0.288704 35.020000
0.011040 -0.288704 35.020000
0.033120 -0.288683 35.020000
0.055201 -0.288639 35.020000
0.077281 -0.288564 35.020000
0.099361 -0.288446 35.020000
0.121440 -0.288254 35.020000
0.143517 -0.287894 35.020000
0.165569 -0.286774 35.020000
0.177565 -0.268237 35.020000
0.188915 -0.249297 35.020000
0.200121 -0.230272 35.020000
0.211264 -0.211209 35.020000
0.222368 -0.192125 35.020000
0.233447 -0.173025 35.020000
0.244505 -0.153913 35.020000
0.255545 -0.134791 35.020000
0.266567 -0.115659 35.020000
0.277569 -0.096514 35.020000
0.288544 -0.077355 35.020000
0.299482 -0.058174 35.020000
0.310355 -0.038957 35.020000
0.321082 -0.019657 35.020000
0.331138 0.000000 35.020000

