0.188067 0.000000 12.660000
0.182430 0.011203 12.660000
0.176370 0.022182 12.660000
0.170216 0.033110 12.660000
0.164021 0.044014 12.660000
0.157799 0.054903 12.660000
0.151559 0.065781 12.660000
0.145303 0.076650 12.660000
0.139032 0.087511 12.660000
0.132747 0.098363 12.660000
0.126447 0.109207 12.660000
0.120127 0.120039 12.660000
0.113782 0.130857 12.660000
0.107396 0.141650 12.660000
0.100917 0.152388 12.660000
0.094034 0.162871 12.660000
0.081513 0.163590 12.660000
0.068974 0.163832 12.660000
0.056434 0.163967 12.660000
0.043893 0.164053 12.660000
0.031353 0.164110 12.660000
0.018812 0.164144 12.660000
0.006271 0.164161 12.660000
-0.006271 0.164161 12.660000
-0.018812 0.164144 12.660000
-0.031353 0.164110 12.660000
-0.043893 0.164053 12.660000
-0.056434 0.163967 12.660000
-0.068974 0.163832 12.660000
-0.081513 0.163590 12.660000
-0.094034 0.162871 12.660000
-0.100917 0.152388 12.660000
-0.107396 0.141650 12.660000
-0.113782 0.130857 12.660000
-0.120127 0.120039 12.660000
-0.126447 0.109207 12.660000
-0.132747 0.098363 12.660000
-0.139032 0.087511 12.660000
-0.145303 0.076650 12.660000
-0.151559 0.065781 12.660000
-0.157799 0.054903 12.660000
-0.164021 0.044014 12.660000
-0.170216 0.033110 12.660000
-0.176370 0.022182 12.660000
-0.182430 0.011203 12.660000
-0.188067 -0.000000 12.660000
-0.182430 -0.011203 12.660000
-0.176370 -0.022182 12.660000
-0.170216 -0.033110 12.660000
-0.164021 -0.044014 12.660000
-0.157799 -0.054903 12.660000
-0.151559 -0.065781 12.660000
-0.145303 -0.076650 12.660000
-0.139032 -0.087511 12.660000
-0.132747 -0.098363 12.660000
-0.126447 -0.109207 12.660000
-0.120127 -0.120039 12.660000
-0.113782 -0.130857 12.660000
-0.107396 -0.141650 12.660000
-0.100917 -0.152388 12.660000
-0.094034 -0.162871 12.660000
-0.081513 -0.163590 12.660000
-0.068974 -0.163832 12.660000
-0.056434 -0.163967 12.660000
-0.043893 -0.164053 12.660000
-0.031353 -0.164110 12.660000
-0.018812 -0.164144 12.660000
-0.006271 -0.164161 12.660000
0.006271 -0.164161 12.660000
0.018812 -0.164144 12.660000
0.031353 -0.164110 12.660000
0.043893 -0.164053 12.660000
0.056434 -0.163967 12.660000
0.068974 -0.163832 12.660000
0.081513 -0.163590 12.660000
0.094034 -0.162871 12.660000
0.100917 -0.152388 12.660000
0.107396 -0.141650 12.660000
0.113782 -0.130857 12.660000
0.120127 -0.120039 12.660000
0.126447 -0.109207 12.660000
0.132747 -0.098363 12.660000
0.139032 -0.087511 12.660000
0.145303 -0.076650 12.660000
0.151559 -0.065781 12.660000
0.157799 -0.054903 12.660000
0.164021 -0.044014 12.660000
0.170216 -0.033110 12.660000
0.176370 -0.022182 12.660000
0.182430 -0.011203 12.660000
0.188067 0.000000 12.660000

