0.375164 0.000000 43.330000
0.363732 0.022250 43.330000
0.351560 0.044105 43.330000
0.339229 0.065870 43.330000
0.326827 0.087595 43.330000
0.314384 0.109296 43.330000
0.301914 0.130982 43.330000
0.289424 0.152656 43.330000
0.276916 0.174320 43.330000
0.264391 0.195974 43.330000
0.251846 0.217617 43.330000
0.239273 0.239243 43.330000
0.226660 0.260846 43.330000
0.213976 0.282408 43.330000
0.201135 0.303876 43.330000
0.187582 0.324902 43.330000
0.162597 0.326126 43.330000
0.137584 0.326513 43.330000
0.112569 0.326716 43.330000
0.087554 0.326838 43.330000
0.062539 0.326913 43.330000
0.037523 0.326957 43.330000
0.012508 0.326976 43.330000
-0.012508 0.326976 43.330000
-0.037523 0.326957 43.330000
-0.062539 0.326913 43.330000
-0.087554 0.326838 43.330000
-0.112569 0.326716 43.330000
-0.137584 0.326513 43.330000
-0.162597 0.326126 43.330000
-0.187582 0.324902 43.330000
-0.201135 0.303876 43.330000
-0.213976 0.282408 43.330000
-0.226660 0.260846 43.330000
-0.239273 0.239243 43.330000
-0.251846 0.217617 43.330000
-0.264391 0.195974 43.330000
-0.276916 0.174320 43.330000
-0.289424 0.152656 43.330000
-0.301914 0.130982 43.330000
-0.314384 0.109296 43.330000
-0.326827 0.087595 43.330000
-0.339229 0.065870 43.330000
-0.351560 0.044105 43.330000
-0.363732 0.022250 43.330000
-0.375164 0.000000 43.330000
-0.363732 -0.022250 43.330000
-0.351560 -0.044105 43.330000
-0.339229 -0.065870 43.330000
-0.326827 -0.087595 43.330000
-0.314384 -0.109296 43.330000
-0.301914 -0.130982 43.330000
-0.289424 -0.152656 43.330000
-0.276916 -0.174320 43.330000
-0.264391 -0.195974 43.330000
-0.251846 -0.217617 43.330000
-0.239273 -0.239243 43.330000
-0.226660 -0.260846 43.330000
-0.213976 -0.282408 43.330000
-0.201135 -0.303876 43.330000
-0.187582 -0.324902 43.330000
-0.162597 -0.326126 43.330000
-0.137584 -0.326513 43.330000
-0.112569 -0.326716 43.330000
-0.087554 -0.326838 43.330000
-0.062539 -0.326913 43.330000
-0.037523 -0.326957 43.330000
-0.012508 -0.326976 43.330000
0.012508 -0.326976 43.330000
0.037523 -0.326957 43.330000
0.062539 -0.326913 43.330000
0.087554 -0.326838 43.330000
0.112569 -0.326716 43.330000
0.137584 -0.326513 43.330000
0.162597 -0.326126 43.330000
0.187582 -0.324902 43.330000
0.201135 -0.303876 43.330000
0.213976 -0.282408 43.330000
0.226660 -0.260846 43.330000
0.239273 -0.239243 43.330000
0.251846 -0.217617 43.330000
0.264391 -0.195974 43.330000
0.276916 -0.174320 43.330000
0.289424 -0.152656 43.330000
0.301914 -0.130982 43.330000
0.314384 -0.109296 43.330000
0.326827 -0.087595 43.330000
0.339229 -0.065870 43.330000
0.351560 -0.044105 43.330000
0.363732 -0.022250 43.330000
0.375164 0.000000 43.330000

