0.130270 -0.000000 6.030000
0.126389 0.007772 6.030000
0.122201 0.015383 6.030000
0.117945 0.022956 6.030000
0.113657 0.030512 6.030000
0.109351 0.038056 6.030000
0.105030 0.045593 6.030000
0.100697 0.053122 6.030000
0.096354 0.060645 6.030000
0.091999 0.068162 6.030000
0.087633 0.075672 6.030000
0.083252 0.083174 6.030000
0.078853 0.090665 6.030000
0.074423 0.098138 6.030000
0.069925 0.105570 6.030000
0.065135 0.112817 6.030000
0.056464 0.113342 6.030000
0.047778 0.113521 6.030000
0.039092 0.113621 6.030000
0.030405 0.113686 6.030000
0.021718 0.113729 6.030000
0.013031 0.113755 6.030000
0.004344 0.113768 6.030000
-0.004344 0.113768 6.030000
-0.013031 0.113755 6.030000
-0.021718 0.113729 6.030000
-0.030405 0.113686 6.030000
-0.039092 0.113621 6.030000
-0.047778 0.113521 6.030000
-0.056464 0.113342 6.030000
-0.065135 0.112817 6.030000
-0.069925 0.105570 6.030000
-0.074423 0.098138 6.030000
-0.078853 0.090665 6.030000
-0.083252 0.083174 6.030000
-0.087633 0.075672 6.030000
-0.091999 0.068162 6.030000
-0.096354 0.060645 6.030000
-0.100697 0.053122 6.030000
-0.105030 0.045593 6.030000
-0.109351 0.038056 6.030000
-0.113657 0.030512 6.030000
-0.117945 0.022956 6.030000
-0.122201 0.015383 6.030000
-0.126389 0.007772 6.030000
-0.130270 -0.000000 6.030000
-0.126389 -0.007772 6.030000
-0.122201 -0.015383 6.030000
-0.117945 -0.022956 6.030000
-0.113657 -0.030512 6.030000
-0.109351 -0.038056 6.030000
-0.105030 -0.045593 6.030000
-0.100697 -0.053122 6.030000
-0.096354 -0.060645 6.030000
-0.091999 -0.068162 6.030000
-0.087633 -0.075672 6.030000
-0.083252 -0.083174 6.030000
-0.078853 -0.090665 6.030000
-0.074423 -0.098138 6.030000
-0.069925 -0.105570 6.030000
-0.065135 -0.112817 6.030000
-0.056464 -0.113342 6.030000
-0.047778 -0.113521 6.030000
-0.039092 -0.113621 6.030000
-0.030405 -0.113686 6.030000
-0.021718 -0.113729 6.030000
-0.013031 -0.113755 6.030000
-0.004344 -0.113768 6.030000
0.004344 -0.113768 6.030000
0.013031 -0.113755 6.030000
0.021718 -0.113729 6.030000
0.030405 -0.113686 6.030000
0.039092 -0.113621 6.030000
0.047778 -0.113521 6.030000
0.056464 -0.113342 6.030000
0.065135 -0.112817 6.030000
0.069925 -0.105570 6.030000
0.074423 -0.098138 6.030000
0.078853 -0.090665 6.030000
0.083252 -0.083174 6.030000
0.087633 -0.075672 6.030000
0.091999 -0.068162 6.030000
0.096354 -0.060645 6.030000
0.100697 -0.053122 6.030000
0.105030 -0.045593 6.030000
0.109351 -0.038056 6.030000
0.113657 -0.030512 6.030000
0.117945 -0.022956 6.030000
0.122201 -0.015383 6.030000
0.126389 -0.007772 6.030000
0.130270 -0.000000 6.030000

