0.304365 0.000000 30.270000
0.295142 0.018079 30.270000
0.285291 0.035823 30.270000
0.275304 0.053490 30.270000
0.265256 0.071124 30.270000
0.255172 0.088736 30.270000
0.245062 0.106334 30.270000
0.234932 0.123921 30.270000
0.224785 0.141497 30.270000
0.214619 0.159063 30.270000
0.204434 0.176617 30.270000
0.194223 0.194156 30.270000
0.183976 0.211675 30.270000
0.173669 0.229158 30.270000
0.163227 0.246561 30.270000
0.152182 0.263588 30.270000
0.131914 0.264640 30.270000
0.111622 0.264981 30.270000
0.091328 0.265165 30.270000
0.071033 0.265280 30.270000
0.050738 0.265353 30.270000
0.030443 0.265397 30.270000
0.010148 0.265418 30.270000
-0.010148 0.265418 30.270000
-0.030443 0.265397 30.270000
-0.050738 0.265353 30.270000
-0.071033 0.265280 30.270000
-0.091328 0.265165 30.270000
-0.111622 0.264981 30.270000
-0.131914 0.264640 30.270000
-0.152182 0.263588 30.270000
-0.163227 0.246561 30.270000
-0.173669 0.229158 30.270000
-0.183976 0.211675 30.270000
-0.194223 0.194156 30.270000
-0.204434 0.176617 30.270000
-0.214619 0.159063 30.270000
-0.224785 0.141497 30.270000
-0.234932 0.123921 30.270000
-0.245062 0.106334 30.270000
-0.255172 0.088736 30.270000
-0.265256 0.071124 30.270000
-0.275304 0.053490 30.270000
-0.285291 0.035823 30.270000
-0.295142 0.018079 30.270000
-0.304365 0.000000 30.270000
-0.295142 -0.018079 30.270000
-0.285291 -0.035823 30.270000
-0.275304 -0.053490 30.270000
-0.265256 -0.071124 30.270000
-0.255172 -0.088736 30.270000
-0.245062 -0.106334 30.270000
-0.234932 -0.123921 30.270000
-0.224785 -0.141497 30.270000
-0.214619 -0.159063 30.270000
-0.204434 -0.176617 30.270000
-0.194223 -0.194156 30.270000
-0.183976 -0.211675 30.270000
-0.173669 -0.229158 30.270000
-0.163227 -0.246561 30.270000
-0.152182 -0.263588 30.270000
-0.131914 -0.264640 30.270000
-0.111622 -0.264981 30.270000
-0.091328 -0.265165 30.270000
-0.071033 -0.265280 30.270000
-0.050738 -0.265353 30.270000
-0.030443 -0.265397 30.270000
-0.010148 -0.265418 30.270000
0.010148 -0.265418 30.270000
0.030443 -0.265397 30.270000
0.050738 -0.265353 30.270000
0.071033 -0.265280 30.270000
0.091328 -0.265165 30.270000
0.111622 -0.264981 30.270000
0.131914 -0.264640 30.270000
0.152182 -0.263588 30.270000
0.163227 -0.246561 30.270000
0.173669 -0.229158 30.270000
0.183976 -0.211675 30.270000
0.194223 -0.194156 30.270000
0.204434 -0.176617 30.270000
0.214619 -0.159063 30.270000
0.224785 -0.141497 30.270000
0.234932 -0.123921 30.270000
0.245062 -0.106334 30.270000
0.255172 -0.088736 30.270000
0.265256 -0.071124 30.270000
0.275304 -0.053490 30.270000
0.285291 -0.035823 30.270000
0.295142 -0.018079 30.270000
0.304365 0.000000 30.270000

