0.175533 0.000000 11.090000
0.170278 0.010459 11.090000
0.164625 0.020709 11.090000
0.158883 0.030909 11.090000
0.153102 0.041087 11.090000
0.147296 0.051251 11.090000
0.141472 0.061405 11.090000
0.135633 0.071550 11.090000
0.129780 0.081687 11.090000
0.123914 0.091816 11.090000
0.118033 0.101936 11.090000
0.112133 0.112046 11.090000
0.106210 0.122142 11.090000
0.100247 0.132215 11.090000
0.094197 0.142235 11.090000
0.087766 0.152016 11.090000
0.076081 0.152695 11.090000
0.064378 0.152924 11.090000
0.052673 0.153052 11.090000
0.040968 0.153134 11.090000
0.029263 0.153188 11.090000
0.017558 0.153221 11.090000
0.005853 0.153237 11.090000
-0.005853 0.153237 11.090000
-0.017558 0.153221 11.090000
-0.029263 0.153188 11.090000
-0.040968 0.153134 11.090000
-0.052673 0.153052 11.090000
-0.064378 0.152924 11.090000
-0.076081 0.152695 11.090000
-0.087766 0.152016 11.090000
-0.094197 0.142235 11.090000
-0.100247 0.132215 11.090000
-0.106210 0.122142 11.090000
-0.112133 0.112046 11.090000
-0.118033 0.101936 11.090000
-0.123914 0.091816 11.090000
-0.129780 0.081687 11.090000
-0.135633 0.071550 11.090000
-0.141472 0.061405 11.090000
-0.147296 0.051251 11.090000
-0.153102 0.041087 11.090000
-0.158883 0.030909 11.090000
-0.164625 0.020709 11.090000
-0.170278 0.010459 11.090000
-0.175533 0.000000 11.090000
-0.170278 -0.010459 11.090000
-0.164625 -0.020709 11.090000
-0.158883 -0.030909 11.090000
-0.153102 -0.041087 11.090000
-0.147296 -0.051251 11.090000
-0.141472 -0.061405 11.090000
-0.135633 -0.071550 11.090000
-0.129780 -0.081687 11.090000
-0.123914 -0.091816 11.090000
-0.118033 -0.101936 11.090000
-0.112133 -0.112046 11.090000
-0.106210 -0.122142 11.090000
-0.100247 -0.132215 11.090000
-0.094197 -0.142235 11.090000
-0.087766 -0.152016 11.090000
-0.076081 -0.152695 11.090000
-0.064378 -0.152924 11.090000
-0.052673 -0.153052 11.090000
-0.040968 -0.153134 11.090000
-0.029263 -0.153188 11.090000
-0.017558 -0.153221 11.090000
-0.005853 -0.153237 11.090000
0.005853 -0.153237 11.090000
0.017558 -0.153221 11.090000
0.029263 -0.153188 11.090000
0.040968 -0.153134 11.090000
0.052673 -0.153052 11.090000
0.064378 -0.152924 11.090000
0.076081 -0.152695 11.090000
0.087766 -0.152016 11.090000
0.094197 -0.142235 11.090000
0.100247 -0.132215 11.090000
0.106210 -0.122142 11.090000
0.112133 -0.112046 11.090000
0.118033 -0.101936 11.090000
0.123914 -0.091816 11.090000
0.129780 -0.081687 11.090000
0.135633 -0.071550 11.090000
0.141472 -0.061405 11.090000
0.147296 -0.051251 11.090000
0.153102 -0.041087 11.090000
0.158883 -0.030909 11.090000
0.164625 -0.020709 11.090000
0.170278 -0.010459 11.090000
0.175533 0.000000 11.090000

