0.288023 0.000000 27.490000
0.279307 0.017114 27.490000
0.269991 0.033909 27.490000
0.260543 0.050630 27.490000
0.251038 0.067318 27.490000
0.241497 0.083987 27.490000
0.231932 0.100641 27.490000
0.222347 0.117284 27.490000
0.212744 0.133916 27.490000
0.203124 0.150538 27.490000
0.193483 0.167149 27.490000
0.183818 0.183746 27.490000
0.174119 0.200322 27.490000
0.164362 0.216865 27.490000
0.154475 0.233330 27.490000
0.144011 0.249435 27.490000
0.124832 0.250444 27.490000
0.105629 0.250774 27.490000
0.086425 0.250952 27.490000
0.067219 0.251064 27.490000
0.048014 0.251136 27.490000
0.028808 0.251179 27.490000
0.009603 0.251200 27.490000
-0.009603 0.251200 27.490000
-0.028808 0.251179 27.490000
-0.048014 0.251136 27.490000
-0.067219 0.251064 27.490000
-0.086425 0.250952 27.490000
-0.105629 0.250774 27.490000
-0.124832 0.250444 27.490000
-0.144011 0.249435 27.490000
-0.154475 0.233330 27.490000
-0.164362 0.216865 27.490000
-0.174119 0.200322 27.490000
-0.183818 0.183746 27.490000
-0.193483 0.167149 27.490000
-0.203124 0.150538 27.490000
-0.212744 0.133916 27.490000
-0.222347 0.117284 27.490000
-0.231932 0.100641 27.490000
-0.241497 0.083987 27.490000
-0.251038 0.067318 27.490000
-0.260543 0.050630 27.490000
-0.269991 0.033909 27.490000
-0.279307 0.017114 27.490000
-0.288023 0.000000 27.490000
-0.279307 -0.017114 27.490000
-0.269991 -0.033909 27.490000
-0.260543 -0.050630 27.490000
-0.251038 -0.067318 27.490000
-0.241497 -0.083987 27.490000
-0.231932 -0.100641 27.490000
-0.222347 -0.117284 27.490000
-0.212744 -0.133916 27.490000
-0.203124 -0.150538 27.490000
-0.193483 -0.167149 27.490000
-0.183818 -0.183746 27.490000
-0.174119 -0.200322 27.490000
-0.164362 -0.216865 27.490000
-0.154475 -0.233330 27.490000
-0.144011 -0.249435 27.490000
-0.124832 -0.250444 27.490000
-0.105629 -0.250774 27.490000
-0.086425 -0.250952 27.490000
-0.067219 -0.251064 27.490000
-0.048014 -0.251136 27.490000
-0.028808 -0.251179 27.490000
-0.009603 -0.251200 27.490000
0.009603 -0.251200 27.490000
0.028808 -0.251179 27.490000
0.048014 -0.251136 27.490000
0.067219 -0.251064 27.490000
0.086425 -0.250952 27.490000
0.105629 -0.250774 27.490000
0.124832 -0.250444 27.490000
0.144011 -0.249435 27.490000
0.154475 -0.233330 27.490000
0.164362 -0.216865 27.490000
0.174119 -0.200322 27.490000
0.183818 -0.183746 27.490000
0.193483 -0.167149 27.490000
0.203124 -0.150538 27.490000
0.212744 -0.133916 27.490000
0.222347 -0.117284 27.490000
0.231932 -0.100641 27.490000
0.241497 -0.083987 27.490000
0.251038 -0.067318 27.490000
0.260543 -0.050630 27.490000
0.269991 -0.033909 27.490000
0.279307 -0.017114 27.490000
0.288023 0.000000 27.490000

