0.357586 0.000000 39.940000
0.346703 0.021215 39.940000
0.335109 0.042050 39.940000
0.323360 0.062798 39.940000
0.311543 0.083507 39.940000
0.299687 0.104194 39.940000
0.287803 0.124865 39.940000
0.275899 0.145524 39.940000
0.263977 0.166173 39.940000
0.252038 0.186812 39.940000
0.240078 0.207439 39.940000
0.228091 0.228051 39.940000
0.216065 0.248639 39.940000
0.203971 0.269188 39.940000
0.191725 0.289646 39.940000
0.178793 0.309678 39.940000
0.154979 0.310862 39.940000
0.131138 0.311238 39.940000
0.107295 0.311437 39.940000
0.083452 0.311558 39.940000
0.059609 0.311633 39.940000
0.035765 0.311677 39.940000
0.011922 0.311698 39.940000
-0.011922 0.311698 39.940000
-0.035765 0.311677 39.940000
-0.059609 0.311633 39.940000
-0.083452 0.311558 39.940000
-0.107295 0.311437 39.940000
-0.131138 0.311238 39.940000
-0.154979 0.310862 39.940000
-0.178793 0.309678 39.940000
-0.191725 0.289646 39.940000
-0.203971 0.269188 39.940000
-0.216065 0.248639 39.940000
-0.228091 0.228051 39.940000
-0.240078 0.207439 39.940000
-0.252038 0.186812 39.940000
-0.263977 0.166173 39.940000
-0.275899 0.145524 39.940000
-0.287803 0.124865 39.940000
-0.299687 0.104194 39.940000
-0.311543 0.083507 39.940000
-0.323360 0.062798 39.940000
-0.335109 0.042050 39.940000
-0.346703 0.021215 39.940000
-0.357586 0.000000 39.940000
-0.346703 -0.021215 39.940000
-0.335109 -0.042050 39.940000
-0.323360 -0.062798 39.940000
-0.311543 -0.083507 39.940000
-0.299687 -0.104194 39.940000
-0.287803 -0.124865 39.940000
-0.275899 -0.145524 39.940000
-0.263977 -0.166173 39.940000
-0.252038 -0.186812 39.940000
-0.240078 -0.207439 39.940000
-0.228091 -0.228051 39.940000
-0.216065 -0.248639 39.940000
-0.203971 -0.269188 39.940000
-0.191725 -0.289646 39.940000
-0.178793 -0.309678 39.940000
-0.154979 -0.310862 39.940000
-0.131138 -0.311238 39.940000
-0.107295 -0.311437 39.940000
-0.083452 -0.311558 39.940000
-0.059609 -0.311633 39.940000
-0.035765 -0.311677 39.940000
-0.011922 -0.311698 39.940000
0.011922 -0.311698 39.940000
0.035765 -0.311677 39.940000
0.059609 -0.311633 39.940000
0.083452 -0.311558 39.940000
0.107295 -0.311437 39.940000
0.131138 -0.311238 39.940000
0.154979 -0.310862 39.940000
0.178793 -0.309678 39.940000
0.191725 -0.289646 39.940000
0.203971 -0.269188 39.940000
0.216065 -0.248639 39.940000
0.228091 -0.228051 39.940000
0.240078 -0.207439 39.940000
0.252038 -0.186812 39.940000
0.263977 -0.166173 39.940000
0.275899 -0.145524 39.940000
0.287803 -0.124865 39.940000
0.299687 -0.104194 39.940000
0.311543 -0.083507 39.940000
0.323360 -0.062798 39.940000
0.335109 -0.042050 39.940000
0.346703 -0.021215 39.940000
0.357586 0.000000 39.940000

