0.131754 -0.000000 6.180000
0.127828 0.007860 6.180000
0.123592 0.015558 6.180000
0.119287 0.023217 6.180000
0.114951 0.030859 6.180000
0.110595 0.038489 6.180000
0.106225 0.046111 6.180000
0.101843 0.053727 6.180000
0.097450 0.061336 6.180000
0.093046 0.068938 6.180000
0.088630 0.076534 6.180000
0.084200 0.084121 6.180000
0.079750 0.091697 6.180000
0.075270 0.099255 6.180000
0.070721 0.106772 6.180000
0.065877 0.114102 6.180000
0.057107 0.114632 6.180000
0.048323 0.114813 6.180000
0.039537 0.114914 6.180000
0.030751 0.114980 6.180000
0.021965 0.115023 6.180000
0.013179 0.115050 6.180000
0.004393 0.115062 6.180000
-0.004393 0.115062 6.180000
-0.013179 0.115050 6.180000
-0.021965 0.115023 6.180000
-0.030751 0.114980 6.180000
-0.039537 0.114914 6.180000
-0.048323 0.114813 6.180000
-0.057107 0.114632 6.180000
-0.065877 0.114102 6.180000
-0.070721 0.106772 6.180000
-0.075270 0.099255 6.180000
-0.079750 0.091697 6.180000
-0.084200 0.084121 6.180000
-0.088630 0.076534 6.180000
-0.093046 0.068938 6.180000
-0.097450 0.061336 6.180000
-0.101843 0.053727 6.180000
-0.106225 0.046111 6.180000
-0.110595 0.038489 6.180000
-0.114951 0.030859 6.180000
-0.119287 0.023217 6.180000
-0.123592 0.015558 6.180000
-0.127828 0.007860 6.180000
-0.131754 -0.000000 6.180000
-0.127828 -0.007860 6.180000
-0.123592 -0.015558 6.180000
-0.119287 -0.023217 6.180000
-0.114951 -0.030859 6.180000
-0.110595 -0.038489 6.180000
-0.106225 -0.046111 6.180000
-0.101843 -0.053727 6.180000
-0.097450 -0.061336 6.180000
-0.093046 -0.068938 6.180000
-0.088630 -0.076534 6.180000
-0.084200 -0.084121 6.180000
-0.079750 -0.091697 6.180000
-0.075270 -0.099255 6.180000
-0.070721 -0.106772 6.180000
-0.065877 -0.114102 6.180000
-0.057107 -0.114632 6.180000
-0.048323 -0.114813 6.180000
-0.039537 -0.114914 6.180000
-0.030751 -0.114980 6.180000
-0.021965 -0.115023 6.180000
-0.013179 -0.115050 6.180000
-0.004393 -0.115062 6.180000
0.004393 -0.115062 6.180000
0.013179 -0.115050 6.180000
0.021965 -0.115023 6.180000
0.030751 -0.114980 6.180000
0.039537 -0.114914 6.180000
0.048323 -0.114813 6.180000
0.057107 -0.114632 6.180000
0.065877 -0.114102 6.180000
0.070721 -0.106772 6.180000
0.075270 -0.099255 6.180000
0.079750 -0.091697 6.180000
0.084200 -0.084121 6.180000
0.088630 -0.076534 6.180000
0.093046 -0.068938 6.180000
0.097450 -0.061336 6.180000
0.101843 -0.053727 6.180000
0.106225 -0.046111 6.180000
0.110595 -0.038489 6.180000
0.114951 -0.030859 6.180000
0.119287 -0.023217 6.180000
0.123592 -0.015558 6.180000
0.127828 -0.007860 6.180000
0.131754 -0.000000 6.180000

