0.217187 0.000000 16.570000
0.210657 0.012927 16.570000
0.203651 0.025603 16.570000
0.196540 0.038219 16.570000
0.189381 0.050809 16.570000
0.182194 0.063382 16.570000
0.174985 0.075943 16.570000
0.167760 0.088495 16.570000
0.160519 0.101037 16.570000
0.153261 0.113570 16.570000
0.145987 0.126093 16.570000
0.138692 0.138604 16.570000
0.131368 0.151099 16.570000
0.123998 0.163566 16.570000
0.116524 0.175971 16.570000
0.108593 0.188089 16.570000
0.094133 0.188898 16.570000
0.079653 0.189168 16.570000
0.065171 0.189318 16.570000
0.050689 0.189413 16.570000
0.036207 0.189475 16.570000
0.021724 0.189513 16.570000
0.007241 0.189532 16.570000
-0.007241 0.189532 16.570000
-0.021724 0.189513 16.570000
-0.036207 0.189475 16.570000
-0.050689 0.189413 16.570000
-0.065171 0.189318 16.570000
-0.079653 0.189168 16.570000
-0.094133 0.188898 16.570000
-0.108593 0.188089 16.570000
-0.116524 0.175971 16.570000
-0.123998 0.163566 16.570000
-0.131368 0.151099 16.570000
-0.138692 0.138604 16.570000
-0.145987 0.126093 16.570000
-0.153261 0.113570 16.570000
-0.160519 0.101037 16.570000
-0.167760 0.088495 16.570000
-0.174985 0.075943 16.570000
-0.182194 0.063382 16.570000
-0.189381 0.050809 16.570000
-0.196540 0.038219 16.570000
-0.203651 0.025603 16.570000
-0.210657 0.012927 16.570000
-0.217187 0.000000 16.570000
-0.210657 -0.012927 16.570000
-0.203651 -0.025603 16.570000
-0.196540 -0.038219 16.570000
-0.189381 -0.050809 16.570000
-0.182194 -0.063382 16.570000
-0.174985 -0.075943 16.570000
-0.167760 -0.088495 16.570000
-0.160519 -0.101037 16.570000
-0.153261 -0.113570 16.570000
-0.145987 -0.126093 16.570000
-0.138692 -0.138604 16.570000
-0.131368 -0.151099 16.570000
-0.123998 -0.163566 16.570000
-0.116524 -0.175971 16.570000
-0.108593 -0.188089 16.570000
-0.094133 -0.188898 16.570000
-0.079653 -0.189168 16.570000
-0.065171 -0.189318 16.570000
-0.050689 -0.189413 16.570000
-0.036207 -0.189475 16.570000
-0.021724 -0.189513 16.570000
-0.007241 -0.189532 16.570000
0.007241 -0.189532 16.570000
0.021724 -0.189513 16.570000
0.036207 -0.189475 16.570000
0.050689 -0.189413 16.570000
0.065171 -0.189318 16.570000
0.079653 -0.189168 16.570000
0.094133 -0.188898 16.570000
0.108593 -0.188089 16.570000
0.116524 -0.175971 16.570000
0.123998 -0.163566 16.570000
0.131368 -0.151099 16.570000
0.138692 -0.138604 16.570000
0.145987 -0.126093 16.570000
0.153261 -0.113570 16.570000
0.160519 -0.101037 16.570000
0.167760 -0.088495 16.570000
0.174985 -0.075943 16.570000
0.182194 -0.063382 16.570000
0.189381 -0.050809 16.570000
0.196540 -0.038219 16.570000
0.203651 -0.025603 16.570000
0.210657 -0.012927 16.570000
0.217187 0.000000 16.570000

