0.350339 0.000000 38.570000
0.339683 0.020789 38.570000
0.328327 0.041203 38.570000
0.316818 0.061531 38.570000
0.305242 0.081822 38.570000
0.293627 0.102090 38.570000
0.281985 0.122343 38.570000
0.270323 0.142584 38.570000
0.258642 0.162814 38.570000
0.246944 0.183035 38.570000
0.235226 0.203243 38.570000
0.223481 0.223436 38.570000
0.211697 0.243607 38.570000
0.199846 0.263738 38.570000
0.187845 0.283780 38.570000
0.175169 0.303402 38.570000
0.151838 0.304568 38.570000
0.128481 0.304941 38.570000
0.105121 0.305138 38.570000
0.081761 0.305258 38.570000
0.058401 0.305333 38.570000
0.035041 0.305378 38.570000
0.011680 0.305398 38.570000
-0.011680 0.305398 38.570000
-0.035041 0.305378 38.570000
-0.058401 0.305333 38.570000
-0.081761 0.305258 38.570000
-0.105121 0.305138 38.570000
-0.128481 0.304941 38.570000
-0.151838 0.304568 38.570000
-0.175169 0.303402 38.570000
-0.187845 0.283780 38.570000
-0.199846 0.263738 38.570000
-0.211697 0.243607 38.570000
-0.223481 0.223436 38.570000
-0.235226 0.203243 38.570000
-0.246944 0.183035 38.570000
-0.258642 0.162814 38.570000
-0.270323 0.142584 38.570000
-0.281985 0.122343 38.570000
-0.293627 0.102090 38.570000
-0.305242 0.081822 38.570000
-0.316818 0.061531 38.570000
-0.328327 0.041203 38.570000
-0.339683 0.020789 38.570000
-0.350339 0.000000 38.570000
-0.339683 -0.020789 38.570000
-0.328327 -0.041203 38.570000
-0.316818 -0.061531 38.570000
-0.305242 -0.081822 38.570000
-0.293627 -0.102090 38.570000
-0.281985 -0.122343 38.570000
-0.270323 -0.142584 38.570000
-0.258642 -0.162814 38.570000
-0.246944 -0.183035 38.570000
-0.235226 -0.203243 38.570000
-0.223481 -0.223436 38.570000
-0.211697 -0.243607 38.570000
-0.199846 -0.263738 38.570000
-0.187845 -0.283780 38.570000
-0.175169 -0.303402 38.570000
-0.151838 -0.304568 38.570000
-0.128481 -0.304941 38.570000
-0.105121 -0.305138 38.570000
-0.081761 -0.305258 38.570000
-0.058401 -0.305333 38.570000
-0.035041 -0.305378 38.570000
-0.011680 -0.305398 38.570000
0.011680 -0.305398 38.570000
0.035041 -0.305378 38.570000
0.058401 -0.305333 38.570000
0.081761 -0.305258 38.570000
0.105121 -0.305138 38.570000
0.128481 -0.304941 38.570000
0.151838 -0.304568 38.570000
0.175169 -0.303402 38.570000
0.187845 -0.283780 38.570000
0.199846 -0.263738 38.570000
0.211697 -0.243607 38.570000
0.223481 -0.223436 38.570000
0.235226 -0.203243 38.570000
0.246944 -0.183035 38.570000
0.258642 -0.162814 38.570000
0.270323 -0.142584 38.570000
0.281985 -0.122343 38.570000
0.293627 -0.102090 38.570000
0.305242 -0.081822 38.570000
0.316818 -0.061531 38.570000
0.328327 -0.041203 38.570000
0.339683 -0.020789 38.570000
0.350339 0.000000 38.570000

