0.149235 0.000000 8.030000
0.144780 0.008899 8.030000
0.139979 0.017616 8.030000
0.135101 0.026290 8.030000
0.130188 0.034944 8.030000
0.125253 0.043587 8.030000
0.120303 0.052220 8.030000
0.115339 0.060845 8.030000
0.110363 0.069464 8.030000
0.105375 0.078075 8.030000
0.100374 0.086679 8.030000
0.095357 0.095274 8.030000
0.090318 0.103856 8.030000
0.085246 0.112418 8.030000
0.080097 0.120934 8.030000
0.074618 0.129242 8.030000
0.064684 0.129833 8.030000
0.054734 0.130034 8.030000
0.044783 0.130146 8.030000
0.034831 0.130218 8.030000
0.024879 0.130266 8.030000
0.014928 0.130295 8.030000
0.004976 0.130309 8.030000
-0.004976 0.130309 8.030000
-0.014928 0.130295 8.030000
-0.024879 0.130266 8.030000
-0.034831 0.130218 8.030000
-0.044783 0.130146 8.030000
-0.054734 0.130034 8.030000
-0.064684 0.129833 8.030000
-0.074618 0.129242 8.030000
-0.080097 0.120934 8.030000
-0.085246 0.112418 8.030000
-0.090318 0.103856 8.030000
-0.095357 0.095274 8.030000
-0.100374 0.086679 8.030000
-0.105375 0.078075 8.030000
-0.110363 0.069464 8.030000
-0.115339 0.060845 8.030000
-0.120303 0.052220 8.030000
-0.125253 0.043587 8.030000
-0.130188 0.034944 8.030000
-0.135101 0.026290 8.030000
-0.139979 0.017616 8.030000
-0.144780 0.008899 8.030000
-0.149235 -0.000000 8.030000
-0.144780 -0.008899 8.030000
-0.139979 -0.017616 8.030000
-0.135101 -0.026290 8.030000
-0.130188 -0.034944 8.030000
-0.125253 -0.043587 8.030000
-0.120303 -0.052220 8.030000
-0.115339 -0.060845 8.030000
-0.110363 -0.069464 8.030000
-0.105375 -0.078075 8.030000
-0.100374 -0.086679 8.030000
-0.095357 -0.095274 8.030000
-0.090318 -0.103856 8.030000
-0.085246 -0.112418 8.030000
-0.080097 -0.120934 8.030000
-0.074618 -0.129242 8.030000
-0.064684 -0.129833 8.030000
-0.054734 -0.130034 8.030000
-0.044783 -0.130146 8.030000
-0.034831 -0.130218 8.030000
-0.024879 -0.130266 8.030000
-0.014928 -0.130295 8.030000
-0.004976 -0.130309 8.030000
0.004976 -0.130309 8.030000
0.014928 -0.130295 8.030000
0.024879 -0.130266 8.030000
0.034831 -0.130218 8.030000
0.044783 -0.130146 8.030000
0.054734 -0.130034 8.030000
0.064684 -0.129833 8.030000
0.074618 -0.129242 8.030000
0.080097 -0.120934 8.030000
0.085246 -0.112418 8.030000
0.090318 -0.103856 8.030000
0.095357 -0.095274 8.030000
0.100374 -0.086679 8.030000
0.105375 -0.078075 8.030000
0.110363 -0.069464 8.030000
0.115339 -0.060845 8.030000
0.120303 -0.052220 8.030000
0.125253 -0.043587 8.030000
0.130188 -0.034944 8.030000
0.135101 -0.026290 8.030000
0.139979 -0.017616 8.030000
0.144780 -0.008899 8.030000
0.149235 0.000000 8.030000

