0.289753 0.000000 27.780000
0.280984 0.017216 27.780000
0.271611 0.034112 27.780000
0.262107 0.050933 27.780000
0.252543 0.067721 27.780000
0.242945 0.084490 27.780000
0.233323 0.101244 27.780000
0.223680 0.117987 27.780000
0.214019 0.134719 27.780000
0.204341 0.151441 27.780000
0.194643 0.168152 27.780000
0.184920 0.184848 27.780000
0.175163 0.201524 27.780000
0.165347 0.218166 27.780000
0.155402 0.234731 27.780000
0.144877 0.250934 27.780000
0.125582 0.251948 27.780000
0.106264 0.252278 27.780000
0.086944 0.252458 27.780000
0.067623 0.252570 27.780000
0.048302 0.252642 27.780000
0.028981 0.252685 27.780000
0.009660 0.252706 27.780000
-0.009660 0.252706 27.780000
-0.028981 0.252685 27.780000
-0.048302 0.252642 27.780000
-0.067623 0.252570 27.780000
-0.086944 0.252458 27.780000
-0.106264 0.252278 27.780000
-0.125582 0.251948 27.780000
-0.144877 0.250934 27.780000
-0.155402 0.234731 27.780000
-0.165347 0.218166 27.780000
-0.175163 0.201524 27.780000
-0.184920 0.184848 27.780000
-0.194643 0.168152 27.780000
-0.204341 0.151441 27.780000
-0.214019 0.134719 27.780000
-0.223680 0.117987 27.780000
-0.233323 0.101244 27.780000
-0.242945 0.084490 27.780000
-0.252543 0.067721 27.780000
-0.262107 0.050933 27.780000
-0.271611 0.034112 27.780000
-0.280984 0.017216 27.780000
-0.289753 0.000000 27.780000
-0.280984 -0.017216 27.780000
-0.271611 -0.034112 27.780000
-0.262107 -0.050933 27.780000
-0.252543 -0.067721 27.780000
-0.242945 -0.084490 27.780000
-0.233323 -0.101244 27.780000
-0.223680 -0.117987 27.780000
-0.214019 -0.134719 27.780000
-0.204341 -0.151441 27.780000
-0.194643 -0.168152 27.780000
-0.184920 -0.184848 27.780000
-0.175163 -0.201524 27.780000
-0.165347 -0.218166 27.780000
-0.155402 -0.234731 27.780000
-0.144877 -0.250934 27.780000
-0.125582 -0.251948 27.780000
-0.106264 -0.252278 27.780000
-0.086944 -0.252458 27.780000
-0.067623 -0.252570 27.780000
-0.048302 -0.252642 27.780000
-0.028981 -0.252685 27.780000
-0.009660 -0.252706 27.780000
0.009660 -0.252706 27.780000
0.028981 -0.252685 27.780000
0.048302 -0.252642 27.780000
0.067623 -0.252570 27.780000
0.086944 -0.252458 27.780000
0.106264 -0.252278 27.780000
0.125582 -0.251948 27.780000
0.144877 -0.250934 27.780000
0.155402 -0.234731 27.780000
0.165347 -0.218166 27.780000
0.175163 -0.201524 27.780000
0.184920 -0.184848 27.780000
0.194643 -0.168152 27.780000
0.204341 -0.151441 27.780000
0.214019 -0.134719 27.780000
0.223680 -0.117987 27.780000
0.233323 -0.101244 27.780000
0.242945 -0.084490 27.780000
0.252543 -0.067721 27.780000
0.262107 -0.050933 27.780000
0.271611 -0.034112 27.780000
0.280984 -0.017216 27.780000
0.289753 0.000000 27.780000

