0.277135 0.000000 25.690000
0.268758 0.016471 25.690000
0.259797 0.032634 25.690000
0.250709 0.048724 25.690000
0.241564 0.064783 25.690000
0.232386 0.080822 25.690000
0.223183 0.096847 25.690000
0.213961 0.112861 25.690000
0.204721 0.128865 25.690000
0.195464 0.144859 25.690000
0.186187 0.160841 25.690000
0.176886 0.176810 25.690000
0.167551 0.192758 25.690000
0.158160 0.208674 25.690000
0.148644 0.224515 25.690000
0.138568 0.240006 25.690000
0.120114 0.240987 25.690000
0.101637 0.241308 25.690000
0.083158 0.241482 25.690000
0.064679 0.241592 25.690000
0.046199 0.241663 25.690000
0.027720 0.241706 25.690000
0.009240 0.241726 25.690000
-0.009240 0.241726 25.690000
-0.027720 0.241706 25.690000
-0.046199 0.241663 25.690000
-0.064679 0.241592 25.690000
-0.083158 0.241482 25.690000
-0.101637 0.241308 25.690000
-0.120114 0.240987 25.690000
-0.138568 0.240006 25.690000
-0.148644 0.224515 25.690000
-0.158160 0.208674 25.690000
-0.167551 0.192758 25.690000
-0.176886 0.176810 25.690000
-0.186187 0.160841 25.690000
-0.195464 0.144859 25.690000
-0.204721 0.128865 25.690000
-0.213961 0.112861 25.690000
-0.223183 0.096847 25.690000
-0.232386 0.080822 25.690000
-0.241564 0.064783 25.690000
-0.250709 0.048724 25.690000
-0.259797 0.032634 25.690000
-0.268758 0.016471 25.690000
-0.277135 0.000000 25.690000
-0.268758 -0.016471 25.690000
-0.259797 -0.032634 25.690000
-0.250709 -0.048724 25.690000
-0.241564 -0.064783 25.690000
-0.232386 -0.080822 25.690000
-0.223183 -0.096847 25.690000
-0.213961 -0.112861 25.690000
-0.204721 -0.128865 25.690000
-0.195464 -0.144859 25.690000
-0.186187 -0.160841 25.690000
-0.176886 -0.176810 25.690000
-0.167551 -0.192758 25.690000
-0.158160 -0.208674 25.690000
-0.148644 -0.224515 25.690000
-0.138568 -0.240006 25.690000
-0.120114 -0.240987 25.690000
-0.101637 -0.241308 25.690000
-0.083158 -0.241482 25.690000
-0.064679 -0.241592 25.690000
-0.046199 -0.241663 25.690000
-0.027720 -0.241706 25.690000
-0.009240 -0.241726 25.690000
0.009240 -0.241726 25.690000
0.027720 -0.241706 25.690000
0.046199 -0.241663 25.690000
0.064679 -0.241592 25.690000
0.083158 -0.241482 25.690000
0.101637 -0.241308 25.690000
0.120114 -0.240987 25.690000
0.138568 -0.240006 25.690000
0.148644 -0.224515 25.690000
0.158160 -0.208674 25.690000
0.167551 -0.192758 25.690000
0.176886 -0.176810 25.690000
0.186187 -0.160841 25.690000
0.195464 -0.144859 25.690000
0.204721 -0.128865 25.690000
0.213961 -0.112861 25.690000
0.223183 -0.096847 25.690000
0.232386 -0.080822 25.690000
0.241564 -0.064783 25.690000
0.250709 -0.048724 25.690000
0.259797 -0.032634 25.690000
0.268758 -0.016471 25.690000
0.277135 0.000000 25.690000

