0.134203 -0.000000 6.430000
0.130203 0.008006 6.430000
0.125889 0.015846 6.430000
0.121503 0.023648 6.430000
0.117086 0.031431 6.430000
0.112649 0.039203 6.430000
0.108198 0.046967 6.430000
0.103735 0.054724 6.430000
0.099260 0.062475 6.430000
0.094774 0.070219 6.430000
0.090276 0.077955 6.430000
0.085763 0.085684 6.430000
0.081231 0.093401 6.430000
0.076668 0.101099 6.430000
0.072035 0.108756 6.430000
0.067102 0.116223 6.430000
0.058168 0.116762 6.430000
0.049221 0.116946 6.430000
0.040272 0.117049 6.430000
0.031323 0.117115 6.430000
0.022374 0.117159 6.430000
0.013424 0.117186 6.430000
0.004475 0.117199 6.430000
-0.004475 0.117199 6.430000
-0.013424 0.117186 6.430000
-0.022374 0.117159 6.430000
-0.031323 0.117115 6.430000
-0.040272 0.117049 6.430000
-0.049221 0.116946 6.430000
-0.058168 0.116762 6.430000
-0.067102 0.116223 6.430000
-0.072035 0.108756 6.430000
-0.076668 0.101099 6.430000
-0.081231 0.093401 6.430000
-0.085763 0.085684 6.430000
-0.090276 0.077955 6.430000
-0.094774 0.070219 6.430000
-0.099260 0.062475 6.430000
-0.103735 0.054724 6.430000
-0.108198 0.046967 6.430000
-0.112649 0.039203 6.430000
-0.117086 0.031431 6.430000
-0.121503 0.023648 6.430000
-0.125889 0.015846 6.430000
-0.130203 0.008006 6.430000
-0.134203 -0.000000 6.430000
-0.130203 -0.008006 6.430000
-0.125889 -0.015846 6.430000
-0.121503 -0.023648 6.430000
-0.117086 -0.031431 6.430000
-0.112649 -0.039203 6.430000
-0.108198 -0.046967 6.430000
-0.103735 -0.054724 6.430000
-0.099260 -0.062475 6.430000
-0.094774 -0.070219 6.430000
-0.090276 -0.077955 6.430000
-0.085763 -0.085684 6.430000
-0.081231 -0.093401 6.430000
-0.076668 -0.101099 6.430000
-0.072035 -0.108756 6.430000
-0.067102 -0.116223 6.430000
-0.058168 -0.116762 6.430000
-0.049221 -0.116946 6.430000
-0.040272 -0.117049 6.430000
-0.031323 -0.117115 6.430000
-0.022374 -0.117159 6.430000
-0.013424 -0.117186 6.430000
-0.004475 -0.117199 6.430000
0.004475 -0.117199 6.430000
0.013424 -0.117186 6.430000
0.022374 -0.117159 6.430000
0.031323 -0.117115 6.430000
0.040272 -0.117049 6.430000
0.049221 -0.116946 6.430000
0.058168 -0.116762 6.430000
0.067102 -0.116223 6.430000
0.072035 -0.108756 6.430000
0.076668 -0.101099 6.430000
0.081231 -0.093401 6.430000
0.085763 -0.085684 6.430000
0.090276 -0.077955 6.430000
0.094774 -0.070219 6.430000
0.099260 -0.062475 6.430000
0.103735 -0.054724 6.430000
0.108198 -0.046967 6.430000
0.112649 -0.039203 6.430000
0.117086 -0.031431 6.430000
0.121503 -0.023648 6.430000
0.125889 -0.015846 6.430000
0.130203 -0.008006 6.430000
0.134203 -0.000000 6.430000

