0.322994 0.000000 33.550000
0.313192 0.019177 33.550000
0.302731 0.038004 33.550000
0.292128 0.056750 33.550000
0.281461 0.075460 33.550000
0.270757 0.094149 33.550000
0.260026 0.112823 33.550000
0.249276 0.131485 33.550000
0.238507 0.150137 33.550000
0.227720 0.168778 33.550000
0.216914 0.187408 33.550000
0.206081 0.206022 33.550000
0.195210 0.224615 33.550000
0.184278 0.243171 33.550000
0.173204 0.261643 33.550000
0.161497 0.279721 33.550000
0.139988 0.280820 33.550000
0.118454 0.281175 33.550000
0.096917 0.281365 33.550000
0.075380 0.281482 33.550000
0.053843 0.281557 33.550000
0.032306 0.281601 33.550000
0.010769 0.281621 33.550000
-0.010769 0.281621 33.550000
-0.032306 0.281601 33.550000
-0.053843 0.281557 33.550000
-0.075380 0.281482 33.550000
-0.096917 0.281365 33.550000
-0.118454 0.281175 33.550000
-0.139988 0.280820 33.550000
-0.161497 0.279721 33.550000
-0.173204 0.261643 33.550000
-0.184278 0.243171 33.550000
-0.195210 0.224615 33.550000
-0.206081 0.206022 33.550000
-0.216914 0.187408 33.550000
-0.227720 0.168778 33.550000
-0.238507 0.150137 33.550000
-0.249276 0.131485 33.550000
-0.260026 0.112823 33.550000
-0.270757 0.094149 33.550000
-0.281461 0.075460 33.550000
-0.292128 0.056750 33.550000
-0.302731 0.038004 33.550000
-0.313192 0.019177 33.550000
-0.322994 0.000000 33.550000
-0.313192 -0.019177 33.550000
-0.302731 -0.038004 33.550000
-0.292128 -0.056750 33.550000
-0.281461 -0.075460 33.550000
-0.270757 -0.094149 33.550000
-0.260026 -0.112823 33.550000
-0.249276 -0.131485 33.550000
-0.238507 -0.150137 33.550000
-0.227720 -0.168778 33.550000
-0.216914 -0.187408 33.550000
-0.206081 -0.206022 33.550000
-0.195210 -0.224615 33.550000
-0.184278 -0.243171 33.550000
-0.173204 -0.261643 33.550000
-0.161497 -0.279721 33.550000
-0.139988 -0.280820 33.550000
-0.118454 -0.281175 33.550000
-0.096917 -0.281365 33.550000
-0.075380 -0.281482 33.550000
-0.053843 -0.281557 33.550000
-0.032306 -0.281601 33.550000
-0.010769 -0.281621 33.550000
0.010769 -0.281621 33.550000
0.032306 -0.281601 33.550000
0.053843 -0.281557 33.550000
0.075380 -0.281482 33.550000
0.096917 -0.281365 33.550000
0.118454 -0.281175 33.550000
0.139988 -0.280820 33.550000
0.161497 -0.279721 33.550000
0.173204 -0.261643 33.550000
0.184278 -0.243171 33.550000
0.195210 -0.224615 33.550000
0.206081 -0.206022 33.550000
0.216914 -0.187408 33.550000
0.227720 -0.168778 33.550000
0.238507 -0.150137 33.550000
0.249276 -0.131485 33.550000
0.260026 -0.112823 33.550000
0.270757 -0.094149 33.550000
0.281461 -0.075460 33.550000
0.292128 -0.056750 33.550000
0.302731 -0.038004 33.550000
0.313192 -0.019177 33.550000
0.322994 0.000000 33.550000

