0.315066 0.000000 32.140000
0.305511 0.018710 32.140000
0.295310 0.037076 32.140000
0.284968 0.055363 32.140000
0.274565 0.073615 32.140000
0.264125 0.091846 32.140000
0.253659 0.110062 32.140000
0.243172 0.128266 32.140000
0.232668 0.146460 32.140000
0.222146 0.164644 32.140000
0.211603 0.182816 32.140000
0.201035 0.200973 32.140000
0.190430 0.219108 32.140000
0.179763 0.237208 32.140000
0.168958 0.255225 32.140000
0.157533 0.272855 32.140000
0.136552 0.273935 32.140000
0.115546 0.274284 32.140000
0.094539 0.274471 32.140000
0.073530 0.274588 32.140000
0.052522 0.274662 32.140000
0.031513 0.274706 32.140000
0.010504 0.274726 32.140000
-0.010504 0.274726 32.140000
-0.031513 0.274706 32.140000
-0.052522 0.274662 32.140000
-0.073530 0.274588 32.140000
-0.094539 0.274471 32.140000
-0.115546 0.274284 32.140000
-0.136552 0.273935 32.140000
-0.157533 0.272855 32.140000
-0.168958 0.255225 32.140000
-0.179763 0.237208 32.140000
-0.190430 0.219108 32.140000
-0.201035 0.200973 32.140000
-0.211603 0.182816 32.140000
-0.222146 0.164644 32.140000
-0.232668 0.146460 32.140000
-0.243172 0.128266 32.140000
-0.253659 0.110062 32.140000
-0.264125 0.091846 32.140000
-0.274565 0.073615 32.140000
-0.284968 0.055363 32.140000
-0.295310 0.037076 32.140000
-0.305511 0.018710 32.140000
-0.315066 0.000000 32.140000
-0.305511 -0.018710 32.140000
-0.295310 -0.037076 32.140000
-0.284968 -0.055363 32.140000
-0.274565 -0.073615 32.140000
-0.264125 -0.091846 32.140000
-0.253659 -0.110062 32.140000
-0.243172 -0.128266 32.140000
-0.232668 -0.146460 32.140000
-0.222146 -0.164644 32.140000
-0.211603 -0.182816 32.140000
-0.201035 -0.200973 32.140000
-0.190430 -0.219108 32.140000
-0.179763 -0.237208 32.140000
-0.168958 -0.255225 32.140000
-0.157533 -0.272855 32.140000
-0.136552 -0.273935 32.140000
-0.115546 -0.274284 32.140000
-0.094539 -0.274471 32.140000
-0.073530 -0.274588 32.140000
-0.052522 -0.274662 32.140000
-0.031513 -0.274706 32.140000
-0.010504 -0.274726 32.140000
0.010504 -0.274726 32.140000
0.031513 -0.274706 32.140000
0.052522 -0.274662 32.140000
0.073530 -0.274588 32.140000
0.094539 -0.274471 32.140000
0.115546 -0.274284 32.140000
0.136552 -0.273935 32.140000
0.157533 -0.272855 32.140000
0.168958 -0.255225 32.140000
0.179763 -0.237208 32.140000
0.190430 -0.219108 32.140000
0.201035 -0.200973 32.140000
0.211603 -0.182816 32.140000
0.222146 -0.164644 32.140000
0.232668 -0.146460 32.140000
0.243172 -0.128266 32.140000
0.253659 -0.110062 32.140000
0.264125 -0.091846 32.140000
0.274565 -0.073615 32.140000
0.284968 -0.055363 32.140000
0.295310 -0.037076 32.140000
0.305511 -0.018710 32.140000
0.315066 0.000000 32.140000

