0.272151 0.000000 24.880000
0.263927 0.016177 24.880000
0.255129 0.032049 24.880000
0.246206 0.047851 24.880000
0.237227 0.063621 24.880000
0.228214 0.079372 24.880000
0.219177 0.095110 24.880000
0.210121 0.110836 24.880000
0.201047 0.126552 24.880000
0.191956 0.142258 24.880000
0.182845 0.157953 24.880000
0.173711 0.173633 24.880000
0.164543 0.189295 24.880000
0.155320 0.204924 24.880000
0.145973 0.220479 24.880000
0.136075 0.235689 24.880000
0.117954 0.236656 24.880000
0.099809 0.236973 24.880000
0.081663 0.237146 24.880000
0.063516 0.237255 24.880000
0.045368 0.237325 24.880000
0.027221 0.237368 24.880000
0.009074 0.237388 24.880000
-0.009074 0.237388 24.880000
-0.027221 0.237368 24.880000
-0.045368 0.237325 24.880000
-0.063516 0.237255 24.880000
-0.081663 0.237146 24.880000
-0.099809 0.236973 24.880000
-0.117954 0.236656 24.880000
-0.136075 0.235689 24.880000
-0.145973 0.220479 24.880000
-0.155320 0.204924 24.880000
-0.164543 0.189295 24.880000
-0.173711 0.173633 24.880000
-0.182845 0.157953 24.880000
-0.191956 0.142258 24.880000
-0.201047 0.126552 24.880000
-0.210121 0.110836 24.880000
-0.219177 0.095110 24.880000
-0.228214 0.079372 24.880000
-0.237227 0.063621 24.880000
-0.246206 0.047851 24.880000
-0.255129 0.032049 24.880000
-0.263927 0.016177 24.880000
-0.272151 0.000000 24.880000
-0.263927 -0.016177 24.880000
-0.255129 -0.032049 24.880000
-0.246206 -0.047851 24.880000
-0.237227 -0.063621 24.880000
-0.228214 -0.079372 24.880000
-0.219177 -0.095110 24.880000
-0.210121 -0.110836 24.880000
-0.201047 -0.126552 24.880000
-0.191956 -0.142258 24.880000
-0.182845 -0.157953 24.880000
-0.173711 -0.173633 24.880000
-0.164543 -0.189295 24.880000
-0.155320 -0.204924 24.880000
-0.145973 -0.220479 24.880000
-0.136075 -0.235689 24.880000
-0.117954 -0.236656 24.880000
-0.099809 -0.236973 24.880000
-0.081663 -0.237146 24.880000
-0.063516 -0.237255 24.880000
-0.045368 -0.237325 24.880000
-0.027221 -0.237368 24.880000
-0.009074 -0.237388 24.880000
0.009074 -0.237388 24.880000
0.027221 -0.237368 24.880000
0.045368 -0.237325 24.880000
0.063516 -0.237255 24.880000
0.081663 -0.237146 24.880000
0.099809 -0.236973 24.880000
0.117954 -0.236656 24.880000
0.136075 -0.235689 24.880000
0.145973 -0.220479 24.880000
0.155320 -0.204924 24.880000
0.164543 -0.189295 24.880000
0.173711 -0.173633 24.880000
0.182845 -0.157953 24.880000
0.191956 -0.142258 24.880000
0.201047 -0.126552 24.880000
0.210121 -0.110836 24.880000
0.219177 -0.095110 24.880000
0.228214 -0.079372 24.880000
0.237227 -0.063621 24.880000
0.246206 -0.047851 24.880000
0.255129 -0.032049 24.880000
0.263927 -0.016177 24.880000
0.272151 0.000000 24.880000

