0.193024 0.000000 13.300000
0.187235 0.011496 13.300000
0.181014 0.022765 13.300000
0.174698 0.033980 13.300000
0.168338 0.045171 13.300000
0.161952 0.056346 13.300000
0.155547 0.067511 13.300000
0.149126 0.078667 13.300000
0.142691 0.089814 13.300000
0.136240 0.100952 13.300000
0.129774 0.112082 13.300000
0.123288 0.123200 13.300000
0.116776 0.134303 13.300000
0.110222 0.145381 13.300000
0.103574 0.156402 13.300000
0.096512 0.167164 13.300000
0.083661 0.167899 13.300000
0.070792 0.168146 13.300000
0.057921 0.168283 13.300000
0.045050 0.168370 13.300000
0.032179 0.168428 13.300000
0.019307 0.168464 13.300000
0.006436 0.168481 13.300000
-0.006436 0.168481 13.300000
-0.019307 0.168464 13.300000
-0.032179 0.168428 13.300000
-0.045050 0.168370 13.300000
-0.057921 0.168283 13.300000
-0.070792 0.168146 13.300000
-0.083661 0.167899 13.300000
-0.096512 0.167164 13.300000
-0.103574 0.156402 13.300000
-0.110222 0.145381 13.300000
-0.116776 0.134303 13.300000
-0.123288 0.123200 13.300000
-0.129774 0.112082 13.300000
-0.136240 0.100952 13.300000
-0.142691 0.089814 13.300000
-0.149126 0.078667 13.300000
-0.155547 0.067511 13.300000
-0.161952 0.056346 13.300000
-0.168338 0.045171 13.300000
-0.174698 0.033980 13.300000
-0.181014 0.022765 13.300000
-0.187235 0.011496 13.300000
-0.193024 0.000000 13.300000
-0.187235 -0.011496 13.300000
-0.181014 -0.022765 13.300000
-0.174698 -0.033980 13.300000
-0.168338 -0.045171 13.300000
-0.161952 -0.056346 13.300000
-0.155547 -0.067511 13.300000
-0.149126 -0.078667 13.300000
-0.142691 -0.089814 13.300000
-0.136240 -0.100952 13.300000
-0.129774 -0.112082 13.300000
-0.123288 -0.123200 13.300000
-0.116776 -0.134303 13.300000
-0.110222 -0.145381 13.300000
-0.103574 -0.156402 13.300000
-0.096512 -0.167164 13.300000
-0.083661 -0.167899 13.300000
-0.070792 -0.168146 13.300000
-0.057921 -0.168283 13.300000
-0.045050 -0.168370 13.300000
-0.032179 -0.168428 13.300000
-0.019307 -0.168464 13.300000
-0.006436 -0.168481 13.300000
0.006436 -0.168481 13.300000
0.019307 -0.168464 13.300000
0.032179 -0.168428 13.300000
0.045050 -0.168370 13.300000
0.057921 -0.168283 13.300000
0.070792 -0.168146 13.300000
0.083661 -0.167899 13.300000
0.096512 -0.167164 13.300000
0.103574 -0.156402 13.300000
0.110222 -0.145381 13.300000
0.116776 -0.134303 13.300000
0.123288 -0.123200 13.300000
0.129774 -0.112082 13.300000
0.136240 -0.100952 13.300000
0.142691 -0.089814 13.300000
0.149126 -0.078667 13.300000
0.155547 -0.067511 13.300000
0.161952 -0.056346 13.300000
0.168338 -0.045171 13.300000
0.174698 -0.033980 13.300000
0.181014 -0.022765 13.300000
0.187235 -0.011496 13.300000
0.193024 0.000000 13.300000

