0.077646 -0.000000 1.480000
0.075346 0.004639 1.480000
0.072856 0.009179 1.480000
0.070322 0.013695 1.480000
0.067769 0.018200 1.480000
0.065203 0.022697 1.480000
0.062629 0.027190 1.480000
0.060047 0.031678 1.480000
0.057458 0.036163 1.480000
0.054862 0.040643 1.480000
0.052258 0.045119 1.480000
0.049646 0.049590 1.480000
0.047021 0.054053 1.480000
0.044377 0.058506 1.480000
0.041691 0.062932 1.480000
0.038823 0.067244 1.480000
0.033655 0.067572 1.480000
0.028479 0.067685 1.480000
0.023301 0.067748 1.480000
0.018123 0.067789 1.480000
0.012945 0.067816 1.480000
0.007767 0.067833 1.480000
0.002589 0.067841 1.480000
-0.002589 0.067841 1.480000
-0.007767 0.067833 1.480000
-0.012945 0.067816 1.480000
-0.018123 0.067789 1.480000
-0.023301 0.067748 1.480000
-0.028479 0.067685 1.480000
-0.033655 0.067572 1.480000
-0.038823 0.067244 1.480000
-0.041691 0.062932 1.480000
-0.044377 0.058506 1.480000
-0.047021 0.054053 1.480000
-0.049646 0.049590 1.480000
-0.052258 0.045119 1.480000
-0.054862 0.040643 1.480000
-0.057458 0.036163 1.480000
-0.060047 0.031678 1.480000
-0.062629 0.027190 1.480000
-0.065203 0.022697 1.480000
-0.067769 0.018200 1.480000
-0.070322 0.013695 1.480000
-0.072856 0.009179 1.480000
-0.075346 0.004639 1.480000
-0.077646 -0.000000 1.480000
-0.075346 -0.004639 1.480000
-0.072856 -0.009179 1.480000
-0.070322 -0.013695 1.480000
-0.067769 -0.018200 1.480000
-0.065203 -0.022697 1.480000
-0.062629 -0.027190 1.480000
-0.060047 -0.031678 1.480000
-0.057458 -0.036163 1.480000
-0.054862 -0.040643 1.480000
-0.052258 -0.045119 1.480000
-0.049646 -0.049590 1.480000
-0.047021 -0.054053 1.480000
-0.044377 -0.058506 1.480000
-0.041691 -0.062932 1.480000
-0.038823 -0.067244 1.480000
-0.033655 -0.067572 1.480000
-0.028479 -0.067685 1.480000
-0.023301 -0.067748 1.480000
-0.018123 -0.067789 1.480000
-0.012945 -0.067816 1.480000
-0.007767 -0.067833 1.480000
-0.002589 -0.067841 1.480000
0.002589 -0.067841 1.480000
0.007767 -0.067833 1.480000
0.012945 -0.067816 1.480000
0.018123 -0.067789 1.480000
0.023301 -0.067748 1.480000
0.028479 -0.067685 1.480000
0.033655 -0.067572 1.480000
0.038823 -0.067244 1.480000
0.041691 -0.062932 1.480000
0.044377 -0.058506 1.480000
0.047021 -0.054053 1.480000
0.049646 -0.049590 1.480000
0.052258 -0.045119 1.480000
0.054862 -0.040643 1.480000
0.057458 -0.036163 1.480000
0.060047 -0.031678 1.480000
0.062629 -0.027190 1.480000
0.065203 -0.022697 1.480000
0.067769 -0.018200 1.480000
0.070322 -0.013695 1.480000
0.072856 -0.009179 1.480000
0.075346 -0.004639 1.480000
0.077646 -0.000000 1.480000

