0.182308 0.000000 11.930000
0.176847 0.010861 11.930000
0.170974 0.021506 11.930000
0.165010 0.032099 11.930000
0.159004 0.042669 11.930000
0.152974 0.053225 11.930000
0.146925 0.063771 11.930000
0.140861 0.074307 11.930000
0.134782 0.084835 11.930000
0.128689 0.095355 11.930000
0.122581 0.105867 11.930000
0.116455 0.116367 11.930000
0.110303 0.126853 11.930000
0.104112 0.137315 11.930000
0.097830 0.147723 11.930000
0.091154 0.157884 11.930000
0.079017 0.158585 11.930000
0.066863 0.158821 11.930000
0.054706 0.158952 11.930000
0.042550 0.159036 11.930000
0.030393 0.159092 11.930000
0.018236 0.159126 11.930000
0.006079 0.159142 11.930000
-0.006079 0.159142 11.930000
-0.018236 0.159126 11.930000
-0.030393 0.159092 11.930000
-0.042550 0.159036 11.930000
-0.054706 0.158952 11.930000
-0.066863 0.158821 11.930000
-0.079017 0.158585 11.930000
-0.091154 0.157884 11.930000
-0.097830 0.147723 11.930000
-0.104112 0.137315 11.930000
-0.110303 0.126853 11.930000
-0.116455 0.116367 11.930000
-0.122581 0.105867 11.930000
-0.128689 0.095355 11.930000
-0.134782 0.084835 11.930000
-0.140861 0.074307 11.930000
-0.146925 0.063771 11.930000
-0.152974 0.053225 11.930000
-0.159004 0.042669 11.930000
-0.165010 0.032099 11.930000
-0.170974 0.021506 11.930000
-0.176847 0.010861 11.930000
-0.182308 -0.000000 11.930000
-0.176847 -0.010861 11.930000
-0.170974 -0.021506 11.930000
-0.165010 -0.032099 11.930000
-0.159004 -0.042669 11.930000
-0.152974 -0.053225 11.930000
-0.146925 -0.063771 11.930000
-0.140861 -0.074307 11.930000
-0.134782 -0.084835 11.930000
-0.128689 -0.095355 11.930000
-0.122581 -0.105867 11.930000
-0.116455 -0.116367 11.930000
-0.110303 -0.126853 11.930000
-0.104112 -0.137315 11.930000
-0.097830 -0.147723 11.930000
-0.091154 -0.157884 11.930000
-0.079017 -0.158585 11.930000
-0.066863 -0.158821 11.930000
-0.054706 -0.158952 11.930000
-0.042550 -0.159036 11.930000
-0.030393 -0.159092 11.930000
-0.018236 -0.159126 11.930000
-0.006079 -0.159142 11.930000
0.006079 -0.159142 11.930000
0.018236 -0.159126 11.930000
0.030393 -0.159092 11.930000
0.042550 -0.159036 11.930000
0.054706 -0.158952 11.930000
0.066863 -0.158821 11.930000
0.079017 -0.158585 11.930000
0.091154 -0.157884 11.930000
0.097830 -0.147723 11.930000
0.104112 -0.137315 11.930000
0.110303 -0.126853 11.930000
0.116455 -0.116367 11.930000
0.122581 -0.105867 11.930000
0.128689 -0.095355 11.930000
0.134782 -0.084835 11.930000
0.140861 -0.074307 11.930000
0.146925 -0.063771 11.930000
0.152974 -0.053225 11.930000
0.159004 -0.042669 11.930000
0.165010 -0.032099 11.930000
0.170974 -0.021506 11.930000
0.176847 -0.010861 11.930000
0.182308 0.000000 11.930000

