0.256011 0.000000 22.320000
0.248286 0.015224 22.320000
0.240015 0.030157 22.320000
0.231624 0.045024 22.320000
0.223180 0.059861 22.320000
0.214704 0.074679 22.320000
0.206204 0.089484 22.320000
0.197685 0.104278 22.320000
0.189150 0.119062 22.320000
0.180597 0.133836 22.320000
0.172026 0.148599 22.320000
0.163431 0.163349 22.320000
0.154804 0.178081 22.320000
0.146125 0.192781 22.320000
0.137327 0.207410 22.320000
0.128005 0.221712 22.320000
0.110959 0.222634 22.320000
0.093891 0.222938 22.320000
0.076820 0.223105 22.320000
0.059749 0.223210 22.320000
0.042678 0.223278 22.320000
0.025607 0.223320 22.320000
0.008536 0.223339 22.320000
-0.008536 0.223339 22.320000
-0.025607 0.223320 22.320000
-0.042678 0.223278 22.320000
-0.059749 0.223210 22.320000
-0.076820 0.223105 22.320000
-0.093891 0.222938 22.320000
-0.110959 0.222634 22.320000
-0.128005 0.221712 22.320000
-0.137327 0.207410 22.320000
-0.146125 0.192781 22.320000
-0.154804 0.178081 22.320000
-0.163431 0.163349 22.320000
-0.172026 0.148599 22.320000
-0.180597 0.133836 22.320000
-0.189150 0.119062 22.320000
-0.197685 0.104278 22.320000
-0.206204 0.089484 22.320000
-0.214704 0.074679 22.320000
-0.223180 0.059861 22.320000
-0.231624 0.045024 22.320000
-0.240015 0.030157 22.320000
-0.248286 0.015224 22.320000
-0.256011 0.000000 22.320000
-0.248286 -0.015224 22.320000
-0.240015 -0.030157 22.320000
-0.231624 -0.045024 22.320000
-0.223180 -0.059861 22.320000
-0.214704 -0.074679 22.320000
-0.206204 -0.089484 22.320000
-0.197685 -0.104278 22.320000
-0.189150 -0.119062 22.320000
-0.180597 -0.133836 22.320000
-0.172026 -0.148599 22.320000
-0.163431 -0.163349 22.320000
-0.154804 -0.178081 22.320000
-0.146125 -0.192781 22.320000
-0.137327 -0.207410 22.320000
-0.128005 -0.221712 22.320000
-0.110959 -0.222634 22.320000
-0.093891 -0.222938 22.320000
-0.076820 -0.223105 22.320000
-0.059749 -0.223210 22.320000
-0.042678 -0.223278 22.320000
-0.025607 -0.223320 22.320000
-0.008536 -0.223339 22.320000
0.008536 -0.223339 22.320000
0.025607 -0.223320 22.320000
0.042678 -0.223278 22.320000
0.059749 -0.223210 22.320000
0.076820 -0.223105 22.320000
0.093891 -0.222938 22.320000
0.110959 -0.222634 22.320000
0.128005 -0.221712 22.320000
0.137327 -0.207410 22.320000
0.146125 -0.192781 22.320000
0.154804 -0.178081 22.320000
0.163431 -0.163349 22.320000
0.172026 -0.148599 22.320000
0.180597 -0.133836 22.320000
0.189150 -0.119062 22.320000
0.197685 -0.104278 22.320000
0.206204 -0.089484 22.320000
0.214704 -0.074679 22.320000
0.223180 -0.059861 22.320000
0.231624 -0.045024 22.320000
0.240015 -0.030157 22.320000
0.248286 -0.015224 22.320000
0.256011 0.000000 22.320000

