0.323998 0.000000 33.730000
0.314164 0.019236 33.730000
0.303671 0.038121 33.730000
0.293034 0.056925 33.730000
0.282334 0.075694 33.730000
0.271596 0.094440 33.730000
0.260833 0.113172 33.730000
0.250048 0.131892 33.730000
0.239246 0.150602 33.730000
0.228426 0.169301 33.730000
0.217586 0.187989 33.730000
0.206719 0.206662 33.730000
0.195816 0.225312 33.730000
0.184849 0.243926 33.730000
0.173741 0.262456 33.730000
0.161999 0.280590 33.730000
0.140423 0.281692 33.730000
0.118822 0.282047 33.730000
0.097218 0.282238 33.730000
0.075614 0.282355 33.730000
0.054010 0.282429 33.730000
0.032406 0.282474 33.730000
0.010802 0.282494 33.730000
-0.010802 0.282494 33.730000
-0.032406 0.282474 33.730000
-0.054010 0.282429 33.730000
-0.075614 0.282355 33.730000
-0.097218 0.282238 33.730000
-0.118822 0.282047 33.730000
-0.140423 0.281692 33.730000
-0.161999 0.280590 33.730000
-0.173741 0.262456 33.730000
-0.184849 0.243926 33.730000
-0.195816 0.225312 33.730000
-0.206719 0.206662 33.730000
-0.217586 0.187989 33.730000
-0.228426 0.169301 33.730000
-0.239246 0.150602 33.730000
-0.250048 0.131892 33.730000
-0.260833 0.113172 33.730000
-0.271596 0.094440 33.730000
-0.282334 0.075694 33.730000
-0.293034 0.056925 33.730000
-0.303671 0.038121 33.730000
-0.314164 0.019236 33.730000
-0.323998 0.000000 33.730000
-0.314164 -0.019236 33.730000
-0.303671 -0.038121 33.730000
-0.293034 -0.056925 33.730000
-0.282334 -0.075694 33.730000
-0.271596 -0.094440 33.730000
-0.260833 -0.113172 33.730000
-0.250048 -0.131892 33.730000
-0.239246 -0.150602 33.730000
-0.228426 -0.169301 33.730000
-0.217586 -0.187989 33.730000
-0.206719 -0.206662 33.730000
-0.195816 -0.225312 33.730000
-0.184849 -0.243926 33.730000
-0.173741 -0.262456 33.730000
-0.161999 -0.280590 33.730000
-0.140423 -0.281692 33.730000
-0.118822 -0.282047 33.730000
-0.097218 -0.282238 33.730000
-0.075614 -0.282355 33.730000
-0.054010 -0.282429 33.730000
-0.032406 -0.282474 33.730000
-0.010802 -0.282494 33.730000
0.010802 -0.282494 33.730000
0.032406 -0.282474 33.730000
0.054010 -0.282429 33.730000
0.075614 -0.282355 33.730000
0.097218 -0.282238 33.730000
0.118822 -0.282047 33.730000
0.140423 -0.281692 33.730000
0.161999 -0.280590 33.730000
0.173741 -0.262456 33.730000
0.184849 -0.243926 33.730000
0.195816 -0.225312 33.730000
0.206719 -0.206662 33.730000
0.217586 -0.187989 33.730000
0.228426 -0.169301 33.730000
0.239246 -0.150602 33.730000
0.250048 -0.131892 33.730000
0.260833 -0.113172 33.730000
0.271596 -0.094440 33.730000
0.282334 -0.075694 33.730000
0.293034 -0.056925 33.730000
0.303671 -0.038121 33.730000
0.314164 -0.019236 33.730000
0.323998 0.000000 33.730000

