0.211294 0.000000 15.750000
0.204946 0.012579 15.750000
0.198131 0.024911 15.750000
0.191214 0.037185 15.750000
0.184250 0.049434 15.750000
0.177258 0.061667 15.750000
0.170246 0.073887 15.750000
0.163216 0.086098 15.750000
0.156172 0.098300 15.750000
0.149111 0.110494 15.750000
0.142034 0.122677 15.750000
0.134936 0.134848 15.750000
0.127810 0.147003 15.750000
0.120639 0.159131 15.750000
0.113366 0.171199 15.750000
0.105647 0.182986 15.750000
0.091580 0.183778 15.750000
0.077492 0.184042 15.750000
0.063403 0.184189 15.750000
0.049314 0.184282 15.750000
0.035224 0.184343 15.750000
0.021135 0.184381 15.750000
0.007045 0.184399 15.750000
-0.007045 0.184399 15.750000
-0.021135 0.184381 15.750000
-0.035224 0.184343 15.750000
-0.049314 0.184282 15.750000
-0.063403 0.184189 15.750000
-0.077492 0.184042 15.750000
-0.091580 0.183778 15.750000
-0.105647 0.182986 15.750000
-0.113366 0.171199 15.750000
-0.120639 0.159131 15.750000
-0.127810 0.147003 15.750000
-0.134936 0.134848 15.750000
-0.142034 0.122677 15.750000
-0.149111 0.110494 15.750000
-0.156172 0.098300 15.750000
-0.163216 0.086098 15.750000
-0.170246 0.073887 15.750000
-0.177258 0.061667 15.750000
-0.184250 0.049434 15.750000
-0.191214 0.037185 15.750000
-0.198131 0.024911 15.750000
-0.204946 0.012579 15.750000
-0.211294 0.000000 15.750000
-0.204946 -0.012579 15.750000
-0.198131 -0.024911 15.750000
-0.191214 -0.037185 15.750000
-0.184250 -0.049434 15.750000
-0.177258 -0.061667 15.750000
-0.170246 -0.073887 15.750000
-0.163216 -0.086098 15.750000
-0.156172 -0.098300 15.750000
-0.149111 -0.110494 15.750000
-0.142034 -0.122677 15.750000
-0.134936 -0.134848 15.750000
-0.127810 -0.147003 15.750000
-0.120639 -0.159131 15.750000
-0.113366 -0.171199 15.750000
-0.105647 -0.182986 15.750000
-0.091580 -0.183778 15.750000
-0.077492 -0.184042 15.750000
-0.063403 -0.184189 15.750000
-0.049314 -0.184282 15.750000
-0.035224 -0.184343 15.750000
-0.021135 -0.184381 15.750000
-0.007045 -0.184399 15.750000
0.007045 -0.184399 15.750000
0.021135 -0.184381 15.750000
0.035224 -0.184343 15.750000
0.049314 -0.184282 15.750000
0.063403 -0.184189 15.750000
0.077492 -0.184042 15.750000
0.091580 -0.183778 15.750000
0.105647 -0.182986 15.750000
0.113366 -0.171199 15.750000
0.120639 -0.159131 15.750000
0.127810 -0.147003 15.750000
0.134936 -0.134848 15.750000
0.142034 -0.122677 15.750000
0.149111 -0.110494 15.750000
0.156172 -0.098300 15.750000
0.163216 -0.086098 15.750000
0.170246 -0.073887 15.750000
0.177258 -0.061667 15.750000
0.184250 -0.049434 15.750000
0.191214 -0.037185 15.750000
0.198131 -0.024911 15.750000
0.204946 -0.012579 15.750000
0.211294 0.000000 15.750000

