0.241620 0.000000 20.120000
0.234340 0.014373 20.120000
0.226538 0.028470 20.120000
0.218621 0.042503 20.120000
0.210654 0.056506 20.120000
0.202656 0.070493 20.120000
0.194635 0.084466 20.120000
0.186595 0.098429 20.120000
0.178540 0.112382 20.120000
0.170467 0.126326 20.120000
0.162376 0.140259 20.120000
0.154263 0.154179 20.120000
0.146119 0.168080 20.120000
0.137925 0.181953 20.120000
0.129617 0.195758 20.120000
0.120810 0.209249 20.120000
0.104723 0.210131 20.120000
0.088613 0.210423 20.120000
0.072502 0.210583 20.120000
0.056391 0.210685 20.120000
0.040279 0.210751 20.120000
0.024168 0.210792 20.120000
0.008056 0.210811 20.120000
-0.008056 0.210811 20.120000
-0.024168 0.210792 20.120000
-0.040279 0.210751 20.120000
-0.056391 0.210685 20.120000
-0.072502 0.210583 20.120000
-0.088613 0.210423 20.120000
-0.104723 0.210131 20.120000
-0.120810 0.209249 20.120000
-0.129617 0.195758 20.120000
-0.137925 0.181953 20.120000
-0.146119 0.168080 20.120000
-0.154263 0.154179 20.120000
-0.162376 0.140259 20.120000
-0.170467 0.126326 20.120000
-0.178540 0.112382 20.120000
-0.186595 0.098429 20.120000
-0.194635 0.084466 20.120000
-0.202656 0.070493 20.120000
-0.210654 0.056506 20.120000
-0.218621 0.042503 20.120000
-0.226538 0.028470 20.120000
-0.234340 0.014373 20.120000
-0.241620 0.000000 20.120000
-0.234340 -0.014373 20.120000
-0.226538 -0.028470 20.120000
-0.218621 -0.042503 20.120000
-0.210654 -0.056506 20.120000
-0.202656 -0.070493 20.120000
-0.194635 -0.084466 20.120000
-0.186595 -0.098429 20.120000
-0.178540 -0.112382 20.120000
-0.170467 -0.126326 20.120000
-0.162376 -0.140259 20.120000
-0.154263 -0.154179 20.120000
-0.146119 -0.168080 20.120000
-0.137925 -0.181953 20.120000
-0.129617 -0.195758 20.120000
-0.120810 -0.209249 20.120000
-0.104723 -0.210131 20.120000
-0.088613 -0.210423 20.120000
-0.072502 -0.210583 20.120000
-0.056391 -0.210685 20.120000
-0.040279 -0.210751 20.120000
-0.024168 -0.210792 20.120000
-0.008056 -0.210811 20.120000
0.008056 -0.210811 20.120000
0.024168 -0.210792 20.120000
0.040279 -0.210751 20.120000
0.056391 -0.210685 20.120000
0.072502 -0.210583 20.120000
0.088613 -0.210423 20.120000
0.104723 -0.210131 20.120000
0.120810 -0.209249 20.120000
0.129617 -0.195758 20.120000
0.137925 -0.181953 20.120000
0.146119 -0.168080 20.120000
0.154263 -0.154179 20.120000
0.162376 -0.140259 20.120000
0.170467 -0.126326 20.120000
0.178540 -0.112382 20.120000
0.186595 -0.098429 20.120000
0.194635 -0.084466 20.120000
0.202656 -0.070493 20.120000
0.210654 -0.056506 20.120000
0.218621 -0.042503 20.120000
0.226538 -0.028470 20.120000
0.234340 -0.014373 20.120000
0.241620 0.000000 20.120000

