0.301581 0.000000 29.790000
0.292445 0.017914 29.790000
0.282686 0.035497 29.790000
0.272790 0.053003 29.790000
0.262834 0.070476 29.790000
0.252843 0.087927 29.790000
0.242826 0.105365 29.790000
0.232789 0.122790 29.790000
0.222734 0.140206 29.790000
0.212661 0.157611 29.790000
0.202569 0.175005 29.790000
0.192451 0.192383 29.790000
0.182297 0.209741 29.790000
0.172084 0.227064 29.790000
0.161737 0.244308 29.790000
0.150791 0.261177 29.790000
0.130708 0.262222 29.790000
0.110601 0.262561 29.790000
0.090493 0.262745 29.790000
0.070383 0.262859 29.790000
0.050274 0.262932 29.790000
0.030164 0.262976 29.790000
0.010055 0.262996 29.790000
-0.010055 0.262996 29.790000
-0.030164 0.262976 29.790000
-0.050274 0.262932 29.790000
-0.070383 0.262859 29.790000
-0.090493 0.262745 29.790000
-0.110601 0.262561 29.790000
-0.130708 0.262222 29.790000
-0.150791 0.261177 29.790000
-0.161737 0.244308 29.790000
-0.172084 0.227064 29.790000
-0.182297 0.209741 29.790000
-0.192451 0.192383 29.790000
-0.202569 0.175005 29.790000
-0.212661 0.157611 29.790000
-0.222734 0.140206 29.790000
-0.232789 0.122790 29.790000
-0.242826 0.105365 29.790000
-0.252843 0.087927 29.790000
-0.262834 0.070476 29.790000
-0.272790 0.053003 29.790000
-0.282686 0.035497 29.790000
-0.292445 0.017914 29.790000
-0.301581 0.000000 29.790000
-0.292445 -0.017914 29.790000
-0.282686 -0.035497 29.790000
-0.272790 -0.053003 29.790000
-0.262834 -0.070476 29.790000
-0.252843 -0.087927 29.790000
-0.242826 -0.105365 29.790000
-0.232789 -0.122790 29.790000
-0.222734 -0.140206 29.790000
-0.212661 -0.157611 29.790000
-0.202569 -0.175005 29.790000
-0.192451 -0.192383 29.790000
-0.182297 -0.209741 29.790000
-0.172084 -0.227064 29.790000
-0.161737 -0.244308 29.790000
-0.150791 -0.261177 29.790000
-0.130708 -0.262222 29.790000
-0.110601 -0.262561 29.790000
-0.090493 -0.262745 29.790000
-0.070383 -0.262859 29.790000
-0.050274 -0.262932 29.790000
-0.030164 -0.262976 29.790000
-0.010055 -0.262996 29.790000
0.010055 -0.262996 29.790000
0.030164 -0.262976 29.790000
0.050274 -0.262932 29.790000
0.070383 -0.262859 29.790000
0.090493 -0.262745 29.790000
0.110601 -0.262561 29.790000
0.130708 -0.262222 29.790000
0.150791 -0.261177 29.790000
0.161737 -0.244308 29.790000
0.172084 -0.227064 29.790000
0.182297 -0.209741 29.790000
0.192451 -0.192383 29.790000
0.202569 -0.175005 29.790000
0.212661 -0.157611 29.790000
0.222734 -0.140206 29.790000
0.232789 -0.122790 29.790000
0.242826 -0.105365 29.790000
0.252843 -0.087927 29.790000
0.262834 -0.070476 29.790000
0.272790 -0.053003 29.790000
0.282686 -0.035497 29.790000
0.292445 -0.017914 29.790000
0.301581 0.000000 29.790000

