0.343327 0.000000 37.260000
0.332890 0.020375 37.260000
0.321764 0.040383 37.260000
0.310487 0.060305 37.260000
0.299144 0.080191 37.260000
0.287763 0.100054 37.260000
0.276355 0.119902 37.260000
0.264926 0.139738 37.260000
0.253480 0.159564 37.260000
0.242016 0.179379 37.260000
0.230531 0.199183 37.260000
0.219020 0.218971 37.260000
0.207470 0.238737 37.260000
0.195854 0.258464 37.260000
0.184091 0.278104 37.260000
0.171663 0.297330 37.260000
0.148799 0.298479 37.260000
0.125910 0.298847 37.260000
0.103017 0.299042 37.260000
0.080125 0.299162 37.260000
0.057232 0.299237 37.260000
0.034339 0.299281 37.260000
0.011446 0.299302 37.260000
-0.011446 0.299302 37.260000
-0.034339 0.299281 37.260000
-0.057232 0.299237 37.260000
-0.080125 0.299162 37.260000
-0.103017 0.299042 37.260000
-0.125910 0.298847 37.260000
-0.148799 0.298479 37.260000
-0.171663 0.297330 37.260000
-0.184091 0.278104 37.260000
-0.195854 0.258464 37.260000
-0.207470 0.238737 37.260000
-0.219020 0.218971 37.260000
-0.230531 0.199183 37.260000
-0.242016 0.179379 37.260000
-0.253480 0.159564 37.260000
-0.264926 0.139738 37.260000
-0.276355 0.119902 37.260000
-0.287763 0.100054 37.260000
-0.299144 0.080191 37.260000
-0.310487 0.060305 37.260000
-0.321764 0.040383 37.260000
-0.332890 0.020375 37.260000
-0.343327 0.000000 37.260000
-0.332890 -0.020375 37.260000
-0.321764 -0.040383 37.260000
-0.310487 -0.060305 37.260000
-0.299144 -0.080191 37.260000
-0.287763 -0.100054 37.260000
-0.276355 -0.119902 37.260000
-0.264926 -0.139738 37.260000
-0.253480 -0.159564 37.260000
-0.242016 -0.179379 37.260000
-0.230531 -0.199183 37.260000
-0.219020 -0.218971 37.260000
-0.207470 -0.238737 37.260000
-0.195854 -0.258464 37.260000
-0.184091 -0.278104 37.260000
-0.171663 -0.297330 37.260000
-0.148799 -0.298479 37.260000
-0.125910 -0.298847 37.260000
-0.103017 -0.299042 37.260000
-0.080125 -0.299162 37.260000
-0.057232 -0.299237 37.260000
-0.034339 -0.299281 37.260000
-0.011446 -0.299302 37.260000
0.011446 -0.299302 37.260000
0.034339 -0.299281 37.260000
0.057232 -0.299237 37.260000
0.080125 -0.299162 37.260000
0.103017 -0.299042 37.260000
0.125910 -0.298847 37.260000
0.148799 -0.298479 37.260000
0.171663 -0.297330 37.260000
0.184091 -0.278104 37.260000
0.195854 -0.258464 37.260000
0.207470 -0.238737 37.260000
0.219020 -0.218971 37.260000
0.230531 -0.199183 37.260000
0.242016 -0.179379 37.260000
0.253480 -0.159564 37.260000
0.264926 -0.139738 37.260000
0.276355 -0.119902 37.260000
0.287763 -0.100054 37.260000
0.299144 -0.080191 37.260000
0.310487 -0.060305 37.260000
0.321764 -0.040383 37.260000
0.332890 -0.020375 37.260000
0.343327 0.000000 37.260000

