0.072049 -0.000000 1.090000
0.069917 0.004306 1.090000
0.067606 0.008518 1.090000
0.065255 0.012709 1.090000
0.062886 0.016889 1.090000
0.060506 0.021063 1.090000
0.058117 0.025232 1.090000
0.055721 0.029396 1.090000
0.053319 0.033558 1.090000
0.050910 0.037715 1.090000
0.048494 0.041868 1.090000
0.046069 0.046016 1.090000
0.043634 0.050158 1.090000
0.041180 0.054289 1.090000
0.038687 0.058397 1.090000
0.036025 0.062396 1.090000
0.031230 0.062702 1.090000
0.026426 0.062808 1.090000
0.021621 0.062867 1.090000
0.016817 0.062905 1.090000
0.012012 0.062931 1.090000
0.007207 0.062946 1.090000
0.002402 0.062954 1.090000
-0.002402 0.062954 1.090000
-0.007207 0.062946 1.090000
-0.012012 0.062931 1.090000
-0.016817 0.062905 1.090000
-0.021621 0.062867 1.090000
-0.026426 0.062808 1.090000
-0.031230 0.062702 1.090000
-0.036025 0.062396 1.090000
-0.038687 0.058397 1.090000
-0.041180 0.054289 1.090000
-0.043634 0.050158 1.090000
-0.046069 0.046016 1.090000
-0.048494 0.041868 1.090000
-0.050910 0.037715 1.090000
-0.053319 0.033558 1.090000
-0.055721 0.029396 1.090000
-0.058117 0.025232 1.090000
-0.060506 0.021063 1.090000
-0.062886 0.016889 1.090000
-0.065255 0.012709 1.090000
-0.067606 0.008518 1.090000
-0.069917 0.004306 1.090000
-0.072049 -0.000000 1.090000
-0.069917 -0.004306 1.090000
-0.067606 -0.008518 1.090000
-0.065255 -0.012709 1.090000
-0.062886 -0.016889 1.090000
-0.060506 -0.021063 1.090000
-0.058117 -0.025232 1.090000
-0.055721 -0.029396 1.090000
-0.053319 -0.033558 1.090000
-0.050910 -0.037715 1.090000
-0.048494 -0.041868 1.090000
-0.046069 -0.046016 1.090000
-0.043634 -0.050158 1.090000
-0.041180 -0.054289 1.090000
-0.038687 -0.058397 1.090000
-0.036025 -0.062396 1.090000
-0.031230 -0.062702 1.090000
-0.026426 -0.062808 1.090000
-0.021621 -0.062867 1.090000
-0.016817 -0.062905 1.090000
-0.012012 -0.062931 1.090000
-0.007207 -0.062946 1.090000
-0.002402 -0.062954 1.090000
0.002402 -0.062954 1.090000
0.007207 -0.062946 1.090000
0.012012 -0.062931 1.090000
0.016817 -0.062905 1.090000
0.021621 -0.062867 1.090000
0.026426 -0.062808 1.090000
0.031230 -0.062702 1.090000
0.036025 -0.062396 1.090000
0.038687 -0.058397 1.090000
0.041180 -0.054289 1.090000
0.043634 -0.050158 1.090000
0.046069 -0.046016 1.090000
0.048494 -0.041868 1.090000
0.050910 -0.037715 1.090000
0.053319 -0.033558 1.090000
0.055721 -0.029396 1.090000
0.058117 -0.025232 1.090000
0.060506 -0.021063 1.090000
0.062886 -0.016889 1.090000
0.065255 -0.012709 1.090000
0.067606 -0.008518 1.090000
0.069917 -0.004306 1.090000
0.072049 -0.000000 1.090000

