0.309256 0.000000 31.120000
0.299882 0.018367 31.120000
0.289871 0.036396 31.120000
0.279722 0.054346 31.120000
0.269511 0.072262 31.120000
0.259264 0.090158 31.120000
0.248992 0.108038 31.120000
0.238699 0.125907 31.120000
0.228388 0.143766 31.120000
0.218060 0.161614 31.120000
0.207711 0.179451 31.120000
0.197337 0.197272 31.120000
0.186926 0.215073 31.120000
0.176455 0.232838 31.120000
0.165847 0.250522 31.120000
0.154628 0.267824 31.120000
0.134034 0.268889 31.120000
0.113416 0.269233 31.120000
0.092795 0.269419 31.120000
0.072174 0.269535 31.120000
0.051553 0.269608 31.120000
0.030932 0.269652 31.120000
0.010311 0.269673 31.120000
-0.010311 0.269673 31.120000
-0.030932 0.269652 31.120000
-0.051553 0.269608 31.120000
-0.072174 0.269535 31.120000
-0.092795 0.269419 31.120000
-0.113416 0.269233 31.120000
-0.134034 0.268889 31.120000
-0.154628 0.267824 31.120000
-0.165847 0.250522 31.120000
-0.176455 0.232838 31.120000
-0.186926 0.215073 31.120000
-0.197337 0.197272 31.120000
-0.207711 0.179451 31.120000
-0.218060 0.161614 31.120000
-0.228388 0.143766 31.120000
-0.238699 0.125907 31.120000
-0.248992 0.108038 31.120000
-0.259264 0.090158 31.120000
-0.269511 0.072262 31.120000
-0.279722 0.054346 31.120000
-0.289871 0.036396 31.120000
-0.299882 0.018367 31.120000
-0.309256 0.000000 31.120000
-0.299882 -0.018367 31.120000
-0.289871 -0.036396 31.120000
-0.279722 -0.054346 31.120000
-0.269511 -0.072262 31.120000
-0.259264 -0.090158 31.120000
-0.248992 -0.108038 31.120000
-0.238699 -0.125907 31.120000
-0.228388 -0.143766 31.120000
-0.218060 -0.161614 31.120000
-0.207711 -0.179451 31.120000
-0.197337 -0.197272 31.120000
-0.186926 -0.215073 31.120000
-0.176455 -0.232838 31.120000
-0.165847 -0.250522 31.120000
-0.154628 -0.267824 31.120000
-0.134034 -0.268889 31.120000
-0.113416 -0.269233 31.120000
-0.092795 -0.269419 31.120000
-0.072174 -0.269535 31.120000
-0.051553 -0.269608 31.120000
-0.030932 -0.269652 31.120000
-0.010311 -0.269673 31.120000
0.010311 -0.269673 31.120000
0.030932 -0.269652 31.120000
0.051553 -0.269608 31.120000
0.072174 -0.269535 31.120000
0.092795 -0.269419 31.120000
0.113416 -0.269233 31.120000
0.134034 -0.268889 31.120000
0.154628 -0.267824 31.120000
0.165847 -0.250522 31.120000
0.176455 -0.232838 31.120000
0.186926 -0.215073 31.120000
0.197337 -0.197272 31.120000
0.207711 -0.179451 31.120000
0.218060 -0.161614 31.120000
0.228388 -0.143766 31.120000
0.238699 -0.125907 31.120000
0.248992 -0.108038 31.120000
0.259264 -0.090158 31.120000
0.269511 -0.072262 31.120000
0.279722 -0.054346 31.120000
0.289871 -0.036396 31.120000
0.299882 -0.018367 31.120000
0.309256 0.000000 31.120000

