0.062826 -0.000000 0.490000
0.060969 0.003755 0.490000
0.058955 0.007429 0.490000
0.056905 0.011084 0.490000
0.054840 0.014729 0.490000
0.052764 0.018368 0.490000
0.050681 0.022004 0.490000
0.048592 0.025636 0.490000
0.046497 0.029264 0.490000
0.044396 0.032889 0.490000
0.042290 0.036511 0.490000
0.040175 0.040128 0.490000
0.038051 0.043739 0.490000
0.035911 0.047342 0.490000
0.033737 0.050923 0.490000
0.031413 0.054409 0.490000
0.027232 0.054678 0.490000
0.023043 0.054771 0.490000
0.018854 0.054823 0.490000
0.014664 0.054857 0.490000
0.010474 0.054879 0.490000
0.006285 0.054893 0.490000
0.002095 0.054900 0.490000
-0.002095 0.054900 0.490000
-0.006285 0.054893 0.490000
-0.010474 0.054879 0.490000
-0.014664 0.054857 0.490000
-0.018854 0.054823 0.490000
-0.023043 0.054771 0.490000
-0.027232 0.054678 0.490000
-0.031413 0.054409 0.490000
-0.033737 0.050923 0.490000
-0.035911 0.047342 0.490000
-0.038051 0.043739 0.490000
-0.040175 0.040128 0.490000
-0.042290 0.036511 0.490000
-0.044396 0.032889 0.490000
-0.046497 0.029264 0.490000
-0.048592 0.025636 0.490000
-0.050681 0.022004 0.490000
-0.052764 0.018368 0.490000
-0.054840 0.014729 0.490000
-0.056905 0.011084 0.490000
-0.058955 0.007429 0.490000
-0.060969 0.003755 0.490000
-0.062826 -0.000000 0.490000
-0.060969 -0.003755 0.490000
-0.058955 -0.007429 0.490000
-0.056905 -0.011084 0.490000
-0.054840 -0.014729 0.490000
-0.052764 -0.018368 0.490000
-0.050681 -0.022004 0.490000
-0.048592 -0.025636 0.490000
-0.046497 -0.029264 0.490000
-0.044396 -0.032889 0.490000
-0.042290 -0.036511 0.490000
-0.040175 -0.040128 0.490000
-0.038051 -0.043739 0.490000
-0.035911 -0.047342 0.490000
-0.033737 -0.050923 0.490000
-0.031413 -0.054409 0.490000
-0.027232 -0.054678 0.490000
-0.023043 -0.054771 0.490000
-0.018854 -0.054823 0.490000
-0.014664 -0.054857 0.490000
-0.010474 -0.054879 0.490000
-0.006285 -0.054893 0.490000
-0.002095 -0.054900 0.490000
0.002095 -0.054900 0.490000
0.006285 -0.054893 0.490000
0.010474 -0.054879 0.490000
0.014664 -0.054857 0.490000
0.018854 -0.054823 0.490000
0.023043 -0.054771 0.490000
0.027232 -0.054678 0.490000
0.031413 -0.054409 0.490000
0.033737 -0.050923 0.490000
0.035911 -0.047342 0.490000
0.038051 -0.043739 0.490000
0.040175 -0.040128 0.490000
0.042290 -0.036511 0.490000
0.044396 -0.032889 0.490000
0.046497 -0.029264 0.490000
0.048592 -0.025636 0.490000
0.050681 -0.022004 0.490000
0.052764 -0.018368 0.490000
0.054840 -0.014729 0.490000
0.056905 -0.011084 0.490000
0.058955 -0.007429 0.490000
0.060969 -0.003755 0.490000
0.062826 -0.000000 0.490000

