0.298899 0.000000 29.330000
0.289846 0.017756 29.330000
0.280175 0.035183 29.330000
0.270368 0.052534 29.330000
0.260501 0.069851 29.330000
0.250599 0.087148 29.330000
0.240671 0.104430 29.330000
0.230724 0.121701 29.330000
0.220758 0.138962 29.330000
0.210775 0.156212 29.330000
0.200772 0.173451 29.330000
0.190743 0.190675 29.330000
0.180680 0.207878 29.330000
0.170557 0.225047 29.330000
0.160300 0.242136 29.330000
0.149450 0.258854 29.330000
0.129546 0.259892 29.330000
0.109618 0.260230 29.330000
0.089688 0.260412 29.330000
0.069758 0.260526 29.330000
0.049827 0.260599 29.330000
0.029896 0.260643 29.330000
0.009965 0.260663 29.330000
-0.009965 0.260663 29.330000
-0.029896 0.260643 29.330000
-0.049827 0.260599 29.330000
-0.069758 0.260526 29.330000
-0.089688 0.260412 29.330000
-0.109618 0.260230 29.330000
-0.129546 0.259892 29.330000
-0.149450 0.258854 29.330000
-0.160300 0.242136 29.330000
-0.170557 0.225047 29.330000
-0.180680 0.207878 29.330000
-0.190743 0.190675 29.330000
-0.200772 0.173451 29.330000
-0.210775 0.156212 29.330000
-0.220758 0.138962 29.330000
-0.230724 0.121701 29.330000
-0.240671 0.104430 29.330000
-0.250599 0.087148 29.330000
-0.260501 0.069851 29.330000
-0.270368 0.052534 29.330000
-0.280175 0.035183 29.330000
-0.289846 0.017756 29.330000
-0.298899 0.000000 29.330000
-0.289846 -0.017756 29.330000
-0.280175 -0.035183 29.330000
-0.270368 -0.052534 29.330000
-0.260501 -0.069851 29.330000
-0.250599 -0.087148 29.330000
-0.240671 -0.104430 29.330000
-0.230724 -0.121701 29.330000
-0.220758 -0.138962 29.330000
-0.210775 -0.156212 29.330000
-0.200772 -0.173451 29.330000
-0.190743 -0.190675 29.330000
-0.180680 -0.207878 29.330000
-0.170557 -0.225047 29.330000
-0.160300 -0.242136 29.330000
-0.149450 -0.258854 29.330000
-0.129546 -0.259892 29.330000
-0.109618 -0.260230 29.330000
-0.089688 -0.260412 29.330000
-0.069758 -0.260526 29.330000
-0.049827 -0.260599 29.330000
-0.029896 -0.260643 29.330000
-0.009965 -0.260663 29.330000
0.009965 -0.260663 29.330000
0.029896 -0.260643 29.330000
0.049827 -0.260599 29.330000
0.069758 -0.260526 29.330000
0.089688 -0.260412 29.330000
0.109618 -0.260230 29.330000
0.129546 -0.259892 29.330000
0.149450 -0.258854 29.330000
0.160300 -0.242136 29.330000
0.170557 -0.225047 29.330000
0.180680 -0.207878 29.330000
0.190743 -0.190675 29.330000
0.200772 -0.173451 29.330000
0.210775 -0.156212 29.330000
0.220758 -0.138962 29.330000
0.230724 -0.121701 29.330000
0.240671 -0.104430 29.330000
0.250599 -0.087148 29.330000
0.260501 -0.069851 29.330000
0.270368 -0.052534 29.330000
0.280175 -0.035183 29.330000
0.289846 -0.017756 29.330000
0.298899 0.000000 29.330000

