0.365320 0.000000 41.420000
0.354196 0.021671 41.420000
0.342348 0.042954 41.420000
0.330342 0.064150 41.420000
0.318268 0.085306 41.420000
0.306154 0.106439 41.420000
0.294012 0.127557 41.420000
0.281850 0.148662 41.420000
0.269670 0.169758 41.420000
0.257473 0.190844 41.420000
0.245256 0.211917 41.420000
0.233011 0.232975 41.420000
0.220727 0.254010 41.420000
0.208373 0.275005 41.420000
0.195865 0.295907 41.420000
0.182660 0.316376 41.420000
0.158330 0.317578 41.420000
0.133974 0.317959 41.420000
0.109616 0.318160 41.420000
0.085257 0.318281 41.420000
0.060898 0.318357 41.420000
0.036539 0.318400 41.420000
0.012180 0.318421 41.420000
-0.012180 0.318421 41.420000
-0.036539 0.318400 41.420000
-0.060898 0.318357 41.420000
-0.085257 0.318281 41.420000
-0.109616 0.318160 41.420000
-0.133974 0.317959 41.420000
-0.158330 0.317578 41.420000
-0.182660 0.316376 41.420000
-0.195865 0.295907 41.420000
-0.208373 0.275005 41.420000
-0.220727 0.254010 41.420000
-0.233011 0.232975 41.420000
-0.245256 0.211917 41.420000
-0.257473 0.190844 41.420000
-0.269670 0.169758 41.420000
-0.281850 0.148662 41.420000
-0.294012 0.127557 41.420000
-0.306154 0.106439 41.420000
-0.318268 0.085306 41.420000
-0.330342 0.064150 41.420000
-0.342348 0.042954 41.420000
-0.354196 0.021671 41.420000
-0.365320 0.000000 41.420000
-0.354196 -0.021671 41.420000
-0.342348 -0.042954 41.420000
-0.330342 -0.064150 41.420000
-0.318268 -0.085306 41.420000
-0.306154 -0.106439 41.420000
-0.294012 -0.127557 41.420000
-0.281850 -0.148662 41.420000
-0.269670 -0.169758 41.420000
-0.257473 -0.190844 41.420000
-0.245256 -0.211917 41.420000
-0.233011 -0.232975 41.420000
-0.220727 -0.254010 41.420000
-0.208373 -0.275005 41.420000
-0.195865 -0.295907 41.420000
-0.182660 -0.316376 41.420000
-0.158330 -0.317578 41.420000
-0.133974 -0.317959 41.420000
-0.109616 -0.318160 41.420000
-0.085257 -0.318281 41.420000
-0.060898 -0.318357 41.420000
-0.036539 -0.318400 41.420000
-0.012180 -0.318421 41.420000
0.012180 -0.318421 41.420000
0.036539 -0.318400 41.420000
0.060898 -0.318357 41.420000
0.085257 -0.318281 41.420000
0.109616 -0.318160 41.420000
0.133974 -0.317959 41.420000
0.158330 -0.317578 41.420000
0.182660 -0.316376 41.420000
0.195865 -0.295907 41.420000
0.208373 -0.275005 41.420000
0.220727 -0.254010 41.420000
0.233011 -0.232975 41.420000
0.245256 -0.211917 41.420000
0.257473 -0.190844 41.420000
0.269670 -0.169758 41.420000
0.281850 -0.148662 41.420000
0.294012 -0.127557 41.420000
0.306154 -0.106439 41.420000
0.318268 -0.085306 41.420000
0.330342 -0.064150 41.420000
0.342348 -0.042954 41.420000
0.354196 -0.021671 41.420000
0.365320 0.000000 41.420000

