0.276768 0.000000 25.630000
0.268402 0.016450 25.630000
0.259453 0.032590 25.630000
0.250377 0.048660 25.630000
0.241245 0.064697 25.630000
0.232079 0.080715 25.630000
0.222888 0.096719 25.630000
0.213678 0.112712 25.630000
0.204450 0.128695 25.630000
0.195205 0.144667 25.630000
0.185941 0.160628 25.630000
0.176652 0.176576 25.630000
0.167329 0.192503 25.630000
0.157951 0.208398 25.630000
0.148447 0.224218 25.630000
0.138384 0.239688 25.630000
0.119955 0.240667 25.630000
0.101502 0.240988 25.630000
0.083048 0.241163 25.630000
0.064593 0.241273 25.630000
0.046138 0.241343 25.630000
0.027683 0.241386 25.630000
0.009228 0.241406 25.630000
-0.009228 0.241406 25.630000
-0.027683 0.241386 25.630000
-0.046138 0.241343 25.630000
-0.064593 0.241273 25.630000
-0.083048 0.241163 25.630000
-0.101502 0.240988 25.630000
-0.119955 0.240667 25.630000
-0.138384 0.239688 25.630000
-0.148447 0.224218 25.630000
-0.157951 0.208398 25.630000
-0.167329 0.192503 25.630000
-0.176652 0.176576 25.630000
-0.185941 0.160628 25.630000
-0.195205 0.144667 25.630000
-0.204450 0.128695 25.630000
-0.213678 0.112712 25.630000
-0.222888 0.096719 25.630000
-0.232079 0.080715 25.630000
-0.241245 0.064697 25.630000
-0.250377 0.048660 25.630000
-0.259453 0.032590 25.630000
-0.268402 0.016450 25.630000
-0.276768 0.000000 25.630000
-0.268402 -0.016450 25.630000
-0.259453 -0.032590 25.630000
-0.250377 -0.048660 25.630000
-0.241245 -0.064697 25.630000
-0.232079 -0.080715 25.630000
-0.222888 -0.096719 25.630000
-0.213678 -0.112712 25.630000
-0.204450 -0.128695 25.630000
-0.195205 -0.144667 25.630000
-0.185941 -0.160628 25.630000
-0.176652 -0.176576 25.630000
-0.167329 -0.192503 25.630000
-0.157951 -0.208398 25.630000
-0.148447 -0.224218 25.630000
-0.138384 -0.239688 25.630000
-0.119955 -0.240667 25.630000
-0.101502 -0.240988 25.630000
-0.083048 -0.241163 25.630000
-0.064593 -0.241273 25.630000
-0.046138 -0.241343 25.630000
-0.027683 -0.241386 25.630000
-0.009228 -0.241406 25.630000
0.009228 -0.241406 25.630000
0.027683 -0.241386 25.630000
0.046138 -0.241343 25.630000
0.064593 -0.241273 25.630000
0.083048 -0.241163 25.630000
0.101502 -0.240988 25.630000
0.119955 -0.240667 25.630000
0.138384 -0.239688 25.630000
0.148447 -0.224218 25.630000
0.157951 -0.208398 25.630000
0.167329 -0.192503 25.630000
0.176652 -0.176576 25.630000
0.185941 -0.160628 25.630000
0.195205 -0.144667 25.630000
0.204450 -0.128695 25.630000
0.213678 -0.112712 25.630000
0.222888 -0.096719 25.630000
0.232079 -0.080715 25.630000
0.241245 -0.064697 25.630000
0.250377 -0.048660 25.630000
0.259453 -0.032590 25.630000
0.268402 -0.016450 25.630000
0.276768 0.000000 25.630000

