0.342303 0.000000 37.070000
0.331898 0.020315 37.070000
0.320805 0.040263 37.070000
0.309563 0.060126 37.070000
0.298254 0.079953 37.070000
0.286907 0.099757 37.070000
0.275533 0.119546 37.070000
0.264138 0.139323 37.070000
0.252726 0.159089 37.070000
0.241296 0.178846 37.070000
0.229845 0.198590 37.070000
0.218368 0.218319 37.070000
0.206852 0.238026 37.070000
0.195271 0.257694 37.070000
0.183543 0.277275 37.070000
0.171151 0.296443 37.070000
0.148356 0.297590 37.070000
0.125534 0.297957 37.070000
0.102710 0.298152 37.070000
0.079886 0.298272 37.070000
0.057061 0.298347 37.070000
0.034237 0.298391 37.070000
0.011412 0.298412 37.070000
-0.011412 0.298412 37.070000
-0.034237 0.298391 37.070000
-0.057061 0.298347 37.070000
-0.079886 0.298272 37.070000
-0.102710 0.298152 37.070000
-0.125534 0.297957 37.070000
-0.148356 0.297590 37.070000
-0.171151 0.296443 37.070000
-0.183543 0.277275 37.070000
-0.195271 0.257694 37.070000
-0.206852 0.238026 37.070000
-0.218368 0.218319 37.070000
-0.229845 0.198590 37.070000
-0.241296 0.178846 37.070000
-0.252726 0.159089 37.070000
-0.264138 0.139323 37.070000
-0.275533 0.119546 37.070000
-0.286907 0.099757 37.070000
-0.298254 0.079953 37.070000
-0.309563 0.060126 37.070000
-0.320805 0.040263 37.070000
-0.331898 0.020315 37.070000
-0.342303 0.000000 37.070000
-0.331898 -0.020315 37.070000
-0.320805 -0.040263 37.070000
-0.309563 -0.060126 37.070000
-0.298254 -0.079953 37.070000
-0.286907 -0.099757 37.070000
-0.275533 -0.119546 37.070000
-0.264138 -0.139323 37.070000
-0.252726 -0.159089 37.070000
-0.241296 -0.178846 37.070000
-0.229845 -0.198590 37.070000
-0.218368 -0.218319 37.070000
-0.206852 -0.238026 37.070000
-0.195271 -0.257694 37.070000
-0.183543 -0.277275 37.070000
-0.171151 -0.296443 37.070000
-0.148356 -0.297590 37.070000
-0.125534 -0.297957 37.070000
-0.102710 -0.298152 37.070000
-0.079886 -0.298272 37.070000
-0.057061 -0.298347 37.070000
-0.034237 -0.298391 37.070000
-0.011412 -0.298412 37.070000
0.011412 -0.298412 37.070000
0.034237 -0.298391 37.070000
0.057061 -0.298347 37.070000
0.079886 -0.298272 37.070000
0.102710 -0.298152 37.070000
0.125534 -0.297957 37.070000
0.148356 -0.297590 37.070000
0.171151 -0.296443 37.070000
0.183543 -0.277275 37.070000
0.195271 -0.257694 37.070000
0.206852 -0.238026 37.070000
0.218368 -0.218319 37.070000
0.229845 -0.198590 37.070000
0.241296 -0.178846 37.070000
0.252726 -0.159089 37.070000
0.264138 -0.139323 37.070000
0.275533 -0.119546 37.070000
0.286907 -0.099757 37.070000
0.298254 -0.079953 37.070000
0.309563 -0.060126 37.070000
0.320805 -0.040263 37.070000
0.331898 -0.020315 37.070000
0.342303 0.000000 37.070000

