0.402974 0.000000 48.880000
0.390669 0.023886 48.880000
0.377584 0.047355 48.880000
0.364330 0.070728 48.880000
0.351001 0.094059 48.880000
0.337631 0.117365 48.880000
0.324232 0.140656 48.880000
0.310814 0.163935 48.880000
0.297379 0.187205 48.880000
0.283928 0.210465 48.880000
0.270457 0.233714 48.880000
0.256958 0.256947 48.880000
0.243417 0.280155 48.880000
0.229802 0.303320 48.880000
0.216021 0.326386 48.880000
0.201487 0.348986 48.880000
0.174648 0.350272 48.880000
0.147782 0.350674 48.880000
0.120913 0.350883 48.880000
0.094043 0.351006 48.880000
0.067174 0.351080 48.880000
0.040304 0.351121 48.880000
0.013435 0.351140 48.880000
-0.013435 0.351140 48.880000
-0.040304 0.351121 48.880000
-0.067174 0.351080 48.880000
-0.094043 0.351006 48.880000
-0.120913 0.350883 48.880000
-0.147782 0.350674 48.880000
-0.174648 0.350272 48.880000
-0.201487 0.348986 48.880000
-0.216021 0.326386 48.880000
-0.229802 0.303320 48.880000
-0.243417 0.280155 48.880000
-0.256958 0.256947 48.880000
-0.270457 0.233714 48.880000
-0.283928 0.210465 48.880000
-0.297379 0.187205 48.880000
-0.310814 0.163935 48.880000
-0.324232 0.140656 48.880000
-0.337631 0.117365 48.880000
-0.351001 0.094059 48.880000
-0.364330 0.070728 48.880000
-0.377584 0.047355 48.880000
-0.390669 0.023886 48.880000
-0.402974 0.000000 48.880000
-0.390669 -0.023886 48.880000
-0.377584 -0.047355 48.880000
-0.364330 -0.070728 48.880000
-0.351001 -0.094059 48.880000
-0.337631 -0.117365 48.880000
-0.324232 -0.140656 48.880000
-0.310814 -0.163935 48.880000
-0.297379 -0.187205 48.880000
-0.283928 -0.210465 48.880000
-0.270457 -0.233714 48.880000
-0.256958 -0.256947 48.880000
-0.243417 -0.280155 48.880000
-0.229802 -0.303320 48.880000
-0.216021 -0.326386 48.880000
-0.201487 -0.348986 48.880000
-0.174648 -0.350272 48.880000
-0.147782 -0.350674 48.880000
-0.120913 -0.350883 48.880000
-0.094043 -0.351006 48.880000
-0.067174 -0.351080 48.880000
-0.040304 -0.351121 48.880000
-0.013435 -0.351140 48.880000
0.013435 -0.351140 48.880000
0.040304 -0.351121 48.880000
0.067174 -0.351080 48.880000
0.094043 -0.351006 48.880000
0.120913 -0.350883 48.880000
0.147782 -0.350674 48.880000
0.174648 -0.350272 48.880000
0.201487 -0.348986 48.880000
0.216021 -0.326386 48.880000
0.229802 -0.303320 48.880000
0.243417 -0.280155 48.880000
0.256958 -0.256947 48.880000
0.270457 -0.233714 48.880000
0.283928 -0.210465 48.880000
0.297379 -0.187205 48.880000
0.310814 -0.163935 48.880000
0.324232 -0.140656 48.880000
0.337631 -0.117365 48.880000
0.351001 -0.094059 48.880000
0.364330 -0.070728 48.880000
0.377584 -0.047355 48.880000
0.390669 -0.023886 48.880000
0.402974 0.000000 48.880000

