0.204038 0.000000 14.760000
0.197912 0.012149 14.760000
0.191333 0.024059 14.760000
0.184654 0.035912 14.760000
0.177931 0.047741 14.760000
0.171180 0.059554 14.760000
0.164408 0.071355 14.760000
0.157621 0.083147 14.760000
0.150818 0.094930 14.760000
0.144000 0.106704 14.760000
0.137165 0.118469 14.760000
0.130310 0.130222 14.760000
0.123428 0.141959 14.760000
0.116502 0.153670 14.760000
0.109477 0.165322 14.760000
0.102019 0.176702 14.760000
0.088435 0.177471 14.760000
0.074831 0.177729 14.760000
0.061226 0.177872 14.760000
0.047620 0.177963 14.760000
0.034015 0.178023 14.760000
0.020409 0.178060 14.760000
0.006803 0.178077 14.760000
-0.006803 0.178077 14.760000
-0.020409 0.178060 14.760000
-0.034015 0.178023 14.760000
-0.047620 0.177963 14.760000
-0.061226 0.177872 14.760000
-0.074831 0.177729 14.760000
-0.088435 0.177471 14.760000
-0.102019 0.176702 14.760000
-0.109477 0.165322 14.760000
-0.116502 0.153670 14.760000
-0.123428 0.141959 14.760000
-0.130310 0.130222 14.760000
-0.137165 0.118469 14.760000
-0.144000 0.106704 14.760000
-0.150818 0.094930 14.760000
-0.157621 0.083147 14.760000
-0.164408 0.071355 14.760000
-0.171180 0.059554 14.760000
-0.177931 0.047741 14.760000
-0.184654 0.035912 14.760000
-0.191333 0.024059 14.760000
-0.197912 0.012149 14.760000
-0.204038 0.000000 14.760000
-0.197912 -0.012149 14.760000
-0.191333 -0.024059 14.760000
-0.184654 -0.035912 14.760000
-0.177931 -0.047741 14.760000
-0.171180 -0.059554 14.760000
-0.164408 -0.071355 14.760000
-0.157621 -0.083147 14.760000
-0.150818 -0.094930 14.760000
-0.144000 -0.106704 14.760000
-0.137165 -0.118469 14.760000
-0.130310 -0.130222 14.760000
-0.123428 -0.141959 14.760000
-0.116502 -0.153670 14.760000
-0.109477 -0.165322 14.760000
-0.102019 -0.176702 14.760000
-0.088435 -0.177471 14.760000
-0.074831 -0.177729 14.760000
-0.061226 -0.177872 14.760000
-0.047620 -0.177963 14.760000
-0.034015 -0.178023 14.760000
-0.020409 -0.178060 14.760000
-0.006803 -0.178077 14.760000
0.006803 -0.178077 14.760000
0.020409 -0.178060 14.760000
0.034015 -0.178023 14.760000
0.047620 -0.177963 14.760000
0.061226 -0.177872 14.760000
0.074831 -0.177729 14.760000
0.088435 -0.177471 14.760000
0.102019 -0.176702 14.760000
0.109477 -0.165322 14.760000
0.116502 -0.153670 14.760000
0.123428 -0.141959 14.760000
0.130310 -0.130222 14.760000
0.137165 -0.118469 14.760000
0.144000 -0.106704 14.760000
0.150818 -0.094930 14.760000
0.157621 -0.083147 14.760000
0.164408 -0.071355 14.760000
0.171180 -0.059554 14.760000
0.177931 -0.047741 14.760000
0.184654 -0.035912 14.760000
0.191333 -0.024059 14.760000
0.197912 -0.012149 14.760000
0.204038 0.000000 14.760000

