0.198806 0.000000 14.060000
0.192840 0.011839 14.060000
0.186432 0.023444 14.060000
0.179925 0.034994 14.060000
0.173374 0.046520 14.060000
0.166797 0.058030 14.060000
0.160199 0.069529 14.060000
0.153586 0.081019 14.060000
0.146957 0.092500 14.060000
0.140314 0.103972 14.060000
0.133654 0.115435 14.060000
0.126975 0.126886 14.060000
0.120269 0.138322 14.060000
0.113519 0.149733 14.060000
0.106673 0.161085 14.060000
0.099403 0.172171 14.060000
0.086167 0.172924 14.060000
0.072913 0.173177 14.060000
0.059656 0.173317 14.060000
0.046400 0.173406 14.060000
0.033143 0.173465 14.060000
0.019886 0.173501 14.060000
0.006629 0.173519 14.060000
-0.006629 0.173519 14.060000
-0.019886 0.173501 14.060000
-0.033143 0.173465 14.060000
-0.046400 0.173406 14.060000
-0.059656 0.173317 14.060000
-0.072913 0.173177 14.060000
-0.086167 0.172924 14.060000
-0.099403 0.172171 14.060000
-0.106673 0.161085 14.060000
-0.113519 0.149733 14.060000
-0.120269 0.138322 14.060000
-0.126975 0.126886 14.060000
-0.133654 0.115435 14.060000
-0.140314 0.103972 14.060000
-0.146957 0.092500 14.060000
-0.153586 0.081019 14.060000
-0.160199 0.069529 14.060000
-0.166797 0.058030 14.060000
-0.173374 0.046520 14.060000
-0.179925 0.034994 14.060000
-0.186432 0.023444 14.060000
-0.192840 0.011839 14.060000
-0.198806 0.000000 14.060000
-0.192840 -0.011839 14.060000
-0.186432 -0.023444 14.060000
-0.179925 -0.034994 14.060000
-0.173374 -0.046520 14.060000
-0.166797 -0.058030 14.060000
-0.160199 -0.069529 14.060000
-0.153586 -0.081019 14.060000
-0.146957 -0.092500 14.060000
-0.140314 -0.103972 14.060000
-0.133654 -0.115435 14.060000
-0.126975 -0.126886 14.060000
-0.120269 -0.138322 14.060000
-0.113519 -0.149733 14.060000
-0.106673 -0.161085 14.060000
-0.099403 -0.172171 14.060000
-0.086167 -0.172924 14.060000
-0.072913 -0.173177 14.060000
-0.059656 -0.173317 14.060000
-0.046400 -0.173406 14.060000
-0.033143 -0.173465 14.060000
-0.019886 -0.173501 14.060000
-0.006629 -0.173519 14.060000
0.006629 -0.173519 14.060000
0.019886 -0.173501 14.060000
0.033143 -0.173465 14.060000
0.046400 -0.173406 14.060000
0.059656 -0.173317 14.060000
0.072913 -0.173177 14.060000
0.086167 -0.172924 14.060000
0.099403 -0.172171 14.060000
0.106673 -0.161085 14.060000
0.113519 -0.149733 14.060000
0.120269 -0.138322 14.060000
0.126975 -0.126886 14.060000
0.133654 -0.115435 14.060000
0.140314 -0.103972 14.060000
0.146957 -0.092500 14.060000
0.153586 -0.081019 14.060000
0.160199 -0.069529 14.060000
0.166797 -0.058030 14.060000
0.173374 -0.046520 14.060000
0.179925 -0.034994 14.060000
0.186432 -0.023444 14.060000
0.192840 -0.011839 14.060000
0.198806 0.000000 14.060000

