0.383803 0.000000 45.030000
0.372100 0.022759 45.030000
0.359645 0.045115 45.030000
0.347027 0.067379 45.030000
0.334338 0.089603 45.030000
0.321607 0.111804 45.030000
0.308848 0.133988 45.030000
0.296070 0.156161 45.030000
0.283274 0.178323 45.030000
0.270461 0.200477 45.030000
0.257628 0.222618 45.030000
0.244768 0.244743 45.030000
0.231866 0.266845 45.030000
0.218893 0.288904 45.030000
0.205760 0.310869 45.030000
0.191902 0.332384 45.030000
0.166340 0.333628 45.030000
0.140752 0.334019 45.030000
0.115161 0.334224 45.030000
0.089570 0.334347 45.030000
0.063979 0.334421 45.030000
0.038387 0.334464 45.030000
0.012796 0.334484 45.030000
-0.012796 0.334484 45.030000
-0.038387 0.334464 45.030000
-0.063979 0.334421 45.030000
-0.089570 0.334347 45.030000
-0.115161 0.334224 45.030000
-0.140752 0.334019 45.030000
-0.166340 0.333628 45.030000
-0.191902 0.332384 45.030000
-0.205760 0.310869 45.030000
-0.218893 0.288904 45.030000
-0.231866 0.266845 45.030000
-0.244768 0.244743 45.030000
-0.257628 0.222618 45.030000
-0.270461 0.200477 45.030000
-0.283274 0.178323 45.030000
-0.296070 0.156161 45.030000
-0.308848 0.133988 45.030000
-0.321607 0.111804 45.030000
-0.334338 0.089603 45.030000
-0.347027 0.067379 45.030000
-0.359645 0.045115 45.030000
-0.372100 0.022759 45.030000
-0.383803 0.000000 45.030000
-0.372100 -0.022759 45.030000
-0.359645 -0.045115 45.030000
-0.347027 -0.067379 45.030000
-0.334338 -0.089603 45.030000
-0.321607 -0.111804 45.030000
-0.308848 -0.133988 45.030000
-0.296070 -0.156161 45.030000
-0.283274 -0.178323 45.030000
-0.270461 -0.200477 45.030000
-0.257628 -0.222618 45.030000
-0.244768 -0.244743 45.030000
-0.231866 -0.266845 45.030000
-0.218893 -0.288904 45.030000
-0.205760 -0.310869 45.030000
-0.191902 -0.332384 45.030000
-0.166340 -0.333628 45.030000
-0.140752 -0.334019 45.030000
-0.115161 -0.334224 45.030000
-0.089570 -0.334347 45.030000
-0.063979 -0.334421 45.030000
-0.038387 -0.334464 45.030000
-0.012796 -0.334484 45.030000
0.012796 -0.334484 45.030000
0.038387 -0.334464 45.030000
0.063979 -0.334421 45.030000
0.089570 -0.334347 45.030000
0.115161 -0.334224 45.030000
0.140752 -0.334019 45.030000
0.166340 -0.333628 45.030000
0.191902 -0.332384 45.030000
0.205760 -0.310869 45.030000
0.218893 -0.288904 45.030000
0.231866 -0.266845 45.030000
0.244768 -0.244743 45.030000
0.257628 -0.222618 45.030000
0.270461 -0.200477 45.030000
0.283274 -0.178323 45.030000
0.296070 -0.156161 45.030000
0.308848 -0.133988 45.030000
0.321607 -0.111804 45.030000
0.334338 -0.089603 45.030000
0.347027 -0.067379 45.030000
0.359645 -0.045115 45.030000
0.372100 -0.022759 45.030000
0.383803 0.000000 45.030000

