0.161786 0.000000 9.450000
0.156950 0.009644 9.450000
0.151742 0.019093 9.450000
0.146452 0.028495 9.450000
0.141125 0.037877 9.450000
0.135774 0.047245 9.450000
0.130407 0.056604 9.450000
0.125026 0.065955 9.450000
0.119631 0.075298 9.450000
0.114224 0.084634 9.450000
0.108803 0.093961 9.450000
0.103364 0.103279 9.450000
0.097904 0.112584 9.450000
0.092406 0.121866 9.450000
0.086827 0.131101 9.450000
0.080893 0.140111 9.450000
0.070123 0.140744 9.450000
0.059336 0.140959 9.450000
0.048549 0.141079 9.450000
0.037760 0.141156 9.450000
0.026972 0.141207 9.450000
0.016183 0.141238 9.450000
0.005394 0.141253 9.450000
-0.005394 0.141253 9.450000
-0.016183 0.141238 9.450000
-0.026972 0.141207 9.450000
-0.037760 0.141156 9.450000
-0.048549 0.141079 9.450000
-0.059336 0.140959 9.450000
-0.070123 0.140744 9.450000
-0.080893 0.140111 9.450000
-0.086827 0.131101 9.450000
-0.092406 0.121866 9.450000
-0.097904 0.112584 9.450000
-0.103364 0.103279 9.450000
-0.108803 0.093961 9.450000
-0.114224 0.084634 9.450000
-0.119631 0.075298 9.450000
-0.125026 0.065955 9.450000
-0.130407 0.056604 9.450000
-0.135774 0.047245 9.450000
-0.141125 0.037877 9.450000
-0.146452 0.028495 9.450000
-0.151742 0.019093 9.450000
-0.156950 0.009644 9.450000
-0.161786 -0.000000 9.450000
-0.156950 -0.009644 9.450000
-0.151742 -0.019093 9.450000
-0.146452 -0.028495 9.450000
-0.141125 -0.037877 9.450000
-0.135774 -0.047245 9.450000
-0.130407 -0.056604 9.450000
-0.125026 -0.065955 9.450000
-0.119631 -0.075298 9.450000
-0.114224 -0.084634 9.450000
-0.108803 -0.093961 9.450000
-0.103364 -0.103279 9.450000
-0.097904 -0.112584 9.450000
-0.092406 -0.121866 9.450000
-0.086827 -0.131101 9.450000
-0.080893 -0.140111 9.450000
-0.070123 -0.140744 9.450000
-0.059336 -0.140959 9.450000
-0.048549 -0.141079 9.450000
-0.037760 -0.141156 9.450000
-0.026972 -0.141207 9.450000
-0.016183 -0.141238 9.450000
-0.005394 -0.141253 9.450000
0.005394 -0.141253 9.450000
0.016183 -0.141238 9.450000
0.026972 -0.141207 9.450000
0.037760 -0.141156 9.450000
0.048549 -0.141079 9.450000
0.059336 -0.140959 9.450000
0.070123 -0.140744 9.450000
0.080893 -0.140111 9.450000
0.086827 -0.131101 9.450000
0.092406 -0.121866 9.450000
0.097904 -0.112584 9.450000
0.103364 -0.103279 9.450000
0.108803 -0.093961 9.450000
0.114224 -0.084634 9.450000
0.119631 -0.075298 9.450000
0.125026 -0.065955 9.450000
0.130407 -0.056604 9.450000
0.135774 -0.047245 9.450000
0.141125 -0.037877 9.450000
0.146452 -0.028495 9.450000
0.151742 -0.019093 9.450000
0.156950 -0.009644 9.450000
0.161786 0.000000 9.450000

