0.255625 0.000000 22.260000
0.247912 0.015201 22.260000
0.239654 0.030112 22.260000
0.231276 0.044957 22.260000
0.222844 0.059771 22.260000
0.214381 0.074567 22.260000
0.205894 0.089349 22.260000
0.197388 0.104121 22.260000
0.188865 0.118883 22.260000
0.180326 0.133635 22.260000
0.171767 0.148376 22.260000
0.163185 0.163104 22.260000
0.154571 0.177812 22.260000
0.145905 0.192490 22.260000
0.137121 0.207098 22.260000
0.127813 0.221378 22.260000
0.110792 0.222299 22.260000
0.093749 0.222603 22.260000
0.076704 0.222769 22.260000
0.059659 0.222874 22.260000
0.042614 0.222943 22.260000
0.025568 0.222984 22.260000
0.008523 0.223004 22.260000
-0.008523 0.223004 22.260000
-0.025568 0.222984 22.260000
-0.042614 0.222943 22.260000
-0.059659 0.222874 22.260000
-0.076704 0.222769 22.260000
-0.093749 0.222603 22.260000
-0.110792 0.222299 22.260000
-0.127813 0.221378 22.260000
-0.137121 0.207098 22.260000
-0.145905 0.192490 22.260000
-0.154571 0.177812 22.260000
-0.163185 0.163104 22.260000
-0.171767 0.148376 22.260000
-0.180326 0.133635 22.260000
-0.188865 0.118883 22.260000
-0.197388 0.104121 22.260000
-0.205894 0.089349 22.260000
-0.214381 0.074567 22.260000
-0.222844 0.059771 22.260000
-0.231276 0.044957 22.260000
-0.239654 0.030112 22.260000
-0.247912 0.015201 22.260000
-0.255625 0.000000 22.260000
-0.247912 -0.015201 22.260000
-0.239654 -0.030112 22.260000
-0.231276 -0.044957 22.260000
-0.222844 -0.059771 22.260000
-0.214381 -0.074567 22.260000
-0.205894 -0.089349 22.260000
-0.197388 -0.104121 22.260000
-0.188865 -0.118883 22.260000
-0.180326 -0.133635 22.260000
-0.171767 -0.148376 22.260000
-0.163185 -0.163104 22.260000
-0.154571 -0.177812 22.260000
-0.145905 -0.192490 22.260000
-0.137121 -0.207098 22.260000
-0.127813 -0.221378 22.260000
-0.110792 -0.222299 22.260000
-0.093749 -0.222603 22.260000
-0.076704 -0.222769 22.260000
-0.059659 -0.222874 22.260000
-0.042614 -0.222943 22.260000
-0.025568 -0.222984 22.260000
-0.008523 -0.223004 22.260000
0.008523 -0.223004 22.260000
0.025568 -0.222984 22.260000
0.042614 -0.222943 22.260000
0.059659 -0.222874 22.260000
0.076704 -0.222769 22.260000
0.093749 -0.222603 22.260000
0.110792 -0.222299 22.260000
0.127813 -0.221378 22.260000
0.137121 -0.207098 22.260000
0.145905 -0.192490 22.260000
0.154571 -0.177812 22.260000
0.163185 -0.163104 22.260000
0.171767 -0.148376 22.260000
0.180326 -0.133635 22.260000
0.188865 -0.118883 22.260000
0.197388 -0.104121 22.260000
0.205894 -0.089349 22.260000
0.214381 -0.074567 22.260000
0.222844 -0.059771 22.260000
0.231276 -0.044957 22.260000
0.239654 -0.030112 22.260000
0.247912 -0.015201 22.260000
0.255625 0.000000 22.260000

