0.270476 0.000000 24.610000
0.262305 0.016078 24.610000
0.253562 0.031853 24.610000
0.244693 0.047558 24.610000
0.235770 0.063231 24.610000
0.226813 0.078886 24.610000
0.217831 0.094526 24.610000
0.208831 0.110156 24.610000
0.199813 0.125775 24.610000
0.190778 0.141384 24.610000
0.181723 0.156983 24.610000
0.172645 0.172567 24.610000
0.163533 0.188132 24.610000
0.154366 0.203664 24.610000
0.145076 0.219123 24.610000
0.135238 0.234239 24.610000
0.117228 0.235202 24.610000
0.099195 0.235517 24.610000
0.081160 0.235690 24.610000
0.063125 0.235798 24.610000
0.045089 0.235868 24.610000
0.027054 0.235911 24.610000
0.009018 0.235931 24.610000
-0.009018 0.235931 24.610000
-0.027054 0.235911 24.610000
-0.045089 0.235868 24.610000
-0.063125 0.235798 24.610000
-0.081160 0.235690 24.610000
-0.099195 0.235517 24.610000
-0.117228 0.235202 24.610000
-0.135238 0.234239 24.610000
-0.145076 0.219123 24.610000
-0.154366 0.203664 24.610000
-0.163533 0.188132 24.610000
-0.172645 0.172567 24.610000
-0.181723 0.156983 24.610000
-0.190778 0.141384 24.610000
-0.199813 0.125775 24.610000
-0.208831 0.110156 24.610000
-0.217831 0.094526 24.610000
-0.226813 0.078886 24.610000
-0.235770 0.063231 24.610000
-0.244693 0.047558 24.610000
-0.253562 0.031853 24.610000
-0.262305 0.016078 24.610000
-0.270476 0.000000 24.610000
-0.262305 -0.016078 24.610000
-0.253562 -0.031853 24.610000
-0.244693 -0.047558 24.610000
-0.235770 -0.063231 24.610000
-0.226813 -0.078886 24.610000
-0.217831 -0.094526 24.610000
-0.208831 -0.110156 24.610000
-0.199813 -0.125775 24.610000
-0.190778 -0.141384 24.610000
-0.181723 -0.156983 24.610000
-0.172645 -0.172567 24.610000
-0.163533 -0.188132 24.610000
-0.154366 -0.203664 24.610000
-0.145076 -0.219123 24.610000
-0.135238 -0.234239 24.610000
-0.117228 -0.235202 24.610000
-0.099195 -0.235517 24.610000
-0.081160 -0.235690 24.610000
-0.063125 -0.235798 24.610000
-0.045089 -0.235868 24.610000
-0.027054 -0.235911 24.610000
-0.009018 -0.235931 24.610000
0.009018 -0.235931 24.610000
0.027054 -0.235911 24.610000
0.045089 -0.235868 24.610000
0.063125 -0.235798 24.610000
0.081160 -0.235690 24.610000
0.099195 -0.235517 24.610000
0.117228 -0.235202 24.610000
0.135238 -0.234239 24.610000
0.145076 -0.219123 24.610000
0.154366 -0.203664 24.610000
0.163533 -0.188132 24.610000
0.172645 -0.172567 24.610000
0.181723 -0.156983 24.610000
0.190778 -0.141384 24.610000
0.199813 -0.125775 24.610000
0.208831 -0.110156 24.610000
0.217831 -0.094526 24.610000
0.226813 -0.078886 24.610000
0.235770 -0.063231 24.610000
0.244693 -0.047558 24.610000
0.253562 -0.031853 24.610000
0.262305 -0.016078 24.610000
0.270476 0.000000 24.610000

