0.103697 -0.000000 3.540000
0.100617 0.006191 3.540000
0.097287 0.012252 3.540000
0.093901 0.018282 3.540000
0.090490 0.024297 3.540000
0.087062 0.030303 3.540000
0.083624 0.036303 3.540000
0.080175 0.042297 3.540000
0.076718 0.048285 3.540000
0.073251 0.054269 3.540000
0.069774 0.060247 3.540000
0.066286 0.066218 3.540000
0.062783 0.072180 3.540000
0.059254 0.078127 3.540000
0.055670 0.084041 3.540000
0.051848 0.089804 3.540000
0.044947 0.090232 3.540000
0.038033 0.090379 3.540000
0.031118 0.090461 3.540000
0.024203 0.090515 3.540000
0.017288 0.090550 3.540000
0.010373 0.090572 3.540000
0.003458 0.090582 3.540000
-0.003458 0.090582 3.540000
-0.010373 0.090572 3.540000
-0.017288 0.090550 3.540000
-0.024203 0.090515 3.540000
-0.031118 0.090461 3.540000
-0.038033 0.090379 3.540000
-0.044947 0.090232 3.540000
-0.051848 0.089804 3.540000
-0.055670 0.084041 3.540000
-0.059254 0.078127 3.540000
-0.062783 0.072180 3.540000
-0.066286 0.066218 3.540000
-0.069774 0.060247 3.540000
-0.073251 0.054269 3.540000
-0.076718 0.048285 3.540000
-0.080175 0.042297 3.540000
-0.083624 0.036303 3.540000
-0.087062 0.030303 3.540000
-0.090490 0.024297 3.540000
-0.093901 0.018282 3.540000
-0.097287 0.012252 3.540000
-0.100617 0.006191 3.540000
-0.103697 -0.000000 3.540000
-0.100617 -0.006191 3.540000
-0.097287 -0.012252 3.540000
-0.093901 -0.018282 3.540000
-0.090490 -0.024297 3.540000
-0.087062 -0.030303 3.540000
-0.083624 -0.036303 3.540000
-0.080175 -0.042297 3.540000
-0.076718 -0.048285 3.540000
-0.073251 -0.054269 3.540000
-0.069774 -0.060247 3.540000
-0.066286 -0.066218 3.540000
-0.062783 -0.072180 3.540000
-0.059254 -0.078127 3.540000
-0.055670 -0.084041 3.540000
-0.051848 -0.089804 3.540000
-0.044947 -0.090232 3.540000
-0.038033 -0.090379 3.540000
-0.031118 -0.090461 3.540000
-0.024203 -0.090515 3.540000
-0.017288 -0.090550 3.540000
-0.010373 -0.090572 3.540000
-0.003458 -0.090582 3.540000
0.003458 -0.090582 3.540000
0.010373 -0.090572 3.540000
0.017288 -0.090550 3.540000
0.024203 -0.090515 3.540000
0.031118 -0.090461 3.540000
0.038033 -0.090379 3.540000
0.044947 -0.090232 3.540000
0.051848 -0.089804 3.540000
0.055670 -0.084041 3.540000
0.059254 -0.078127 3.540000
0.062783 -0.072180 3.540000
0.066286 -0.066218 3.540000
0.069774 -0.060247 3.540000
0.073251 -0.054269 3.540000
0.076718 -0.048285 3.540000
0.080175 -0.042297 3.540000
0.083624 -0.036303 3.540000
0.087062 -0.030303 3.540000
0.090490 -0.024297 3.540000
0.093901 -0.018282 3.540000
0.097287 -0.012252 3.540000
0.100617 -0.006191 3.540000
0.103697 -0.000000 3.540000

