0.302801 0.000000 30.000000
0.293627 0.017986 30.000000
0.283827 0.035640 30.000000
0.273891 0.053217 30.000000
0.263895 0.070760 30.000000
0.253863 0.088282 30.000000
0.243806 0.105790 30.000000
0.233728 0.123286 30.000000
0.223633 0.140772 30.000000
0.213519 0.158247 30.000000
0.203386 0.175711 30.000000
0.193227 0.193160 30.000000
0.183033 0.210589 30.000000
0.172779 0.227982 30.000000
0.162390 0.245295 30.000000
0.151400 0.262233 30.000000
0.131237 0.263281 30.000000
0.111049 0.263622 30.000000
0.090859 0.263805 30.000000
0.070668 0.263920 30.000000
0.050477 0.263993 30.000000
0.030286 0.264037 30.000000
0.010095 0.264057 30.000000
-0.010095 0.264057 30.000000
-0.030286 0.264037 30.000000
-0.050477 0.263993 30.000000
-0.070668 0.263920 30.000000
-0.090859 0.263805 30.000000
-0.111049 0.263622 30.000000
-0.131237 0.263281 30.000000
-0.151400 0.262233 30.000000
-0.162390 0.245295 30.000000
-0.172779 0.227982 30.000000
-0.183033 0.210589 30.000000
-0.193227 0.193160 30.000000
-0.203386 0.175711 30.000000
-0.213519 0.158247 30.000000
-0.223633 0.140772 30.000000
-0.233728 0.123286 30.000000
-0.243806 0.105790 30.000000
-0.253863 0.088282 30.000000
-0.263895 0.070760 30.000000
-0.273891 0.053217 30.000000
-0.283827 0.035640 30.000000
-0.293627 0.017986 30.000000
-0.302801 0.000000 30.000000
-0.293627 -0.017986 30.000000
-0.283827 -0.035640 30.000000
-0.273891 -0.053217 30.000000
-0.263895 -0.070760 30.000000
-0.253863 -0.088282 30.000000
-0.243806 -0.105790 30.000000
-0.233728 -0.123286 30.000000
-0.223633 -0.140772 30.000000
-0.213519 -0.158247 30.000000
-0.203386 -0.175711 30.000000
-0.193227 -0.193160 30.000000
-0.183033 -0.210589 30.000000
-0.172779 -0.227982 30.000000
-0.162390 -0.245295 30.000000
-0.151400 -0.262233 30.000000
-0.131237 -0.263281 30.000000
-0.111049 -0.263622 30.000000
-0.090859 -0.263805 30.000000
-0.070668 -0.263920 30.000000
-0.050477 -0.263993 30.000000
-0.030286 -0.264037 30.000000
-0.010095 -0.264057 30.000000
0.010095 -0.264057 30.000000
0.030286 -0.264037 30.000000
0.050477 -0.263993 30.000000
0.070668 -0.263920 30.000000
0.090859 -0.263805 30.000000
0.111049 -0.263622 30.000000
0.131237 -0.263281 30.000000
0.151400 -0.262233 30.000000
0.162390 -0.245295 30.000000
0.172779 -0.227982 30.000000
0.183033 -0.210589 30.000000
0.193227 -0.193160 30.000000
0.203386 -0.175711 30.000000
0.213519 -0.158247 30.000000
0.223633 -0.140772 30.000000
0.233728 -0.123286 30.000000
0.243806 -0.105790 30.000000
0.253863 -0.088282 30.000000
0.263895 -0.070760 30.000000
0.273891 -0.053217 30.000000
0.283827 -0.035640 30.000000
0.293627 -0.017986 30.000000
0.302801 0.000000 30.000000

