0.238208 0.000000 19.610000
0.231032 0.014171 19.610000
0.223342 0.028070 19.610000
0.215538 0.041904 19.610000
0.207683 0.055711 19.610000
0.199798 0.069500 19.610000
0.191891 0.083276 19.610000
0.183965 0.097042 19.610000
0.176023 0.110798 19.610000
0.168064 0.124544 19.610000
0.160088 0.138280 19.610000
0.152089 0.152004 19.610000
0.144059 0.165709 19.610000
0.135980 0.179385 19.610000
0.127789 0.192994 19.610000
0.119104 0.206294 19.610000
0.103244 0.207166 19.610000
0.087362 0.207455 19.610000
0.071479 0.207613 19.610000
0.055595 0.207714 19.610000
0.039711 0.207780 19.610000
0.023826 0.207820 19.610000
0.007942 0.207839 19.610000
-0.007942 0.207839 19.610000
-0.023826 0.207820 19.610000
-0.039711 0.207780 19.610000
-0.055595 0.207714 19.610000
-0.071479 0.207613 19.610000
-0.087362 0.207455 19.610000
-0.103244 0.207166 19.610000
-0.119104 0.206294 19.610000
-0.127789 0.192994 19.610000
-0.135980 0.179385 19.610000
-0.144059 0.165709 19.610000
-0.152089 0.152004 19.610000
-0.160088 0.138280 19.610000
-0.168064 0.124544 19.610000
-0.176023 0.110798 19.610000
-0.183965 0.097042 19.610000
-0.191891 0.083276 19.610000
-0.199798 0.069500 19.610000
-0.207683 0.055711 19.610000
-0.215538 0.041904 19.610000
-0.223342 0.028070 19.610000
-0.231032 0.014171 19.610000
-0.238208 0.000000 19.610000
-0.231032 -0.014171 19.610000
-0.223342 -0.028070 19.610000
-0.215538 -0.041904 19.610000
-0.207683 -0.055711 19.610000
-0.199798 -0.069500 19.610000
-0.191891 -0.083276 19.610000
-0.183965 -0.097042 19.610000
-0.176023 -0.110798 19.610000
-0.168064 -0.124544 19.610000
-0.160088 -0.138280 19.610000
-0.152089 -0.152004 19.610000
-0.144059 -0.165709 19.610000
-0.135980 -0.179385 19.610000
-0.127789 -0.192994 19.610000
-0.119104 -0.206294 19.610000
-0.103244 -0.207166 19.610000
-0.087362 -0.207455 19.610000
-0.071479 -0.207613 19.610000
-0.055595 -0.207714 19.610000
-0.039711 -0.207780 19.610000
-0.023826 -0.207820 19.610000
-0.007942 -0.207839 19.610000
0.007942 -0.207839 19.610000
0.023826 -0.207820 19.610000
0.039711 -0.207780 19.610000
0.055595 -0.207714 19.610000
0.071479 -0.207613 19.610000
0.087362 -0.207455 19.610000
0.103244 -0.207166 19.610000
0.119104 -0.206294 19.610000
0.127789 -0.192994 19.610000
0.135980 -0.179385 19.610000
0.144059 -0.165709 19.610000
0.152089 -0.152004 19.610000
0.160088 -0.138280 19.610000
0.168064 -0.124544 19.610000
0.176023 -0.110798 19.610000
0.183965 -0.097042 19.610000
0.191891 -0.083276 19.610000
0.199798 -0.069500 19.610000
0.207683 -0.055711 19.610000
0.215538 -0.041904 19.610000
0.223342 -0.028070 19.610000
0.231032 -0.014171 19.610000
0.238208 0.000000 19.610000

