0.394624 0.000000 47.190000
0.382581 0.023395 47.190000
0.369770 0.046379 47.190000
0.356793 0.069269 47.190000
0.343743 0.092118 47.190000
0.330651 0.114943 47.190000
0.317532 0.137752 47.190000
0.304392 0.160549 47.190000
0.291235 0.183337 47.190000
0.278062 0.206115 47.190000
0.264869 0.228881 47.190000
0.251648 0.251631 47.190000
0.238386 0.274357 47.190000
0.225051 0.297041 47.190000
0.211551 0.319627 47.190000
0.197312 0.341754 47.190000
0.171030 0.343022 47.190000
0.144720 0.343420 47.190000
0.118408 0.343627 47.190000
0.092095 0.343750 47.190000
0.065782 0.343824 47.190000
0.039469 0.343866 47.190000
0.013156 0.343886 47.190000
-0.013156 0.343886 47.190000
-0.039469 0.343866 47.190000
-0.065782 0.343824 47.190000
-0.092095 0.343750 47.190000
-0.118408 0.343627 47.190000
-0.144720 0.343420 47.190000
-0.171030 0.343022 47.190000
-0.197312 0.341754 47.190000
-0.211551 0.319627 47.190000
-0.225051 0.297041 47.190000
-0.238386 0.274357 47.190000
-0.251648 0.251631 47.190000
-0.264869 0.228881 47.190000
-0.278062 0.206115 47.190000
-0.291235 0.183337 47.190000
-0.304392 0.160549 47.190000
-0.317532 0.137752 47.190000
-0.330651 0.114943 47.190000
-0.343743 0.092118 47.190000
-0.356793 0.069269 47.190000
-0.369770 0.046379 47.190000
-0.382581 0.023395 47.190000
-0.394624 0.000000 47.190000
-0.382581 -0.023395 47.190000
-0.369770 -0.046379 47.190000
-0.356793 -0.069269 47.190000
-0.343743 -0.092118 47.190000
-0.330651 -0.114943 47.190000
-0.317532 -0.137752 47.190000
-0.304392 -0.160549 47.190000
-0.291235 -0.183337 47.190000
-0.278062 -0.206115 47.190000
-0.264869 -0.228881 47.190000
-0.251648 -0.251631 47.190000
-0.238386 -0.274357 47.190000
-0.225051 -0.297041 47.190000
-0.211551 -0.319627 47.190000
-0.197312 -0.341754 47.190000
-0.171030 -0.343022 47.190000
-0.144720 -0.343420 47.190000
-0.118408 -0.343627 47.190000
-0.092095 -0.343750 47.190000
-0.065782 -0.343824 47.190000
-0.039469 -0.343866 47.190000
-0.013156 -0.343886 47.190000
0.013156 -0.343886 47.190000
0.039469 -0.343866 47.190000
0.065782 -0.343824 47.190000
0.092095 -0.343750 47.190000
0.118408 -0.343627 47.190000
0.144720 -0.343420 47.190000
0.171030 -0.343022 47.190000
0.197312 -0.341754 47.190000
0.211551 -0.319627 47.190000
0.225051 -0.297041 47.190000
0.238386 -0.274357 47.190000
0.251648 -0.251631 47.190000
0.264869 -0.228881 47.190000
0.278062 -0.206115 47.190000
0.291235 -0.183337 47.190000
0.304392 -0.160549 47.190000
0.317532 -0.137752 47.190000
0.330651 -0.114943 47.190000
0.343743 -0.092118 47.190000
0.356793 -0.069269 47.190000
0.369770 -0.046379 47.190000
0.382581 -0.023395 47.190000
0.394624 0.000000 47.190000

