0.382388 0.000000 44.750000
0.370729 0.022675 44.750000
0.358321 0.044949 44.750000
0.345750 0.067132 44.750000
0.333107 0.089274 44.750000
0.320424 0.111393 44.750000
0.307712 0.133495 44.750000
0.294981 0.155586 44.750000
0.282232 0.177668 44.750000
0.269467 0.199739 44.750000
0.256681 0.221799 44.750000
0.243867 0.243842 44.750000
0.231013 0.265862 44.750000
0.218088 0.287840 44.750000
0.205002 0.309723 44.750000
0.191194 0.331158 44.750000
0.165727 0.332399 44.750000
0.140233 0.332790 44.750000
0.114737 0.332994 44.750000
0.089240 0.333117 44.750000
0.063743 0.333191 44.750000
0.038246 0.333234 44.750000
0.012749 0.333254 44.750000
-0.012749 0.333254 44.750000
-0.038246 0.333234 44.750000
-0.063743 0.333191 44.750000
-0.089240 0.333117 44.750000
-0.114737 0.332994 44.750000
-0.140233 0.332790 44.750000
-0.165727 0.332399 44.750000
-0.191194 0.331158 44.750000
-0.205002 0.309723 44.750000
-0.218088 0.287840 44.750000
-0.231013 0.265862 44.750000
-0.243867 0.243842 44.750000
-0.256681 0.221799 44.750000
-0.269467 0.199739 44.750000
-0.282232 0.177668 44.750000
-0.294981 0.155586 44.750000
-0.307712 0.133495 44.750000
-0.320424 0.111393 44.750000
-0.333107 0.089274 44.750000
-0.345750 0.067132 44.750000
-0.358321 0.044949 44.750000
-0.370729 0.022675 44.750000
-0.382388 0.000000 44.750000
-0.370729 -0.022675 44.750000
-0.358321 -0.044949 44.750000
-0.345750 -0.067132 44.750000
-0.333107 -0.089274 44.750000
-0.320424 -0.111393 44.750000
-0.307712 -0.133495 44.750000
-0.294981 -0.155586 44.750000
-0.282232 -0.177668 44.750000
-0.269467 -0.199739 44.750000
-0.256681 -0.221799 44.750000
-0.243867 -0.243842 44.750000
-0.231013 -0.265862 44.750000
-0.218088 -0.287840 44.750000
-0.205002 -0.309723 44.750000
-0.191194 -0.331158 44.750000
-0.165727 -0.332399 44.750000
-0.140233 -0.332790 44.750000
-0.114737 -0.332994 44.750000
-0.089240 -0.333117 44.750000
-0.063743 -0.333191 44.750000
-0.038246 -0.333234 44.750000
-0.012749 -0.333254 44.750000
0.012749 -0.333254 44.750000
0.038246 -0.333234 44.750000
0.063743 -0.333191 44.750000
0.089240 -0.333117 44.750000
0.114737 -0.332994 44.750000
0.140233 -0.332790 44.750000
0.165727 -0.332399 44.750000
0.191194 -0.331158 44.750000
0.205002 -0.309723 44.750000
0.218088 -0.287840 44.750000
0.231013 -0.265862 44.750000
0.243867 -0.243842 44.750000
0.256681 -0.221799 44.750000
0.269467 -0.199739 44.750000
0.282232 -0.177668 44.750000
0.294981 -0.155586 44.750000
0.307712 -0.133495 44.750000
0.320424 -0.111393 44.750000
0.333107 -0.089274 44.750000
0.345750 -0.067132 44.750000
0.358321 -0.044949 44.750000
0.370729 -0.022675 44.750000
0.382388 0.000000 44.750000

