0.219246 0.000000 16.860000
0.212654 0.013049 16.860000
0.205581 0.025844 16.860000
0.198401 0.038580 16.860000
0.191174 0.051289 16.860000
0.183919 0.063981 16.860000
0.176642 0.076662 16.860000
0.169348 0.089332 16.860000
0.162038 0.101993 16.860000
0.154712 0.114646 16.860000
0.147369 0.127288 16.860000
0.140005 0.139917 16.860000
0.132612 0.152530 16.860000
0.125172 0.165116 16.860000
0.117628 0.177639 16.860000
0.109623 0.189873 16.860000
0.095026 0.190688 16.860000
0.080408 0.190960 16.860000
0.065789 0.191111 16.860000
0.051170 0.191206 16.860000
0.036550 0.191269 16.860000
0.021930 0.191307 16.860000
0.007310 0.191326 16.860000
-0.007310 0.191326 16.860000
-0.021930 0.191307 16.860000
-0.036550 0.191269 16.860000
-0.051170 0.191206 16.860000
-0.065789 0.191111 16.860000
-0.080408 0.190960 16.860000
-0.095026 0.190688 16.860000
-0.109623 0.189873 16.860000
-0.117628 0.177639 16.860000
-0.125172 0.165116 16.860000
-0.132612 0.152530 16.860000
-0.140005 0.139917 16.860000
-0.147369 0.127288 16.860000
-0.154712 0.114646 16.860000
-0.162038 0.101993 16.860000
-0.169348 0.089332 16.860000
-0.176642 0.076662 16.860000
-0.183919 0.063981 16.860000
-0.191174 0.051289 16.860000
-0.198401 0.038580 16.860000
-0.205581 0.025844 16.860000
-0.212654 0.013049 16.860000
-0.219246 0.000000 16.860000
-0.212654 -0.013049 16.860000
-0.205581 -0.025844 16.860000
-0.198401 -0.038580 16.860000
-0.191174 -0.051289 16.860000
-0.183919 -0.063981 16.860000
-0.176642 -0.076662 16.860000
-0.169348 -0.089332 16.860000
-0.162038 -0.101993 16.860000
-0.154712 -0.114646 16.860000
-0.147369 -0.127288 16.860000
-0.140005 -0.139917 16.860000
-0.132612 -0.152530 16.860000
-0.125172 -0.165116 16.860000
-0.117628 -0.177639 16.860000
-0.109623 -0.189873 16.860000
-0.095026 -0.190688 16.860000
-0.080408 -0.190960 16.860000
-0.065789 -0.191111 16.860000
-0.051170 -0.191206 16.860000
-0.036550 -0.191269 16.860000
-0.021930 -0.191307 16.860000
-0.007310 -0.191326 16.860000
0.007310 -0.191326 16.860000
0.021930 -0.191307 16.860000
0.036550 -0.191269 16.860000
0.051170 -0.191206 16.860000
0.065789 -0.191111 16.860000
0.080408 -0.190960 16.860000
0.095026 -0.190688 16.860000
0.109623 -0.189873 16.860000
0.117628 -0.177639 16.860000
0.125172 -0.165116 16.860000
0.132612 -0.152530 16.860000
0.140005 -0.139917 16.860000
0.147369 -0.127288 16.860000
0.154712 -0.114646 16.860000
0.162038 -0.101993 16.860000
0.169348 -0.089332 16.860000
0.176642 -0.076662 16.860000
0.183919 -0.063981 16.860000
0.191174 -0.051289 16.860000
0.198401 -0.038580 16.860000
0.205581 -0.025844 16.860000
0.212654 -0.013049 16.860000
0.219246 0.000000 16.860000

