0.341331 0.000000 36.890000
0.330957 0.020258 36.890000
0.319896 0.040149 36.890000
0.308685 0.059957 36.890000
0.297409 0.079727 36.890000
0.286094 0.099475 36.890000
0.274752 0.119207 36.890000
0.263390 0.138928 36.890000
0.252010 0.158639 36.890000
0.240613 0.178339 36.890000
0.229195 0.198027 36.890000
0.217750 0.217700 36.890000
0.206266 0.237351 36.890000
0.194718 0.256963 36.890000
0.183022 0.276488 36.890000
0.170666 0.295602 36.890000
0.147935 0.296746 36.890000
0.125178 0.297112 36.890000
0.102419 0.297307 36.890000
0.079659 0.297427 36.890000
0.056900 0.297502 36.890000
0.034140 0.297546 36.890000
0.011380 0.297567 36.890000
-0.011380 0.297567 36.890000
-0.034140 0.297546 36.890000
-0.056900 0.297502 36.890000
-0.079659 0.297427 36.890000
-0.102419 0.297307 36.890000
-0.125178 0.297112 36.890000
-0.147935 0.296746 36.890000
-0.170666 0.295602 36.890000
-0.183022 0.276488 36.890000
-0.194718 0.256963 36.890000
-0.206266 0.237351 36.890000
-0.217750 0.217700 36.890000
-0.229195 0.198027 36.890000
-0.240613 0.178339 36.890000
-0.252010 0.158639 36.890000
-0.263390 0.138928 36.890000
-0.274752 0.119207 36.890000
-0.286094 0.099475 36.890000
-0.297409 0.079727 36.890000
-0.308685 0.059957 36.890000
-0.319896 0.040149 36.890000
-0.330957 0.020258 36.890000
-0.341331 0.000000 36.890000
-0.330957 -0.020258 36.890000
-0.319896 -0.040149 36.890000
-0.308685 -0.059957 36.890000
-0.297409 -0.079727 36.890000
-0.286094 -0.099475 36.890000
-0.274752 -0.119207 36.890000
-0.263390 -0.138928 36.890000
-0.252010 -0.158639 36.890000
-0.240613 -0.178339 36.890000
-0.229195 -0.198027 36.890000
-0.217750 -0.217700 36.890000
-0.206266 -0.237351 36.890000
-0.194718 -0.256963 36.890000
-0.183022 -0.276488 36.890000
-0.170666 -0.295602 36.890000
-0.147935 -0.296746 36.890000
-0.125178 -0.297112 36.890000
-0.102419 -0.297307 36.890000
-0.079659 -0.297427 36.890000
-0.056900 -0.297502 36.890000
-0.034140 -0.297546 36.890000
-0.011380 -0.297567 36.890000
0.011380 -0.297567 36.890000
0.034140 -0.297546 36.890000
0.056900 -0.297502 36.890000
0.079659 -0.297427 36.890000
0.102419 -0.297307 36.890000
0.125178 -0.297112 36.890000
0.147935 -0.296746 36.890000
0.170666 -0.295602 36.890000
0.183022 -0.276488 36.890000
0.194718 -0.256963 36.890000
0.206266 -0.237351 36.890000
0.217750 -0.217700 36.890000
0.229195 -0.198027 36.890000
0.240613 -0.178339 36.890000
0.252010 -0.158639 36.890000
0.263390 -0.138928 36.890000
0.274752 -0.119207 36.890000
0.286094 -0.099475 36.890000
0.297409 -0.079727 36.890000
0.308685 -0.059957 36.890000
0.319896 -0.040149 36.890000
0.330957 -0.020258 36.890000
0.341331 0.000000 36.890000

