0.327330 0.000000 34.330000
0.317393 0.019433 34.330000
0.306790 0.038511 34.330000
0.296043 0.057508 34.330000
0.285232 0.076469 34.330000
0.274384 0.095408 34.330000
0.263509 0.114333 34.330000
0.252614 0.133245 34.330000
0.241701 0.152147 34.330000
0.230770 0.171039 34.330000
0.219818 0.189919 34.330000
0.208840 0.208784 34.330000
0.197825 0.227627 34.330000
0.186747 0.246433 34.330000
0.175526 0.265154 34.330000
0.163665 0.283476 34.330000
0.141867 0.284587 34.330000
0.120044 0.284944 34.330000
0.098218 0.285135 34.330000
0.076392 0.285253 34.330000
0.054566 0.285328 34.330000
0.032740 0.285372 34.330000
0.010913 0.285393 34.330000
-0.010913 0.285393 34.330000
-0.032740 0.285372 34.330000
-0.054566 0.285328 34.330000
-0.076392 0.285253 34.330000
-0.098218 0.285135 34.330000
-0.120044 0.284944 34.330000
-0.141867 0.284587 34.330000
-0.163665 0.283476 34.330000
-0.175526 0.265154 34.330000
-0.186747 0.246433 34.330000
-0.197825 0.227627 34.330000
-0.208840 0.208784 34.330000
-0.219818 0.189919 34.330000
-0.230770 0.171039 34.330000
-0.241701 0.152147 34.330000
-0.252614 0.133245 34.330000
-0.263509 0.114333 34.330000
-0.274384 0.095408 34.330000
-0.285232 0.076469 34.330000
-0.296043 0.057508 34.330000
-0.306790 0.038511 34.330000
-0.317393 0.019433 34.330000
-0.327330 0.000000 34.330000
-0.317393 -0.019433 34.330000
-0.306790 -0.038511 34.330000
-0.296043 -0.057508 34.330000
-0.285232 -0.076469 34.330000
-0.274384 -0.095408 34.330000
-0.263509 -0.114333 34.330000
-0.252614 -0.133245 34.330000
-0.241701 -0.152147 34.330000
-0.230770 -0.171039 34.330000
-0.219818 -0.189919 34.330000
-0.208840 -0.208784 34.330000
-0.197825 -0.227627 34.330000
-0.186747 -0.246433 34.330000
-0.175526 -0.265154 34.330000
-0.163665 -0.283476 34.330000
-0.141867 -0.284587 34.330000
-0.120044 -0.284944 34.330000
-0.098218 -0.285135 34.330000
-0.076392 -0.285253 34.330000
-0.054566 -0.285328 34.330000
-0.032740 -0.285372 34.330000
-0.010913 -0.285393 34.330000
0.010913 -0.285393 34.330000
0.032740 -0.285372 34.330000
0.054566 -0.285328 34.330000
0.076392 -0.285253 34.330000
0.098218 -0.285135 34.330000
0.120044 -0.284944 34.330000
0.141867 -0.284587 34.330000
0.163665 -0.283476 34.330000
0.175526 -0.265154 34.330000
0.186747 -0.246433 34.330000
0.197825 -0.227627 34.330000
0.208840 -0.208784 34.330000
0.219818 -0.189919 34.330000
0.230770 -0.171039 34.330000
0.241701 -0.152147 34.330000
0.252614 -0.133245 34.330000
0.263509 -0.114333 34.330000
0.274384 -0.095408 34.330000
0.285232 -0.076469 34.330000
0.296043 -0.057508 34.330000
0.306790 -0.038511 34.330000
0.317393 -0.019433 34.330000
0.327330 0.000000 34.330000

