0.360523 0.000000 40.500000
0.349549 0.021388 40.500000
0.337859 0.042394 40.500000
0.326012 0.063312 40.500000
0.314098 0.084191 40.500000
0.302143 0.105047 40.500000
0.290162 0.125887 40.500000
0.278159 0.146716 40.500000
0.266140 0.167535 40.500000
0.254103 0.188344 40.500000
0.242045 0.209140 40.500000
0.229960 0.229921 40.500000
0.217836 0.250679 40.500000
0.205643 0.271397 40.500000
0.193297 0.292024 40.500000
0.180262 0.312222 40.500000
0.156252 0.313413 40.500000
0.132215 0.313791 40.500000
0.108177 0.313991 40.500000
0.084138 0.314112 40.500000
0.060098 0.314187 40.500000
0.036059 0.314231 40.500000
0.012020 0.314251 40.500000
-0.012020 0.314251 40.500000
-0.036059 0.314231 40.500000
-0.060098 0.314187 40.500000
-0.084138 0.314112 40.500000
-0.108177 0.313991 40.500000
-0.132215 0.313791 40.500000
-0.156252 0.313413 40.500000
-0.180262 0.312222 40.500000
-0.193297 0.292024 40.500000
-0.205643 0.271397 40.500000
-0.217836 0.250679 40.500000
-0.229960 0.229921 40.500000
-0.242045 0.209140 40.500000
-0.254103 0.188344 40.500000
-0.266140 0.167535 40.500000
-0.278159 0.146716 40.500000
-0.290162 0.125887 40.500000
-0.302143 0.105047 40.500000
-0.314098 0.084191 40.500000
-0.326012 0.063312 40.500000
-0.337859 0.042394 40.500000
-0.349549 0.021388 40.500000
-0.360523 0.000000 40.500000
-0.349549 -0.021388 40.500000
-0.337859 -0.042394 40.500000
-0.326012 -0.063312 40.500000
-0.314098 -0.084191 40.500000
-0.302143 -0.105047 40.500000
-0.290162 -0.125887 40.500000
-0.278159 -0.146716 40.500000
-0.266140 -0.167535 40.500000
-0.254103 -0.188344 40.500000
-0.242045 -0.209140 40.500000
-0.229960 -0.229921 40.500000
-0.217836 -0.250679 40.500000
-0.205643 -0.271397 40.500000
-0.193297 -0.292024 40.500000
-0.180262 -0.312222 40.500000
-0.156252 -0.313413 40.500000
-0.132215 -0.313791 40.500000
-0.108177 -0.313991 40.500000
-0.084138 -0.314112 40.500000
-0.060098 -0.314187 40.500000
-0.036059 -0.314231 40.500000
-0.012020 -0.314251 40.500000
0.012020 -0.314251 40.500000
0.036059 -0.314231 40.500000
0.060098 -0.314187 40.500000
0.084138 -0.314112 40.500000
0.108177 -0.313991 40.500000
0.132215 -0.313791 40.500000
0.156252 -0.313413 40.500000
0.180262 -0.312222 40.500000
0.193297 -0.292024 40.500000
0.205643 -0.271397 40.500000
0.217836 -0.250679 40.500000
0.229960 -0.229921 40.500000
0.242045 -0.209140 40.500000
0.254103 -0.188344 40.500000
0.266140 -0.167535 40.500000
0.278159 -0.146716 40.500000
0.290162 -0.125887 40.500000
0.302143 -0.105047 40.500000
0.314098 -0.084191 40.500000
0.326012 -0.063312 40.500000
0.337859 -0.042394 40.500000
0.349549 -0.021388 40.500000
0.360523 0.000000 40.500000

