0.355267 0.000000 39.500000
0.344458 0.021079 39.500000
0.332940 0.041779 39.500000
0.321267 0.062393 39.500000
0.309528 0.082968 39.500000
0.297748 0.103521 39.500000
0.285942 0.124058 39.500000
0.274115 0.144584 39.500000
0.262271 0.165099 39.500000
0.250409 0.185604 39.500000
0.238526 0.206097 39.500000
0.226617 0.226575 39.500000
0.214668 0.247029 39.500000
0.202652 0.267445 39.500000
0.190484 0.287770 39.500000
0.177634 0.307671 39.500000
0.153974 0.308849 39.500000
0.130288 0.309224 39.500000
0.106600 0.309422 39.500000
0.082911 0.309543 39.500000
0.059222 0.309618 39.500000
0.035533 0.309662 39.500000
0.011844 0.309683 39.500000
-0.011844 0.309683 39.500000
-0.035533 0.309662 39.500000
-0.059222 0.309618 39.500000
-0.082911 0.309543 39.500000
-0.106600 0.309422 39.500000
-0.130288 0.309224 39.500000
-0.153974 0.308849 39.500000
-0.177634 0.307671 39.500000
-0.190484 0.287770 39.500000
-0.202652 0.267445 39.500000
-0.214668 0.247029 39.500000
-0.226617 0.226575 39.500000
-0.238526 0.206097 39.500000
-0.250409 0.185604 39.500000
-0.262271 0.165099 39.500000
-0.274115 0.144584 39.500000
-0.285942 0.124058 39.500000
-0.297748 0.103521 39.500000
-0.309528 0.082968 39.500000
-0.321267 0.062393 39.500000
-0.332940 0.041779 39.500000
-0.344458 0.021079 39.500000
-0.355267 0.000000 39.500000
-0.344458 -0.021079 39.500000
-0.332940 -0.041779 39.500000
-0.321267 -0.062393 39.500000
-0.309528 -0.082968 39.500000
-0.297748 -0.103521 39.500000
-0.285942 -0.124058 39.500000
-0.274115 -0.144584 39.500000
-0.262271 -0.165099 39.500000
-0.250409 -0.185604 39.500000
-0.238526 -0.206097 39.500000
-0.226617 -0.226575 39.500000
-0.214668 -0.247029 39.500000
-0.202652 -0.267445 39.500000
-0.190484 -0.287770 39.500000
-0.177634 -0.307671 39.500000
-0.153974 -0.308849 39.500000
-0.130288 -0.309224 39.500000
-0.106600 -0.309422 39.500000
-0.082911 -0.309543 39.500000
-0.059222 -0.309618 39.500000
-0.035533 -0.309662 39.500000
-0.011844 -0.309683 39.500000
0.011844 -0.309683 39.500000
0.035533 -0.309662 39.500000
0.059222 -0.309618 39.500000
0.082911 -0.309543 39.500000
0.106600 -0.309422 39.500000
0.130288 -0.309224 39.500000
0.153974 -0.308849 39.500000
0.177634 -0.307671 39.500000
0.190484 -0.287770 39.500000
0.202652 -0.267445 39.500000
0.214668 -0.247029 39.500000
0.226617 -0.226575 39.500000
0.238526 -0.206097 39.500000
0.250409 -0.185604 39.500000
0.262271 -0.165099 39.500000
0.274115 -0.144584 39.500000
0.285942 -0.124058 39.500000
0.297748 -0.103521 39.500000
0.309528 -0.082968 39.500000
0.321267 -0.062393 39.500000
0.332940 -0.041779 39.500000
0.344458 -0.021079 39.500000
0.355267 0.000000 39.500000

