0.111809 -0.000000 4.260000
0.108484 0.006674 4.260000
0.104893 0.013208 4.260000
0.101241 0.019709 4.260000
0.097563 0.026194 4.260000
0.093867 0.032670 4.260000
0.090159 0.039139 4.260000
0.086441 0.045602 4.260000
0.082713 0.052059 4.260000
0.078975 0.058511 4.260000
0.075227 0.064956 4.260000
0.071466 0.071394 4.260000
0.067689 0.077823 4.260000
0.063885 0.084236 4.260000
0.060022 0.090613 4.260000
0.055904 0.096829 4.260000
0.048462 0.097287 4.260000
0.041008 0.097444 4.260000
0.033552 0.097532 4.260000
0.026096 0.097589 4.260000
0.018640 0.097626 4.260000
0.011184 0.097650 4.260000
0.003728 0.097661 4.260000
-0.003728 0.097661 4.260000
-0.011184 0.097650 4.260000
-0.018640 0.097626 4.260000
-0.026096 0.097589 4.260000
-0.033552 0.097532 4.260000
-0.041008 0.097444 4.260000
-0.048462 0.097287 4.260000
-0.055904 0.096829 4.260000
-0.060022 0.090613 4.260000
-0.063885 0.084236 4.260000
-0.067689 0.077823 4.260000
-0.071466 0.071394 4.260000
-0.075227 0.064956 4.260000
-0.078975 0.058511 4.260000
-0.082713 0.052059 4.260000
-0.086441 0.045602 4.260000
-0.090159 0.039139 4.260000
-0.093867 0.032670 4.260000
-0.097563 0.026194 4.260000
-0.101241 0.019709 4.260000
-0.104893 0.013208 4.260000
-0.108484 0.006674 4.260000
-0.111809 -0.000000 4.260000
-0.108484 -0.006674 4.260000
-0.104893 -0.013208 4.260000
-0.101241 -0.019709 4.260000
-0.097563 -0.026194 4.260000
-0.093867 -0.032670 4.260000
-0.090159 -0.039139 4.260000
-0.086441 -0.045602 4.260000
-0.082713 -0.052059 4.260000
-0.078975 -0.058511 4.260000
-0.075227 -0.064956 4.260000
-0.071466 -0.071394 4.260000
-0.067689 -0.077823 4.260000
-0.063885 -0.084236 4.260000
-0.060022 -0.090613 4.260000
-0.055904 -0.096829 4.260000
-0.048462 -0.097287 4.260000
-0.041008 -0.097444 4.260000
-0.033552 -0.097532 4.260000
-0.026096 -0.097589 4.260000
-0.018640 -0.097626 4.260000
-0.011184 -0.097650 4.260000
-0.003728 -0.097661 4.260000
0.003728 -0.097661 4.260000
0.011184 -0.097650 4.260000
0.018640 -0.097626 4.260000
0.026096 -0.097589 4.260000
0.033552 -0.097532 4.260000
0.041008 -0.097444 4.260000
0.048462 -0.097287 4.260000
0.055904 -0.096829 4.260000
0.060022 -0.090613 4.260000
0.063885 -0.084236 4.260000
0.067689 -0.077823 4.260000
0.071466 -0.071394 4.260000
0.075227 -0.064956 4.260000
0.078975 -0.058511 4.260000
0.082713 -0.052059 4.260000
0.086441 -0.045602 4.260000
0.090159 -0.039139 4.260000
0.093867 -0.032670 4.260000
0.097563 -0.026194 4.260000
0.101241 -0.019709 4.260000
0.104893 -0.013208 4.260000
0.108484 -0.006674 4.260000
0.111809 -0.000000 4.260000

