0.167575 0.000000 10.130000
0.162563 0.009987 10.130000
0.157168 0.019773 10.130000
0.151687 0.029512 10.130000
0.146169 0.039229 10.130000
0.140626 0.048932 10.130000
0.135067 0.058626 10.130000
0.129493 0.068311 10.130000
0.123906 0.077989 10.130000
0.118305 0.087658 10.130000
0.112690 0.097320 10.130000
0.107057 0.106971 10.130000
0.101402 0.116609 10.130000
0.095708 0.126224 10.130000
0.089931 0.135790 10.130000
0.083787 0.145124 10.130000
0.072632 0.145777 10.130000
0.061459 0.145998 10.130000
0.050285 0.146121 10.130000
0.039111 0.146200 10.130000
0.027937 0.146252 10.130000
0.016762 0.146284 10.130000
0.005587 0.146300 10.130000
-0.005587 0.146300 10.130000
-0.016762 0.146284 10.130000
-0.027937 0.146252 10.130000
-0.039111 0.146200 10.130000
-0.050285 0.146121 10.130000
-0.061459 0.145998 10.130000
-0.072632 0.145777 10.130000
-0.083787 0.145124 10.130000
-0.089931 0.135790 10.130000
-0.095708 0.126224 10.130000
-0.101402 0.116609 10.130000
-0.107057 0.106971 10.130000
-0.112690 0.097320 10.130000
-0.118305 0.087658 10.130000
-0.123906 0.077989 10.130000
-0.129493 0.068311 10.130000
-0.135067 0.058626 10.130000
-0.140626 0.048932 10.130000
-0.146169 0.039229 10.130000
-0.151687 0.029512 10.130000
-0.157168 0.019773 10.130000
-0.162563 0.009987 10.130000
-0.167575 0.000000 10.130000
-0.162563 -0.009987 10.130000
-0.157168 -0.019773 10.130000
-0.151687 -0.029512 10.130000
-0.146169 -0.039229 10.130000
-0.140626 -0.048932 10.130000
-0.135067 -0.058626 10.130000
-0.129493 -0.068311 10.130000
-0.123906 -0.077989 10.130000
-0.118305 -0.087658 10.130000
-0.112690 -0.097320 10.130000
-0.107057 -0.106971 10.130000
-0.101402 -0.116609 10.130000
-0.095708 -0.126224 10.130000
-0.089931 -0.135790 10.130000
-0.083787 -0.145124 10.130000
-0.072632 -0.145777 10.130000
-0.061459 -0.145998 10.130000
-0.050285 -0.146121 10.130000
-0.039111 -0.146200 10.130000
-0.027937 -0.146252 10.130000
-0.016762 -0.146284 10.130000
-0.005587 -0.146300 10.130000
0.005587 -0.146300 10.130000
0.016762 -0.146284 10.130000
0.027937 -0.146252 10.130000
0.039111 -0.146200 10.130000
0.050285 -0.146121 10.130000
0.061459 -0.145998 10.130000
0.072632 -0.145777 10.130000
0.083787 -0.145124 10.130000
0.089931 -0.135790 10.130000
0.095708 -0.126224 10.130000
0.101402 -0.116609 10.130000
0.107057 -0.106971 10.130000
0.112690 -0.097320 10.130000
0.118305 -0.087658 10.130000
0.123906 -0.077989 10.130000
0.129493 -0.068311 10.130000
0.135067 -0.058626 10.130000
0.140626 -0.048932 10.130000
0.146169 -0.039229 10.130000
0.151687 -0.029512 10.130000
0.157168 -0.019773 10.130000
0.162563 -0.009987 10.130000
0.167575 0.000000 10.130000

