0.216402 0.000000 16.460000
0.209897 0.012881 16.460000
0.202916 0.025510 16.460000
0.195830 0.038081 16.460000
0.188698 0.050626 16.460000
0.181537 0.063154 16.460000
0.174354 0.075670 16.460000
0.167155 0.088176 16.460000
0.159940 0.100673 16.460000
0.152709 0.113161 16.460000
0.145461 0.125639 16.460000
0.138192 0.138104 16.460000
0.130895 0.150554 16.460000
0.123551 0.162975 16.460000
0.116104 0.175336 16.460000
0.108201 0.187410 16.460000
0.093793 0.188217 16.460000
0.079365 0.188486 16.460000
0.064936 0.188635 16.460000
0.050506 0.188730 16.460000
0.036076 0.188792 16.460000
0.021645 0.188830 16.460000
0.007215 0.188848 16.460000
-0.007215 0.188848 16.460000
-0.021645 0.188830 16.460000
-0.036076 0.188792 16.460000
-0.050506 0.188730 16.460000
-0.064936 0.188635 16.460000
-0.079365 0.188486 16.460000
-0.093793 0.188217 16.460000
-0.108201 0.187410 16.460000
-0.116104 0.175336 16.460000
-0.123551 0.162975 16.460000
-0.130895 0.150554 16.460000
-0.138192 0.138104 16.460000
-0.145461 0.125639 16.460000
-0.152709 0.113161 16.460000
-0.159940 0.100673 16.460000
-0.167155 0.088176 16.460000
-0.174354 0.075670 16.460000
-0.181537 0.063154 16.460000
-0.188698 0.050626 16.460000
-0.195830 0.038081 16.460000
-0.202916 0.025510 16.460000
-0.209897 0.012881 16.460000
-0.216402 0.000000 16.460000
-0.209897 -0.012881 16.460000
-0.202916 -0.025510 16.460000
-0.195830 -0.038081 16.460000
-0.188698 -0.050626 16.460000
-0.181537 -0.063154 16.460000
-0.174354 -0.075670 16.460000
-0.167155 -0.088176 16.460000
-0.159940 -0.100673 16.460000
-0.152709 -0.113161 16.460000
-0.145461 -0.125639 16.460000
-0.138192 -0.138104 16.460000
-0.130895 -0.150554 16.460000
-0.123551 -0.162975 16.460000
-0.116104 -0.175336 16.460000
-0.108201 -0.187410 16.460000
-0.093793 -0.188217 16.460000
-0.079365 -0.188486 16.460000
-0.064936 -0.188635 16.460000
-0.050506 -0.188730 16.460000
-0.036076 -0.188792 16.460000
-0.021645 -0.188830 16.460000
-0.007215 -0.188848 16.460000
0.007215 -0.188848 16.460000
0.021645 -0.188830 16.460000
0.036076 -0.188792 16.460000
0.050506 -0.188730 16.460000
0.064936 -0.188635 16.460000
0.079365 -0.188486 16.460000
0.093793 -0.188217 16.460000
0.108201 -0.187410 16.460000
0.116104 -0.175336 16.460000
0.123551 -0.162975 16.460000
0.130895 -0.150554 16.460000
0.138192 -0.138104 16.460000
0.145461 -0.125639 16.460000
0.152709 -0.113161 16.460000
0.159940 -0.100673 16.460000
0.167155 -0.088176 16.460000
0.174354 -0.075670 16.460000
0.181537 -0.063154 16.460000
0.188698 -0.050626 16.460000
0.195830 -0.038081 16.460000
0.202916 -0.025510 16.460000
0.209897 -0.012881 16.460000
0.216402 0.000000 16.460000

