0.151494 -0.000000 8.280000
0.146971 0.009033 8.280000
0.142096 0.017882 8.280000
0.137144 0.026687 8.280000
0.132156 0.035472 8.280000
0.127147 0.044245 8.280000
0.122121 0.053009 8.280000
0.117083 0.061765 8.280000
0.112031 0.070514 8.280000
0.106968 0.079256 8.280000
0.101891 0.087990 8.280000
0.096798 0.096715 8.280000
0.091684 0.105427 8.280000
0.086534 0.114118 8.280000
0.081308 0.122764 8.280000
0.075747 0.131198 8.280000
0.065662 0.131797 8.280000
0.055562 0.132000 8.280000
0.045460 0.132114 8.280000
0.035358 0.132187 8.280000
0.025256 0.132235 8.280000
0.015154 0.132265 8.280000
0.005051 0.132279 8.280000
-0.005051 0.132279 8.280000
-0.015154 0.132265 8.280000
-0.025256 0.132235 8.280000
-0.035358 0.132187 8.280000
-0.045460 0.132114 8.280000
-0.055562 0.132000 8.280000
-0.065662 0.131797 8.280000
-0.075747 0.131198 8.280000
-0.081308 0.122764 8.280000
-0.086534 0.114118 8.280000
-0.091684 0.105427 8.280000
-0.096798 0.096715 8.280000
-0.101891 0.087990 8.280000
-0.106968 0.079256 8.280000
-0.112031 0.070514 8.280000
-0.117083 0.061765 8.280000
-0.122121 0.053009 8.280000
-0.127147 0.044245 8.280000
-0.132156 0.035472 8.280000
-0.137144 0.026687 8.280000
-0.142096 0.017882 8.280000
-0.146971 0.009033 8.280000
-0.151494 -0.000000 8.280000
-0.146971 -0.009033 8.280000
-0.142096 -0.017882 8.280000
-0.137144 -0.026687 8.280000
-0.132156 -0.035472 8.280000
-0.127147 -0.044245 8.280000
-0.122121 -0.053009 8.280000
-0.117083 -0.061765 8.280000
-0.112031 -0.070514 8.280000
-0.106968 -0.079256 8.280000
-0.101891 -0.087990 8.280000
-0.096798 -0.096715 8.280000
-0.091684 -0.105427 8.280000
-0.086534 -0.114118 8.280000
-0.081308 -0.122764 8.280000
-0.075747 -0.131198 8.280000
-0.065662 -0.131797 8.280000
-0.055562 -0.132000 8.280000
-0.045460 -0.132114 8.280000
-0.035358 -0.132187 8.280000
-0.025256 -0.132235 8.280000
-0.015154 -0.132265 8.280000
-0.005051 -0.132279 8.280000
0.005051 -0.132279 8.280000
0.015154 -0.132265 8.280000
0.025256 -0.132235 8.280000
0.035358 -0.132187 8.280000
0.045460 -0.132114 8.280000
0.055562 -0.132000 8.280000
0.065662 -0.131797 8.280000
0.075747 -0.131198 8.280000
0.081308 -0.122764 8.280000
0.086534 -0.114118 8.280000
0.091684 -0.105427 8.280000
0.096798 -0.096715 8.280000
0.101891 -0.087990 8.280000
0.106968 -0.079256 8.280000
0.112031 -0.070514 8.280000
0.117083 -0.061765 8.280000
0.122121 -0.053009 8.280000
0.127147 -0.044245 8.280000
0.132156 -0.035472 8.280000
0.137144 -0.026687 8.280000
0.142096 -0.017882 8.280000
0.146971 -0.009033 8.280000
0.151494 -0.000000 8.280000

