0.217827 0.000000 16.660000
0.211278 0.012965 16.660000
0.204251 0.025678 16.660000
0.197119 0.038331 16.660000
0.189939 0.050958 16.660000
0.182730 0.063568 16.660000
0.175501 0.076167 16.660000
0.168254 0.088755 16.660000
0.160991 0.101334 16.660000
0.153713 0.113905 16.660000
0.146417 0.126465 16.660000
0.139100 0.139013 16.660000
0.131755 0.151544 16.660000
0.124363 0.164048 16.660000
0.116867 0.176490 16.660000
0.108914 0.188644 16.660000
0.094411 0.189455 16.660000
0.079888 0.189726 16.660000
0.065363 0.189875 16.660000
0.050838 0.189971 16.660000
0.036313 0.190033 16.660000
0.021788 0.190071 16.660000
0.007263 0.190090 16.660000
-0.007263 0.190090 16.660000
-0.021788 0.190071 16.660000
-0.036313 0.190033 16.660000
-0.050838 0.189971 16.660000
-0.065363 0.189875 16.660000
-0.079888 0.189726 16.660000
-0.094411 0.189455 16.660000
-0.108914 0.188644 16.660000
-0.116867 0.176490 16.660000
-0.124363 0.164048 16.660000
-0.131755 0.151544 16.660000
-0.139100 0.139013 16.660000
-0.146417 0.126465 16.660000
-0.153713 0.113905 16.660000
-0.160991 0.101334 16.660000
-0.168254 0.088755 16.660000
-0.175501 0.076167 16.660000
-0.182730 0.063568 16.660000
-0.189939 0.050958 16.660000
-0.197119 0.038331 16.660000
-0.204251 0.025678 16.660000
-0.211278 0.012965 16.660000
-0.217827 0.000000 16.660000
-0.211278 -0.012965 16.660000
-0.204251 -0.025678 16.660000
-0.197119 -0.038331 16.660000
-0.189939 -0.050958 16.660000
-0.182730 -0.063568 16.660000
-0.175501 -0.076167 16.660000
-0.168254 -0.088755 16.660000
-0.160991 -0.101334 16.660000
-0.153713 -0.113905 16.660000
-0.146417 -0.126465 16.660000
-0.139100 -0.139013 16.660000
-0.131755 -0.151544 16.660000
-0.124363 -0.164048 16.660000
-0.116867 -0.176490 16.660000
-0.108914 -0.188644 16.660000
-0.094411 -0.189455 16.660000
-0.079888 -0.189726 16.660000
-0.065363 -0.189875 16.660000
-0.050838 -0.189971 16.660000
-0.036313 -0.190033 16.660000
-0.021788 -0.190071 16.660000
-0.007263 -0.190090 16.660000
0.007263 -0.190090 16.660000
0.021788 -0.190071 16.660000
0.036313 -0.190033 16.660000
0.050838 -0.189971 16.660000
0.065363 -0.189875 16.660000
0.079888 -0.189726 16.660000
0.094411 -0.189455 16.660000
0.108914 -0.188644 16.660000
0.116867 -0.176490 16.660000
0.124363 -0.164048 16.660000
0.131755 -0.151544 16.660000
0.139100 -0.139013 16.660000
0.146417 -0.126465 16.660000
0.153713 -0.113905 16.660000
0.160991 -0.101334 16.660000
0.168254 -0.088755 16.660000
0.175501 -0.076167 16.660000
0.182730 -0.063568 16.660000
0.189939 -0.050958 16.660000
0.197119 -0.038331 16.660000
0.204251 -0.025678 16.660000
0.211278 -0.012965 16.660000
0.217827 0.000000 16.660000

