0.279273 0.000000 26.040000
0.270828 0.016598 26.040000
0.261798 0.032884 26.040000
0.252640 0.049098 26.040000
0.243424 0.065280 26.040000
0.234175 0.081443 26.040000
0.224901 0.097592 26.040000
0.215607 0.113729 26.040000
0.206296 0.129857 26.040000
0.196967 0.145974 26.040000
0.187619 0.162080 26.040000
0.178247 0.178171 26.040000
0.168840 0.194243 26.040000
0.159377 0.210282 26.040000
0.149788 0.226245 26.040000
0.139636 0.241857 26.040000
0.121040 0.242843 26.040000
0.102421 0.243166 26.040000
0.083799 0.243341 26.040000
0.065178 0.243452 26.040000
0.046555 0.243523 26.040000
0.027933 0.243566 26.040000
0.009311 0.243586 26.040000
-0.009311 0.243586 26.040000
-0.027933 0.243566 26.040000
-0.046555 0.243523 26.040000
-0.065178 0.243452 26.040000
-0.083799 0.243341 26.040000
-0.102421 0.243166 26.040000
-0.121040 0.242843 26.040000
-0.139636 0.241857 26.040000
-0.149788 0.226245 26.040000
-0.159377 0.210282 26.040000
-0.168840 0.194243 26.040000
-0.178247 0.178171 26.040000
-0.187619 0.162080 26.040000
-0.196967 0.145974 26.040000
-0.206296 0.129857 26.040000
-0.215607 0.113729 26.040000
-0.224901 0.097592 26.040000
-0.234175 0.081443 26.040000
-0.243424 0.065280 26.040000
-0.252640 0.049098 26.040000
-0.261798 0.032884 26.040000
-0.270828 0.016598 26.040000
-0.279273 0.000000 26.040000
-0.270828 -0.016598 26.040000
-0.261798 -0.032884 26.040000
-0.252640 -0.049098 26.040000
-0.243424 -0.065280 26.040000
-0.234175 -0.081443 26.040000
-0.224901 -0.097592 26.040000
-0.215607 -0.113729 26.040000
-0.206296 -0.129857 26.040000
-0.196967 -0.145974 26.040000
-0.187619 -0.162080 26.040000
-0.178247 -0.178171 26.040000
-0.168840 -0.194243 26.040000
-0.159377 -0.210282 26.040000
-0.149788 -0.226245 26.040000
-0.139636 -0.241857 26.040000
-0.121040 -0.242843 26.040000
-0.102421 -0.243166 26.040000
-0.083799 -0.243341 26.040000
-0.065178 -0.243452 26.040000
-0.046555 -0.243523 26.040000
-0.027933 -0.243566 26.040000
-0.009311 -0.243586 26.040000
0.009311 -0.243586 26.040000
0.027933 -0.243566 26.040000
0.046555 -0.243523 26.040000
0.065178 -0.243452 26.040000
0.083799 -0.243341 26.040000
0.102421 -0.243166 26.040000
0.121040 -0.242843 26.040000
0.139636 -0.241857 26.040000
0.149788 -0.226245 26.040000
0.159377 -0.210282 26.040000
0.168840 -0.194243 26.040000
0.178247 -0.178171 26.040000
0.187619 -0.162080 26.040000
0.196967 -0.145974 26.040000
0.206296 -0.129857 26.040000
0.215607 -0.113729 26.040000
0.224901 -0.097592 26.040000
0.234175 -0.081443 26.040000
0.243424 -0.065280 26.040000
0.252640 -0.049098 26.040000
0.261798 -0.032884 26.040000
0.270828 -0.016598 26.040000
0.279273 0.000000 26.040000

