0.240353 0.000000 19.930000
0.233111 0.014298 19.930000
0.225351 0.028321 19.930000
0.217476 0.042280 19.930000
0.209550 0.056211 19.930000
0.201594 0.070124 19.930000
0.193615 0.084024 19.930000
0.185618 0.097913 19.930000
0.177605 0.111793 19.930000
0.169574 0.125664 19.930000
0.161526 0.139524 19.930000
0.153455 0.153371 19.930000
0.145354 0.167199 19.930000
0.137202 0.180999 19.930000
0.128938 0.194731 19.930000
0.120176 0.208152 19.930000
0.104173 0.209029 19.930000
0.088149 0.209320 19.930000
0.072122 0.209480 19.930000
0.056095 0.209581 19.930000
0.040068 0.209647 19.930000
0.024041 0.209688 19.930000
0.008014 0.209707 19.930000
-0.008014 0.209707 19.930000
-0.024041 0.209688 19.930000
-0.040068 0.209647 19.930000
-0.056095 0.209581 19.930000
-0.072122 0.209480 19.930000
-0.088149 0.209320 19.930000
-0.104173 0.209029 19.930000
-0.120176 0.208152 19.930000
-0.128938 0.194731 19.930000
-0.137202 0.180999 19.930000
-0.145354 0.167199 19.930000
-0.153455 0.153371 19.930000
-0.161526 0.139524 19.930000
-0.169574 0.125664 19.930000
-0.177605 0.111793 19.930000
-0.185618 0.097913 19.930000
-0.193615 0.084024 19.930000
-0.201594 0.070124 19.930000
-0.209550 0.056211 19.930000
-0.217476 0.042280 19.930000
-0.225351 0.028321 19.930000
-0.233111 0.014298 19.930000
-0.240353 0.000000 19.930000
-0.233111 -0.014298 19.930000
-0.225351 -0.028321 19.930000
-0.217476 -0.042280 19.930000
-0.209550 -0.056211 19.930000
-0.201594 -0.070124 19.930000
-0.193615 -0.084024 19.930000
-0.185618 -0.097913 19.930000
-0.177605 -0.111793 19.930000
-0.169574 -0.125664 19.930000
-0.161526 -0.139524 19.930000
-0.153455 -0.153371 19.930000
-0.145354 -0.167199 19.930000
-0.137202 -0.180999 19.930000
-0.128938 -0.194731 19.930000
-0.120176 -0.208152 19.930000
-0.104173 -0.209029 19.930000
-0.088149 -0.209320 19.930000
-0.072122 -0.209480 19.930000
-0.056095 -0.209581 19.930000
-0.040068 -0.209647 19.930000
-0.024041 -0.209688 19.930000
-0.008014 -0.209707 19.930000
0.008014 -0.209707 19.930000
0.024041 -0.209688 19.930000
0.040068 -0.209647 19.930000
0.056095 -0.209581 19.930000
0.072122 -0.209480 19.930000
0.088149 -0.209320 19.930000
0.104173 -0.209029 19.930000
0.120176 -0.208152 19.930000
0.128938 -0.194731 19.930000
0.137202 -0.180999 19.930000
0.145354 -0.167199 19.930000
0.153455 -0.153371 19.930000
0.161526 -0.139524 19.930000
0.169574 -0.125664 19.930000
0.177605 -0.111793 19.930000
0.185618 -0.097913 19.930000
0.193615 -0.084024 19.930000
0.201594 -0.070124 19.930000
0.209550 -0.056211 19.930000
0.217476 -0.042280 19.930000
0.225351 -0.028321 19.930000
0.233111 -0.014298 19.930000
0.240353 0.000000 19.930000

