0.287245 0.000000 27.360000
0.278553 0.017068 27.360000
0.269263 0.033818 27.360000
0.259841 0.050494 27.360000
0.250361 0.067137 27.360000
0.240846 0.083761 27.360000
0.231307 0.100370 27.360000
0.221748 0.116968 27.360000
0.212171 0.133555 27.360000
0.202576 0.150133 27.360000
0.192962 0.166699 27.360000
0.183323 0.183250 27.360000
0.173649 0.199782 27.360000
0.163919 0.216279 27.360000
0.154058 0.232700 27.360000
0.143622 0.248761 27.360000
0.124495 0.249768 27.360000
0.105344 0.250097 27.360000
0.086191 0.250276 27.360000
0.067038 0.250388 27.360000
0.047884 0.250459 27.360000
0.028731 0.250503 27.360000
0.009577 0.250523 27.360000
-0.009577 0.250523 27.360000
-0.028731 0.250503 27.360000
-0.047884 0.250459 27.360000
-0.067038 0.250388 27.360000
-0.086191 0.250276 27.360000
-0.105344 0.250097 27.360000
-0.124495 0.249768 27.360000
-0.143622 0.248761 27.360000
-0.154058 0.232700 27.360000
-0.163919 0.216279 27.360000
-0.173649 0.199782 27.360000
-0.183323 0.183250 27.360000
-0.192962 0.166699 27.360000
-0.202576 0.150133 27.360000
-0.212171 0.133555 27.360000
-0.221748 0.116968 27.360000
-0.231307 0.100370 27.360000
-0.240846 0.083761 27.360000
-0.250361 0.067137 27.360000
-0.259841 0.050494 27.360000
-0.269263 0.033818 27.360000
-0.278553 0.017068 27.360000
-0.287245 0.000000 27.360000
-0.278553 -0.017068 27.360000
-0.269263 -0.033818 27.360000
-0.259841 -0.050494 27.360000
-0.250361 -0.067137 27.360000
-0.240846 -0.083761 27.360000
-0.231307 -0.100370 27.360000
-0.221748 -0.116968 27.360000
-0.212171 -0.133555 27.360000
-0.202576 -0.150133 27.360000
-0.192962 -0.166699 27.360000
-0.183323 -0.183250 27.360000
-0.173649 -0.199782 27.360000
-0.163919 -0.216279 27.360000
-0.154058 -0.232700 27.360000
-0.143622 -0.248761 27.360000
-0.124495 -0.249768 27.360000
-0.105344 -0.250097 27.360000
-0.086191 -0.250276 27.360000
-0.067038 -0.250388 27.360000
-0.047884 -0.250459 27.360000
-0.028731 -0.250503 27.360000
-0.009577 -0.250523 27.360000
0.009577 -0.250523 27.360000
0.028731 -0.250503 27.360000
0.047884 -0.250459 27.360000
0.067038 -0.250388 27.360000
0.086191 -0.250276 27.360000
0.105344 -0.250097 27.360000
0.124495 -0.249768 27.360000
0.143622 -0.248761 27.360000
0.154058 -0.232700 27.360000
0.163919 -0.216279 27.360000
0.173649 -0.199782 27.360000
0.183323 -0.183250 27.360000
0.192962 -0.166699 27.360000
0.202576 -0.150133 27.360000
0.212171 -0.133555 27.360000
0.221748 -0.116968 27.360000
0.231307 -0.100370 27.360000
0.240846 -0.083761 27.360000
0.250361 -0.067137 27.360000
0.259841 -0.050494 27.360000
0.269263 -0.033818 27.360000
0.278553 -0.017068 27.360000
0.287245 0.000000 27.360000

