0.240954 0.000000 20.020000
0.233694 0.014334 20.020000
0.225914 0.028392 20.020000
0.218019 0.042386 20.020000
0.210074 0.056351 20.020000
0.202097 0.070299 20.020000
0.194099 0.084233 20.020000
0.186082 0.098158 20.020000
0.178048 0.112072 20.020000
0.169998 0.125978 20.020000
0.161929 0.139872 20.020000
0.153838 0.153754 20.020000
0.145717 0.167617 20.020000
0.137545 0.181451 20.020000
0.129260 0.195218 20.020000
0.120477 0.208672 20.020000
0.104434 0.209551 20.020000
0.088369 0.209843 20.020000
0.072302 0.210003 20.020000
0.056235 0.210105 20.020000
0.040168 0.210171 20.020000
0.024101 0.210211 20.020000
0.008034 0.210230 20.020000
-0.008034 0.210230 20.020000
-0.024101 0.210211 20.020000
-0.040168 0.210171 20.020000
-0.056235 0.210105 20.020000
-0.072302 0.210003 20.020000
-0.088369 0.209843 20.020000
-0.104434 0.209551 20.020000
-0.120477 0.208672 20.020000
-0.129260 0.195218 20.020000
-0.137545 0.181451 20.020000
-0.145717 0.167617 20.020000
-0.153838 0.153754 20.020000
-0.161929 0.139872 20.020000
-0.169998 0.125978 20.020000
-0.178048 0.112072 20.020000
-0.186082 0.098158 20.020000
-0.194099 0.084233 20.020000
-0.202097 0.070299 20.020000
-0.210074 0.056351 20.020000
-0.218019 0.042386 20.020000
-0.225914 0.028392 20.020000
-0.233694 0.014334 20.020000
-0.240954 0.000000 20.020000
-0.233694 -0.014334 20.020000
-0.225914 -0.028392 20.020000
-0.218019 -0.042386 20.020000
-0.210074 -0.056351 20.020000
-0.202097 -0.070299 20.020000
-0.194099 -0.084233 20.020000
-0.186082 -0.098158 20.020000
-0.178048 -0.112072 20.020000
-0.169998 -0.125978 20.020000
-0.161929 -0.139872 20.020000
-0.153838 -0.153754 20.020000
-0.145717 -0.167617 20.020000
-0.137545 -0.181451 20.020000
-0.129260 -0.195218 20.020000
-0.120477 -0.208672 20.020000
-0.104434 -0.209551 20.020000
-0.088369 -0.209843 20.020000
-0.072302 -0.210003 20.020000
-0.056235 -0.210105 20.020000
-0.040168 -0.210171 20.020000
-0.024101 -0.210211 20.020000
-0.008034 -0.210230 20.020000
0.008034 -0.210230 20.020000
0.024101 -0.210211 20.020000
0.040168 -0.210171 20.020000
0.056235 -0.210105 20.020000
0.072302 -0.210003 20.020000
0.088369 -0.209843 20.020000
0.104434 -0.209551 20.020000
0.120477 -0.208672 20.020000
0.129260 -0.195218 20.020000
0.137545 -0.181451 20.020000
0.145717 -0.167617 20.020000
0.153838 -0.153754 20.020000
0.161929 -0.139872 20.020000
0.169998 -0.125978 20.020000
0.178048 -0.112072 20.020000
0.186082 -0.098158 20.020000
0.194099 -0.084233 20.020000
0.202097 -0.070299 20.020000
0.210074 -0.056351 20.020000
0.218019 -0.042386 20.020000
0.225914 -0.028392 20.020000
0.233694 -0.014334 20.020000
0.240954 0.000000 20.020000

