0.359056 0.000000 40.220000
0.348128 0.021302 40.220000
0.336485 0.042222 40.220000
0.324688 0.063055 40.220000
0.312822 0.083849 40.220000
0.300917 0.104621 40.220000
0.288984 0.125377 40.220000
0.277031 0.146121 40.220000
0.265060 0.166855 40.220000
0.253071 0.187579 40.220000
0.241063 0.208291 40.220000
0.229027 0.228987 40.220000
0.216951 0.249660 40.220000
0.204808 0.270294 40.220000
0.192512 0.290837 40.220000
0.179528 0.310952 40.220000
0.155616 0.312139 40.220000
0.131677 0.312516 40.220000
0.107737 0.312715 40.220000
0.083795 0.312837 40.220000
0.059854 0.312912 40.220000
0.035912 0.312956 40.220000
0.011971 0.312976 40.220000
-0.011971 0.312976 40.220000
-0.035912 0.312956 40.220000
-0.059854 0.312912 40.220000
-0.083795 0.312837 40.220000
-0.107737 0.312715 40.220000
-0.131677 0.312516 40.220000
-0.155616 0.312139 40.220000
-0.179528 0.310952 40.220000
-0.192512 0.290837 40.220000
-0.204808 0.270294 40.220000
-0.216951 0.249660 40.220000
-0.229027 0.228987 40.220000
-0.241063 0.208291 40.220000
-0.253071 0.187579 40.220000
-0.265060 0.166855 40.220000
-0.277031 0.146121 40.220000
-0.288984 0.125377 40.220000
-0.300917 0.104621 40.220000
-0.312822 0.083849 40.220000
-0.324688 0.063055 40.220000
-0.336485 0.042222 40.220000
-0.348128 0.021302 40.220000
-0.359056 0.000000 40.220000
-0.348128 -0.021302 40.220000
-0.336485 -0.042222 40.220000
-0.324688 -0.063055 40.220000
-0.312822 -0.083849 40.220000
-0.300917 -0.104621 40.220000
-0.288984 -0.125377 40.220000
-0.277031 -0.146121 40.220000
-0.265060 -0.166855 40.220000
-0.253071 -0.187579 40.220000
-0.241063 -0.208291 40.220000
-0.229027 -0.228987 40.220000
-0.216951 -0.249660 40.220000
-0.204808 -0.270294 40.220000
-0.192512 -0.290837 40.220000
-0.179528 -0.310952 40.220000
-0.155616 -0.312139 40.220000
-0.131677 -0.312516 40.220000
-0.107737 -0.312715 40.220000
-0.083795 -0.312837 40.220000
-0.059854 -0.312912 40.220000
-0.035912 -0.312956 40.220000
-0.011971 -0.312976 40.220000
0.011971 -0.312976 40.220000
0.035912 -0.312956 40.220000
0.059854 -0.312912 40.220000
0.083795 -0.312837 40.220000
0.107737 -0.312715 40.220000
0.131677 -0.312516 40.220000
0.155616 -0.312139 40.220000
0.179528 -0.310952 40.220000
0.192512 -0.290837 40.220000
0.204808 -0.270294 40.220000
0.216951 -0.249660 40.220000
0.229027 -0.228987 40.220000
0.241063 -0.208291 40.220000
0.253071 -0.187579 40.220000
0.265060 -0.166855 40.220000
0.277031 -0.146121 40.220000
0.288984 -0.125377 40.220000
0.300917 -0.104621 40.220000
0.312822 -0.083849 40.220000
0.324688 -0.063055 40.220000
0.336485 -0.042222 40.220000
0.348128 -0.021302 40.220000
0.359056 0.000000 40.220000

