0.341223 0.000000 36.870000
0.330852 0.020252 36.870000
0.319795 0.040136 36.870000
0.308588 0.059938 36.870000
0.297315 0.079701 36.870000
0.286004 0.099443 36.870000
0.274666 0.119170 36.870000
0.263307 0.138884 36.870000
0.251931 0.158589 36.870000
0.240537 0.178283 36.870000
0.229122 0.197965 36.870000
0.217681 0.217632 36.870000
0.206201 0.237276 36.870000
0.194657 0.256882 36.870000
0.182964 0.276401 36.870000
0.170612 0.295508 36.870000
0.147888 0.296652 36.870000
0.125138 0.297018 36.870000
0.102386 0.297214 36.870000
0.079634 0.297333 36.870000
0.056881 0.297408 36.870000
0.034129 0.297452 36.870000
0.011376 0.297473 36.870000
-0.011376 0.297473 36.870000
-0.034129 0.297452 36.870000
-0.056881 0.297408 36.870000
-0.079634 0.297333 36.870000
-0.102386 0.297214 36.870000
-0.125138 0.297018 36.870000
-0.147888 0.296652 36.870000
-0.170612 0.295508 36.870000
-0.182964 0.276401 36.870000
-0.194657 0.256882 36.870000
-0.206201 0.237276 36.870000
-0.217681 0.217632 36.870000
-0.229122 0.197965 36.870000
-0.240537 0.178283 36.870000
-0.251931 0.158589 36.870000
-0.263307 0.138884 36.870000
-0.274666 0.119170 36.870000
-0.286004 0.099443 36.870000
-0.297315 0.079701 36.870000
-0.308588 0.059938 36.870000
-0.319795 0.040136 36.870000
-0.330852 0.020252 36.870000
-0.341223 0.000000 36.870000
-0.330852 -0.020252 36.870000
-0.319795 -0.040136 36.870000
-0.308588 -0.059938 36.870000
-0.297315 -0.079701 36.870000
-0.286004 -0.099443 36.870000
-0.274666 -0.119170 36.870000
-0.263307 -0.138884 36.870000
-0.251931 -0.158589 36.870000
-0.240537 -0.178283 36.870000
-0.229122 -0.197965 36.870000
-0.217681 -0.217632 36.870000
-0.206201 -0.237276 36.870000
-0.194657 -0.256882 36.870000
-0.182964 -0.276401 36.870000
-0.170612 -0.295508 36.870000
-0.147888 -0.296652 36.870000
-0.125138 -0.297018 36.870000
-0.102386 -0.297214 36.870000
-0.079634 -0.297333 36.870000
-0.056881 -0.297408 36.870000
-0.034129 -0.297452 36.870000
-0.011376 -0.297473 36.870000
0.011376 -0.297473 36.870000
0.034129 -0.297452 36.870000
0.056881 -0.297408 36.870000
0.079634 -0.297333 36.870000
0.102386 -0.297214 36.870000
0.125138 -0.297018 36.870000
0.147888 -0.296652 36.870000
0.170612 -0.295508 36.870000
0.182964 -0.276401 36.870000
0.194657 -0.256882 36.870000
0.206201 -0.237276 36.870000
0.217681 -0.217632 36.870000
0.229122 -0.197965 36.870000
0.240537 -0.178283 36.870000
0.251931 -0.158589 36.870000
0.263307 -0.138884 36.870000
0.274666 -0.119170 36.870000
0.286004 -0.099443 36.870000
0.297315 -0.079701 36.870000
0.308588 -0.059938 36.870000
0.319795 -0.040136 36.870000
0.330852 -0.020252 36.870000
0.341223 0.000000 36.870000

