0.223119 0.000000 17.410000
0.216408 0.013279 17.410000
0.209209 0.026299 17.410000
0.201902 0.039259 17.410000
0.194547 0.052192 17.410000
0.187163 0.065109 17.410000
0.179757 0.078013 17.410000
0.172334 0.090907 17.410000
0.164895 0.103792 17.410000
0.157440 0.116668 17.410000
0.149967 0.129533 17.410000
0.142473 0.142386 17.410000
0.134950 0.155222 17.410000
0.127380 0.168031 17.410000
0.119704 0.180776 17.410000
0.111560 0.193227 17.410000
0.096704 0.194054 17.410000
0.081829 0.194330 17.410000
0.066951 0.194482 17.410000
0.052074 0.194579 17.410000
0.037195 0.194642 17.410000
0.022317 0.194681 17.410000
0.007439 0.194699 17.410000
-0.007439 0.194699 17.410000
-0.022317 0.194681 17.410000
-0.037195 0.194642 17.410000
-0.052074 0.194579 17.410000
-0.066951 0.194482 17.410000
-0.081829 0.194330 17.410000
-0.096704 0.194054 17.410000
-0.111560 0.193227 17.410000
-0.119704 0.180776 17.410000
-0.127380 0.168031 17.410000
-0.134950 0.155222 17.410000
-0.142473 0.142386 17.410000
-0.149967 0.129533 17.410000
-0.157440 0.116668 17.410000
-0.164895 0.103792 17.410000
-0.172334 0.090907 17.410000
-0.179757 0.078013 17.410000
-0.187163 0.065109 17.410000
-0.194547 0.052192 17.410000
-0.201902 0.039259 17.410000
-0.209209 0.026299 17.410000
-0.216408 0.013279 17.410000
-0.223119 0.000000 17.410000
-0.216408 -0.013279 17.410000
-0.209209 -0.026299 17.410000
-0.201902 -0.039259 17.410000
-0.194547 -0.052192 17.410000
-0.187163 -0.065109 17.410000
-0.179757 -0.078013 17.410000
-0.172334 -0.090907 17.410000
-0.164895 -0.103792 17.410000
-0.157440 -0.116668 17.410000
-0.149967 -0.129533 17.410000
-0.142473 -0.142386 17.410000
-0.134950 -0.155222 17.410000
-0.127380 -0.168031 17.410000
-0.119704 -0.180776 17.410000
-0.111560 -0.193227 17.410000
-0.096704 -0.194054 17.410000
-0.081829 -0.194330 17.410000
-0.066951 -0.194482 17.410000
-0.052074 -0.194579 17.410000
-0.037195 -0.194642 17.410000
-0.022317 -0.194681 17.410000
-0.007439 -0.194699 17.410000
0.007439 -0.194699 17.410000
0.022317 -0.194681 17.410000
0.037195 -0.194642 17.410000
0.052074 -0.194579 17.410000
0.066951 -0.194482 17.410000
0.081829 -0.194330 17.410000
0.096704 -0.194054 17.410000
0.111560 -0.193227 17.410000
0.119704 -0.180776 17.410000
0.127380 -0.168031 17.410000
0.134950 -0.155222 17.410000
0.142473 -0.142386 17.410000
0.149967 -0.129533 17.410000
0.157440 -0.116668 17.410000
0.164895 -0.103792 17.410000
0.172334 -0.090907 17.410000
0.179757 -0.078013 17.410000
0.187163 -0.065109 17.410000
0.194547 -0.052192 17.410000
0.201902 -0.039259 17.410000
0.209209 -0.026299 17.410000
0.216408 -0.013279 17.410000
0.223119 0.000000 17.410000

