0.253820 0.000000 21.980000
0.246163 0.015094 21.980000
0.237964 0.029901 21.980000
0.229645 0.044640 21.980000
0.221273 0.059350 21.980000
0.212870 0.074042 21.980000
0.204443 0.088720 21.980000
0.195997 0.103387 21.980000
0.187535 0.118045 21.980000
0.179055 0.132693 21.980000
0.170557 0.147330 21.980000
0.162035 0.161953 21.980000
0.153482 0.176558 21.980000
0.144877 0.191132 21.980000
0.136154 0.205637 21.980000
0.126910 0.219815 21.980000
0.110010 0.220731 21.980000
0.093087 0.221033 21.980000
0.076163 0.221199 21.980000
0.059238 0.221303 21.980000
0.042313 0.221371 21.980000
0.025388 0.221413 21.980000
0.008463 0.221432 21.980000
-0.008463 0.221432 21.980000
-0.025388 0.221413 21.980000
-0.042313 0.221371 21.980000
-0.059238 0.221303 21.980000
-0.076163 0.221199 21.980000
-0.093087 0.221033 21.980000
-0.110010 0.220731 21.980000
-0.126910 0.219815 21.980000
-0.136154 0.205637 21.980000
-0.144877 0.191132 21.980000
-0.153482 0.176558 21.980000
-0.162035 0.161953 21.980000
-0.170557 0.147330 21.980000
-0.179055 0.132693 21.980000
-0.187535 0.118045 21.980000
-0.195997 0.103387 21.980000
-0.204443 0.088720 21.980000
-0.212870 0.074042 21.980000
-0.221273 0.059350 21.980000
-0.229645 0.044640 21.980000
-0.237964 0.029901 21.980000
-0.246163 0.015094 21.980000
-0.253820 0.000000 21.980000
-0.246163 -0.015094 21.980000
-0.237964 -0.029901 21.980000
-0.229645 -0.044640 21.980000
-0.221273 -0.059350 21.980000
-0.212870 -0.074042 21.980000
-0.204443 -0.088720 21.980000
-0.195997 -0.103387 21.980000
-0.187535 -0.118045 21.980000
-0.179055 -0.132693 21.980000
-0.170557 -0.147330 21.980000
-0.162035 -0.161953 21.980000
-0.153482 -0.176558 21.980000
-0.144877 -0.191132 21.980000
-0.136154 -0.205637 21.980000
-0.126910 -0.219815 21.980000
-0.110010 -0.220731 21.980000
-0.093087 -0.221033 21.980000
-0.076163 -0.221199 21.980000
-0.059238 -0.221303 21.980000
-0.042313 -0.221371 21.980000
-0.025388 -0.221413 21.980000
-0.008463 -0.221432 21.980000
0.008463 -0.221432 21.980000
0.025388 -0.221413 21.980000
0.042313 -0.221371 21.980000
0.059238 -0.221303 21.980000
0.076163 -0.221199 21.980000
0.093087 -0.221033 21.980000
0.110010 -0.220731 21.980000
0.126910 -0.219815 21.980000
0.136154 -0.205637 21.980000
0.144877 -0.191132 21.980000
0.153482 -0.176558 21.980000
0.162035 -0.161953 21.980000
0.170557 -0.147330 21.980000
0.179055 -0.132693 21.980000
0.187535 -0.118045 21.980000
0.195997 -0.103387 21.980000
0.204443 -0.088720 21.980000
0.212870 -0.074042 21.980000
0.221273 -0.059350 21.980000
0.229645 -0.044640 21.980000
0.237964 -0.029901 21.980000
0.246163 -0.015094 21.980000
0.253820 0.000000 21.980000

