0.392633 0.000000 46.790000
0.380652 0.023278 46.790000
0.367907 0.046147 46.790000
0.354996 0.068922 46.790000
0.342013 0.091655 46.790000
0.328987 0.114365 46.790000
0.315934 0.137059 46.790000
0.302861 0.159742 46.790000
0.289771 0.182414 46.790000
0.276664 0.205077 46.790000
0.263537 0.227729 46.790000
0.250382 0.250364 46.790000
0.237186 0.272975 46.790000
0.223918 0.295544 46.790000
0.210486 0.318016 46.790000
0.196316 0.340030 46.790000
0.170167 0.341294 46.790000
0.143990 0.341690 46.790000
0.117810 0.341897 46.790000
0.091630 0.342019 46.790000
0.065450 0.342094 46.790000
0.039270 0.342136 46.790000
0.013090 0.342156 46.790000
-0.013090 0.342156 46.790000
-0.039270 0.342136 46.790000
-0.065450 0.342094 46.790000
-0.091630 0.342019 46.790000
-0.117810 0.341897 46.790000
-0.143990 0.341690 46.790000
-0.170167 0.341294 46.790000
-0.196316 0.340030 46.790000
-0.210486 0.318016 46.790000
-0.223918 0.295544 46.790000
-0.237186 0.272975 46.790000
-0.250382 0.250364 46.790000
-0.263537 0.227729 46.790000
-0.276664 0.205077 46.790000
-0.289771 0.182414 46.790000
-0.302861 0.159742 46.790000
-0.315934 0.137059 46.790000
-0.328987 0.114365 46.790000
-0.342013 0.091655 46.790000
-0.354996 0.068922 46.790000
-0.367907 0.046147 46.790000
-0.380652 0.023278 46.790000
-0.392633 0.000000 46.790000
-0.380652 -0.023278 46.790000
-0.367907 -0.046147 46.790000
-0.354996 -0.068922 46.790000
-0.342013 -0.091655 46.790000
-0.328987 -0.114365 46.790000
-0.315934 -0.137059 46.790000
-0.302861 -0.159742 46.790000
-0.289771 -0.182414 46.790000
-0.276664 -0.205077 46.790000
-0.263537 -0.227729 46.790000
-0.250382 -0.250364 46.790000
-0.237186 -0.272975 46.790000
-0.223918 -0.295544 46.790000
-0.210486 -0.318016 46.790000
-0.196316 -0.340030 46.790000
-0.170167 -0.341294 46.790000
-0.143990 -0.341690 46.790000
-0.117810 -0.341897 46.790000
-0.091630 -0.342019 46.790000
-0.065450 -0.342094 46.790000
-0.039270 -0.342136 46.790000
-0.013090 -0.342156 46.790000
0.013090 -0.342156 46.790000
0.039270 -0.342136 46.790000
0.065450 -0.342094 46.790000
0.091630 -0.342019 46.790000
0.117810 -0.341897 46.790000
0.143990 -0.341690 46.790000
0.170167 -0.341294 46.790000
0.196316 -0.340030 46.790000
0.210486 -0.318016 46.790000
0.223918 -0.295544 46.790000
0.237186 -0.272975 46.790000
0.250382 -0.250364 46.790000
0.263537 -0.227729 46.790000
0.276664 -0.205077 46.790000
0.289771 -0.182414 46.790000
0.302861 -0.159742 46.790000
0.315934 -0.137059 46.790000
0.328987 -0.114365 46.790000
0.342013 -0.091655 46.790000
0.354996 -0.068922 46.790000
0.367907 -0.046147 46.790000
0.380652 -0.023278 46.790000
0.392633 0.000000 46.790000

