0.382338 0.000000 44.740000
0.370680 0.022672 44.740000
0.358273 0.044944 44.740000
0.345704 0.067123 44.740000
0.333063 0.089263 44.740000
0.320381 0.111378 44.740000
0.307672 0.133478 44.740000
0.294942 0.155566 44.740000
0.282195 0.177644 44.740000
0.269431 0.199713 44.740000
0.256647 0.221769 44.740000
0.243835 0.243810 44.740000
0.230982 0.265827 44.740000
0.218059 0.287802 44.740000
0.204975 0.309682 44.740000
0.191169 0.331114 44.740000
0.165705 0.332355 44.740000
0.140214 0.332746 44.740000
0.114722 0.332950 44.740000
0.089228 0.333073 44.740000
0.063734 0.333147 44.740000
0.038241 0.333191 44.740000
0.012747 0.333210 44.740000
-0.012747 0.333210 44.740000
-0.038241 0.333191 44.740000
-0.063734 0.333147 44.740000
-0.089228 0.333073 44.740000
-0.114722 0.332950 44.740000
-0.140214 0.332746 44.740000
-0.165705 0.332355 44.740000
-0.191169 0.331114 44.740000
-0.204975 0.309682 44.740000
-0.218059 0.287802 44.740000
-0.230982 0.265827 44.740000
-0.243835 0.243810 44.740000
-0.256647 0.221769 44.740000
-0.269431 0.199713 44.740000
-0.282195 0.177644 44.740000
-0.294942 0.155566 44.740000
-0.307672 0.133478 44.740000
-0.320381 0.111378 44.740000
-0.333063 0.089263 44.740000
-0.345704 0.067123 44.740000
-0.358273 0.044944 44.740000
-0.370680 0.022672 44.740000
-0.382338 0.000000 44.740000
-0.370680 -0.022672 44.740000
-0.358273 -0.044944 44.740000
-0.345704 -0.067123 44.740000
-0.333063 -0.089263 44.740000
-0.320381 -0.111378 44.740000
-0.307672 -0.133478 44.740000
-0.294942 -0.155566 44.740000
-0.282195 -0.177644 44.740000
-0.269431 -0.199713 44.740000
-0.256647 -0.221769 44.740000
-0.243835 -0.243810 44.740000
-0.230982 -0.265827 44.740000
-0.218059 -0.287802 44.740000
-0.204975 -0.309682 44.740000
-0.191169 -0.331114 44.740000
-0.165705 -0.332355 44.740000
-0.140214 -0.332746 44.740000
-0.114722 -0.332950 44.740000
-0.089228 -0.333073 44.740000
-0.063734 -0.333147 44.740000
-0.038241 -0.333191 44.740000
-0.012747 -0.333210 44.740000
0.012747 -0.333210 44.740000
0.038241 -0.333191 44.740000
0.063734 -0.333147 44.740000
0.089228 -0.333073 44.740000
0.114722 -0.332950 44.740000
0.140214 -0.332746 44.740000
0.165705 -0.332355 44.740000
0.191169 -0.331114 44.740000
0.204975 -0.309682 44.740000
0.218059 -0.287802 44.740000
0.230982 -0.265827 44.740000
0.243835 -0.243810 44.740000
0.256647 -0.221769 44.740000
0.269431 -0.199713 44.740000
0.282195 -0.177644 44.740000
0.294942 -0.155566 44.740000
0.307672 -0.133478 44.740000
0.320381 -0.111378 44.740000
0.333063 -0.089263 44.740000
0.345704 -0.067123 44.740000
0.358273 -0.044944 44.740000
0.370680 -0.022672 44.740000
0.382338 0.000000 44.740000

