0.225145 0.000000 17.700000
0.218371 0.013398 17.700000
0.211106 0.026537 17.700000
0.203732 0.039614 17.700000
0.196310 0.052665 17.700000
0.188859 0.065698 17.700000
0.181386 0.078719 17.700000
0.173895 0.091731 17.700000
0.166389 0.104732 17.700000
0.158866 0.117725 17.700000
0.151326 0.130707 17.700000
0.143764 0.143677 17.700000
0.136173 0.156630 17.700000
0.128534 0.169555 17.700000
0.120789 0.182416 17.700000
0.112572 0.194981 17.700000
0.097582 0.195814 17.700000
0.082571 0.196091 17.700000
0.067559 0.196244 17.700000
0.052546 0.196342 17.700000
0.037533 0.196406 17.700000
0.022520 0.196444 17.700000
0.007507 0.196463 17.700000
-0.007507 0.196463 17.700000
-0.022520 0.196444 17.700000
-0.037533 0.196406 17.700000
-0.052546 0.196342 17.700000
-0.067559 0.196244 17.700000
-0.082571 0.196091 17.700000
-0.097582 0.195814 17.700000
-0.112572 0.194981 17.700000
-0.120789 0.182416 17.700000
-0.128534 0.169555 17.700000
-0.136173 0.156630 17.700000
-0.143764 0.143677 17.700000
-0.151326 0.130707 17.700000
-0.158866 0.117725 17.700000
-0.166389 0.104732 17.700000
-0.173895 0.091731 17.700000
-0.181386 0.078719 17.700000
-0.188859 0.065698 17.700000
-0.196310 0.052665 17.700000
-0.203732 0.039614 17.700000
-0.211106 0.026537 17.700000
-0.218371 0.013398 17.700000
-0.225145 0.000000 17.700000
-0.218371 -0.013398 17.700000
-0.211106 -0.026537 17.700000
-0.203732 -0.039614 17.700000
-0.196310 -0.052665 17.700000
-0.188859 -0.065698 17.700000
-0.181386 -0.078719 17.700000
-0.173895 -0.091731 17.700000
-0.166389 -0.104732 17.700000
-0.158866 -0.117725 17.700000
-0.151326 -0.130707 17.700000
-0.143764 -0.143677 17.700000
-0.136173 -0.156630 17.700000
-0.128534 -0.169555 17.700000
-0.120789 -0.182416 17.700000
-0.112572 -0.194981 17.700000
-0.097582 -0.195814 17.700000
-0.082571 -0.196091 17.700000
-0.067559 -0.196244 17.700000
-0.052546 -0.196342 17.700000
-0.037533 -0.196406 17.700000
-0.022520 -0.196444 17.700000
-0.007507 -0.196463 17.700000
0.007507 -0.196463 17.700000
0.022520 -0.196444 17.700000
0.037533 -0.196406 17.700000
0.052546 -0.196342 17.700000
0.067559 -0.196244 17.700000
0.082571 -0.196091 17.700000
0.097582 -0.195814 17.700000
0.112572 -0.194981 17.700000
0.120789 -0.182416 17.700000
0.128534 -0.169555 17.700000
0.136173 -0.156630 17.700000
0.143764 -0.143677 17.700000
0.151326 -0.130707 17.700000
0.158866 -0.117725 17.700000
0.166389 -0.104732 17.700000
0.173895 -0.091731 17.700000
0.181386 -0.078719 17.700000
0.188859 -0.065698 17.700000
0.196310 -0.052665 17.700000
0.203732 -0.039614 17.700000
0.211106 -0.026537 17.700000
0.218371 -0.013398 17.700000
0.225145 0.000000 17.700000

