0.277808 0.000000 25.800000
0.269409 0.016511 25.800000
0.260427 0.032712 25.800000
0.251317 0.048842 25.800000
0.242150 0.064939 25.800000
0.232949 0.081017 25.800000
0.223724 0.097082 25.800000
0.214479 0.113134 25.800000
0.205217 0.129177 25.800000
0.195937 0.145210 25.800000
0.186638 0.161231 25.800000
0.177314 0.177238 25.800000
0.167957 0.193226 25.800000
0.158543 0.209180 25.800000
0.149004 0.225060 25.800000
0.138904 0.240589 25.800000
0.120406 0.241571 25.800000
0.101884 0.241893 25.800000
0.083360 0.242068 25.800000
0.064836 0.242178 25.800000
0.046311 0.242249 25.800000
0.027787 0.242291 25.800000
0.009262 0.242312 25.800000
-0.009262 0.242312 25.800000
-0.027787 0.242291 25.800000
-0.046311 0.242249 25.800000
-0.064836 0.242178 25.800000
-0.083360 0.242068 25.800000
-0.101884 0.241893 25.800000
-0.120406 0.241571 25.800000
-0.138904 0.240589 25.800000
-0.149004 0.225060 25.800000
-0.158543 0.209180 25.800000
-0.167957 0.193226 25.800000
-0.177314 0.177238 25.800000
-0.186638 0.161231 25.800000
-0.195937 0.145210 25.800000
-0.205217 0.129177 25.800000
-0.214479 0.113134 25.800000
-0.223724 0.097082 25.800000
-0.232949 0.081017 25.800000
-0.242150 0.064939 25.800000
-0.251317 0.048842 25.800000
-0.260427 0.032712 25.800000
-0.269409 0.016511 25.800000
-0.277808 0.000000 25.800000
-0.269409 -0.016511 25.800000
-0.260427 -0.032712 25.800000
-0.251317 -0.048842 25.800000
-0.242150 -0.064939 25.800000
-0.232949 -0.081017 25.800000
-0.223724 -0.097082 25.800000
-0.214479 -0.113134 25.800000
-0.205217 -0.129177 25.800000
-0.195937 -0.145210 25.800000
-0.186638 -0.161231 25.800000
-0.177314 -0.177238 25.800000
-0.167957 -0.193226 25.800000
-0.158543 -0.209180 25.800000
-0.149004 -0.225060 25.800000
-0.138904 -0.240589 25.800000
-0.120406 -0.241571 25.800000
-0.101884 -0.241893 25.800000
-0.083360 -0.242068 25.800000
-0.064836 -0.242178 25.800000
-0.046311 -0.242249 25.800000
-0.027787 -0.242291 25.800000
-0.009262 -0.242312 25.800000
0.009262 -0.242312 25.800000
0.027787 -0.242291 25.800000
0.046311 -0.242249 25.800000
0.064836 -0.242178 25.800000
0.083360 -0.242068 25.800000
0.101884 -0.241893 25.800000
0.120406 -0.241571 25.800000
0.138904 -0.240589 25.800000
0.149004 -0.225060 25.800000
0.158543 -0.209180 25.800000
0.167957 -0.193226 25.800000
0.177314 -0.177238 25.800000
0.186638 -0.161231 25.800000
0.195937 -0.145210 25.800000
0.205217 -0.129177 25.800000
0.214479 -0.113134 25.800000
0.223724 -0.097082 25.800000
0.232949 -0.081017 25.800000
0.242150 -0.064939 25.800000
0.251317 -0.048842 25.800000
0.260427 -0.032712 25.800000
0.269409 -0.016511 25.800000
0.277808 0.000000 25.800000

