0.256974 0.000000 22.470000
0.249219 0.015281 22.470000
0.240917 0.030270 22.470000
0.232494 0.045193 22.470000
0.224018 0.060085 22.470000
0.215510 0.074959 22.470000
0.206978 0.089819 22.470000
0.198427 0.104669 22.470000
0.189860 0.119509 22.470000
0.181275 0.134339 22.470000
0.172671 0.149157 22.470000
0.164044 0.163963 22.470000
0.155385 0.178750 22.470000
0.146673 0.193505 22.470000
0.137843 0.208190 22.470000
0.128487 0.222546 22.470000
0.111376 0.223471 22.470000
0.094244 0.223775 22.470000
0.077109 0.223942 22.470000
0.059974 0.224048 22.470000
0.042839 0.224116 22.470000
0.025703 0.224158 22.470000
0.008568 0.224178 22.470000
-0.008568 0.224178 22.470000
-0.025703 0.224158 22.470000
-0.042839 0.224116 22.470000
-0.059974 0.224048 22.470000
-0.077109 0.223942 22.470000
-0.094244 0.223775 22.470000
-0.111376 0.223471 22.470000
-0.128487 0.222546 22.470000
-0.137843 0.208190 22.470000
-0.146673 0.193505 22.470000
-0.155385 0.178750 22.470000
-0.164044 0.163963 22.470000
-0.172671 0.149157 22.470000
-0.181275 0.134339 22.470000
-0.189860 0.119509 22.470000
-0.198427 0.104669 22.470000
-0.206978 0.089819 22.470000
-0.215510 0.074959 22.470000
-0.224018 0.060085 22.470000
-0.232494 0.045193 22.470000
-0.240917 0.030270 22.470000
-0.249219 0.015281 22.470000
-0.256974 0.000000 22.470000
-0.249219 -0.015281 22.470000
-0.240917 -0.030270 22.470000
-0.232494 -0.045193 22.470000
-0.224018 -0.060085 22.470000
-0.215510 -0.074959 22.470000
-0.206978 -0.089819 22.470000
-0.198427 -0.104669 22.470000
-0.189860 -0.119509 22.470000
-0.181275 -0.134339 22.470000
-0.172671 -0.149157 22.470000
-0.164044 -0.163963 22.470000
-0.155385 -0.178750 22.470000
-0.146673 -0.193505 22.470000
-0.137843 -0.208190 22.470000
-0.128487 -0.222546 22.470000
-0.111376 -0.223471 22.470000
-0.094244 -0.223775 22.470000
-0.077109 -0.223942 22.470000
-0.059974 -0.224048 22.470000
-0.042839 -0.224116 22.470000
-0.025703 -0.224158 22.470000
-0.008568 -0.224178 22.470000
0.008568 -0.224178 22.470000
0.025703 -0.224158 22.470000
0.042839 -0.224116 22.470000
0.059974 -0.224048 22.470000
0.077109 -0.223942 22.470000
0.094244 -0.223775 22.470000
0.111376 -0.223471 22.470000
0.128487 -0.222546 22.470000
0.137843 -0.208190 22.470000
0.146673 -0.193505 22.470000
0.155385 -0.178750 22.470000
0.164044 -0.163963 22.470000
0.172671 -0.149157 22.470000
0.181275 -0.134339 22.470000
0.189860 -0.119509 22.470000
0.198427 -0.104669 22.470000
0.206978 -0.089819 22.470000
0.215510 -0.074959 22.470000
0.224018 -0.060085 22.470000
0.232494 -0.045193 22.470000
0.240917 -0.030270 22.470000
0.249219 -0.015281 22.470000
0.256974 0.000000 22.470000

