0.245003 0.000000 20.630000
0.237618 0.014573 20.630000
0.229706 0.028867 20.630000
0.221678 0.043095 20.630000
0.213599 0.057295 20.630000
0.205488 0.071477 20.630000
0.197354 0.085646 20.630000
0.189202 0.099804 20.630000
0.181034 0.113952 20.630000
0.172848 0.128091 20.630000
0.164645 0.142219 20.630000
0.156418 0.156334 20.630000
0.148161 0.170431 20.630000
0.139852 0.184498 20.630000
0.131430 0.198497 20.630000
0.122502 0.212179 20.630000
0.106189 0.213070 20.630000
0.089854 0.213365 20.630000
0.073517 0.213527 20.630000
0.057180 0.213629 20.630000
0.040843 0.213696 20.630000
0.024506 0.213737 20.630000
0.008169 0.213756 20.630000
-0.008169 0.213756 20.630000
-0.024506 0.213737 20.630000
-0.040843 0.213696 20.630000
-0.057180 0.213629 20.630000
-0.073517 0.213527 20.630000
-0.089854 0.213365 20.630000
-0.106189 0.213070 20.630000
-0.122502 0.212179 20.630000
-0.131430 0.198497 20.630000
-0.139852 0.184498 20.630000
-0.148161 0.170431 20.630000
-0.156418 0.156334 20.630000
-0.164645 0.142219 20.630000
-0.172848 0.128091 20.630000
-0.181034 0.113952 20.630000
-0.189202 0.099804 20.630000
-0.197354 0.085646 20.630000
-0.205488 0.071477 20.630000
-0.213599 0.057295 20.630000
-0.221678 0.043095 20.630000
-0.229706 0.028867 20.630000
-0.237618 0.014573 20.630000
-0.245003 0.000000 20.630000
-0.237618 -0.014573 20.630000
-0.229706 -0.028867 20.630000
-0.221678 -0.043095 20.630000
-0.213599 -0.057295 20.630000
-0.205488 -0.071477 20.630000
-0.197354 -0.085646 20.630000
-0.189202 -0.099804 20.630000
-0.181034 -0.113952 20.630000
-0.172848 -0.128091 20.630000
-0.164645 -0.142219 20.630000
-0.156418 -0.156334 20.630000
-0.148161 -0.170431 20.630000
-0.139852 -0.184498 20.630000
-0.131430 -0.198497 20.630000
-0.122502 -0.212179 20.630000
-0.106189 -0.213070 20.630000
-0.089854 -0.213365 20.630000
-0.073517 -0.213527 20.630000
-0.057180 -0.213629 20.630000
-0.040843 -0.213696 20.630000
-0.024506 -0.213737 20.630000
-0.008169 -0.213756 20.630000
0.008169 -0.213756 20.630000
0.024506 -0.213737 20.630000
0.040843 -0.213696 20.630000
0.057180 -0.213629 20.630000
0.073517 -0.213527 20.630000
0.089854 -0.213365 20.630000
0.106189 -0.213070 20.630000
0.122502 -0.212179 20.630000
0.131430 -0.198497 20.630000
0.139852 -0.184498 20.630000
0.148161 -0.170431 20.630000
0.156418 -0.156334 20.630000
0.164645 -0.142219 20.630000
0.172848 -0.128091 20.630000
0.181034 -0.113952 20.630000
0.189202 -0.099804 20.630000
0.197354 -0.085646 20.630000
0.205488 -0.071477 20.630000
0.213599 -0.057295 20.630000
0.221678 -0.043095 20.630000
0.229706 -0.028867 20.630000
0.237618 -0.014573 20.630000
0.245003 0.000000 20.630000

