0.337319 0.000000 36.150000
0.327070 0.020021 36.150000
0.316141 0.039680 36.150000
0.305063 0.059255 36.150000
0.293920 0.078793 36.150000
0.282739 0.098310 36.150000
0.271531 0.117811 36.150000
0.260303 0.137300 36.150000
0.249056 0.156779 36.150000
0.237792 0.176247 36.150000
0.226508 0.195704 36.150000
0.215197 0.215146 36.150000
0.203848 0.234565 36.150000
0.192434 0.253946 36.150000
0.180874 0.273240 36.150000
0.168660 0.292127 36.150000
0.146196 0.293262 36.150000
0.123707 0.293626 36.150000
0.101215 0.293820 36.150000
0.078723 0.293939 36.150000
0.056231 0.294014 36.150000
0.033739 0.294058 36.150000
0.011246 0.294079 36.150000
-0.011246 0.294079 36.150000
-0.033739 0.294058 36.150000
-0.056231 0.294014 36.150000
-0.078723 0.293939 36.150000
-0.101215 0.293820 36.150000
-0.123707 0.293626 36.150000
-0.146196 0.293262 36.150000
-0.168660 0.292127 36.150000
-0.180874 0.273240 36.150000
-0.192434 0.253946 36.150000
-0.203848 0.234565 36.150000
-0.215197 0.215146 36.150000
-0.226508 0.195704 36.150000
-0.237792 0.176247 36.150000
-0.249056 0.156779 36.150000
-0.260303 0.137300 36.150000
-0.271531 0.117811 36.150000
-0.282739 0.098310 36.150000
-0.293920 0.078793 36.150000
-0.305063 0.059255 36.150000
-0.316141 0.039680 36.150000
-0.327070 0.020021 36.150000
-0.337319 0.000000 36.150000
-0.327070 -0.020021 36.150000
-0.316141 -0.039680 36.150000
-0.305063 -0.059255 36.150000
-0.293920 -0.078793 36.150000
-0.282739 -0.098310 36.150000
-0.271531 -0.117811 36.150000
-0.260303 -0.137300 36.150000
-0.249056 -0.156779 36.150000
-0.237792 -0.176247 36.150000
-0.226508 -0.195704 36.150000
-0.215197 -0.215146 36.150000
-0.203848 -0.234565 36.150000
-0.192434 -0.253946 36.150000
-0.180874 -0.273240 36.150000
-0.168660 -0.292127 36.150000
-0.146196 -0.293262 36.150000
-0.123707 -0.293626 36.150000
-0.101215 -0.293820 36.150000
-0.078723 -0.293939 36.150000
-0.056231 -0.294014 36.150000
-0.033739 -0.294058 36.150000
-0.011246 -0.294079 36.150000
0.011246 -0.294079 36.150000
0.033739 -0.294058 36.150000
0.056231 -0.294014 36.150000
0.078723 -0.293939 36.150000
0.101215 -0.293820 36.150000
0.123707 -0.293626 36.150000
0.146196 -0.293262 36.150000
0.168660 -0.292127 36.150000
0.180874 -0.273240 36.150000
0.192434 -0.253946 36.150000
0.203848 -0.234565 36.150000
0.215197 -0.215146 36.150000
0.226508 -0.195704 36.150000
0.237792 -0.176247 36.150000
0.249056 -0.156779 36.150000
0.260303 -0.137300 36.150000
0.271531 -0.117811 36.150000
0.282739 -0.098310 36.150000
0.293920 -0.078793 36.150000
0.305063 -0.059255 36.150000
0.316141 -0.039680 36.150000
0.327070 -0.020021 36.150000
0.337319 0.000000 36.150000

