0.319242 0.000000 32.880000
0.309556 0.018956 32.880000
0.299219 0.037564 32.880000
0.288739 0.056093 32.880000
0.278197 0.074587 32.880000
0.267618 0.093059 32.880000
0.257012 0.111516 32.880000
0.246387 0.129961 32.880000
0.235743 0.148397 32.880000
0.225082 0.166821 32.880000
0.214400 0.185234 32.880000
0.203692 0.203632 32.880000
0.192948 0.222009 32.880000
0.182141 0.240349 32.880000
0.171194 0.258605 32.880000
0.159621 0.276471 32.880000
0.138362 0.277561 32.880000
0.117077 0.277913 32.880000
0.095791 0.278102 32.880000
0.074505 0.278219 32.880000
0.053218 0.278293 32.880000
0.031931 0.278337 32.880000
0.010644 0.278358 32.880000
-0.010644 0.278358 32.880000
-0.031931 0.278337 32.880000
-0.053218 0.278293 32.880000
-0.074505 0.278219 32.880000
-0.095791 0.278102 32.880000
-0.117077 0.277913 32.880000
-0.138362 0.277561 32.880000
-0.159621 0.276471 32.880000
-0.171194 0.258605 32.880000
-0.182141 0.240349 32.880000
-0.192948 0.222009 32.880000
-0.203692 0.203632 32.880000
-0.214400 0.185234 32.880000
-0.225082 0.166821 32.880000
-0.235743 0.148397 32.880000
-0.246387 0.129961 32.880000
-0.257012 0.111516 32.880000
-0.267618 0.093059 32.880000
-0.278197 0.074587 32.880000
-0.288739 0.056093 32.880000
-0.299219 0.037564 32.880000
-0.309556 0.018956 32.880000
-0.319242 0.000000 32.880000
-0.309556 -0.018956 32.880000
-0.299219 -0.037564 32.880000
-0.288739 -0.056093 32.880000
-0.278197 -0.074587 32.880000
-0.267618 -0.093059 32.880000
-0.257012 -0.111516 32.880000
-0.246387 -0.129961 32.880000
-0.235743 -0.148397 32.880000
-0.225082 -0.166821 32.880000
-0.214400 -0.185234 32.880000
-0.203692 -0.203632 32.880000
-0.192948 -0.222009 32.880000
-0.182141 -0.240349 32.880000
-0.171194 -0.258605 32.880000
-0.159621 -0.276471 32.880000
-0.138362 -0.277561 32.880000
-0.117077 -0.277913 32.880000
-0.095791 -0.278102 32.880000
-0.074505 -0.278219 32.880000
-0.053218 -0.278293 32.880000
-0.031931 -0.278337 32.880000
-0.010644 -0.278358 32.880000
0.010644 -0.278358 32.880000
0.031931 -0.278337 32.880000
0.053218 -0.278293 32.880000
0.074505 -0.278219 32.880000
0.095791 -0.278102 32.880000
0.117077 -0.277913 32.880000
0.138362 -0.277561 32.880000
0.159621 -0.276471 32.880000
0.171194 -0.258605 32.880000
0.182141 -0.240349 32.880000
0.192948 -0.222009 32.880000
0.203692 -0.203632 32.880000
0.214400 -0.185234 32.880000
0.225082 -0.166821 32.880000
0.235743 -0.148397 32.880000
0.246387 -0.129961 32.880000
0.257012 -0.111516 32.880000
0.267618 -0.093059 32.880000
0.278197 -0.074587 32.880000
0.288739 -0.056093 32.880000
0.299219 -0.037564 32.880000
0.309556 -0.018956 32.880000
0.319242 0.000000 32.880000

