0.362457 0.000000 40.870000
0.351422 0.021502 40.870000
0.339668 0.042620 40.870000
0.327758 0.063649 40.870000
0.315779 0.084640 40.870000
0.303760 0.105608 40.870000
0.291714 0.126560 40.870000
0.279647 0.147501 40.870000
0.267563 0.168431 40.870000
0.255461 0.189351 40.870000
0.243339 0.210260 40.870000
0.231190 0.231152 40.870000
0.219001 0.252022 40.870000
0.206744 0.272851 40.870000
0.194332 0.293589 40.870000
0.181228 0.313897 40.870000
0.157090 0.315092 40.870000
0.132924 0.315471 40.870000
0.108757 0.315671 40.870000
0.084589 0.315793 40.870000
0.060421 0.315868 40.870000
0.036252 0.315912 40.870000
0.012084 0.315932 40.870000
-0.012084 0.315932 40.870000
-0.036252 0.315912 40.870000
-0.060421 0.315868 40.870000
-0.084589 0.315793 40.870000
-0.108757 0.315671 40.870000
-0.132924 0.315471 40.870000
-0.157090 0.315092 40.870000
-0.181228 0.313897 40.870000
-0.194332 0.293589 40.870000
-0.206744 0.272851 40.870000
-0.219001 0.252022 40.870000
-0.231190 0.231152 40.870000
-0.243339 0.210260 40.870000
-0.255461 0.189351 40.870000
-0.267563 0.168431 40.870000
-0.279647 0.147501 40.870000
-0.291714 0.126560 40.870000
-0.303760 0.105608 40.870000
-0.315779 0.084640 40.870000
-0.327758 0.063649 40.870000
-0.339668 0.042620 40.870000
-0.351422 0.021502 40.870000
-0.362457 0.000000 40.870000
-0.351422 -0.021502 40.870000
-0.339668 -0.042620 40.870000
-0.327758 -0.063649 40.870000
-0.315779 -0.084640 40.870000
-0.303760 -0.105608 40.870000
-0.291714 -0.126560 40.870000
-0.279647 -0.147501 40.870000
-0.267563 -0.168431 40.870000
-0.255461 -0.189351 40.870000
-0.243339 -0.210260 40.870000
-0.231190 -0.231152 40.870000
-0.219001 -0.252022 40.870000
-0.206744 -0.272851 40.870000
-0.194332 -0.293589 40.870000
-0.181228 -0.313897 40.870000
-0.157090 -0.315092 40.870000
-0.132924 -0.315471 40.870000
-0.108757 -0.315671 40.870000
-0.084589 -0.315793 40.870000
-0.060421 -0.315868 40.870000
-0.036252 -0.315912 40.870000
-0.012084 -0.315932 40.870000
0.012084 -0.315932 40.870000
0.036252 -0.315912 40.870000
0.060421 -0.315868 40.870000
0.084589 -0.315793 40.870000
0.108757 -0.315671 40.870000
0.132924 -0.315471 40.870000
0.157090 -0.315092 40.870000
0.181228 -0.313897 40.870000
0.194332 -0.293589 40.870000
0.206744 -0.272851 40.870000
0.219001 -0.252022 40.870000
0.231190 -0.231152 40.870000
0.243339 -0.210260 40.870000
0.255461 -0.189351 40.870000
0.267563 -0.168431 40.870000
0.279647 -0.147501 40.870000
0.291714 -0.126560 40.870000
0.303760 -0.105608 40.870000
0.315779 -0.084640 40.870000
0.327758 -0.063649 40.870000
0.339668 -0.042620 40.870000
0.351422 -0.021502 40.870000
0.362457 0.000000 40.870000

