0.246519 0.000000 20.860000
0.239087 0.014663 20.860000
0.231126 0.029044 20.860000
0.223048 0.043361 20.860000
0.214918 0.057648 20.860000
0.206757 0.071918 20.860000
0.198573 0.086174 20.860000
0.190371 0.100420 20.860000
0.182152 0.114656 20.860000
0.173916 0.128882 20.860000
0.165661 0.143098 20.860000
0.157384 0.157300 20.860000
0.149076 0.171485 20.860000
0.140716 0.185639 20.860000
0.132242 0.199724 20.860000
0.123260 0.213492 20.860000
0.106846 0.214387 20.860000
0.090410 0.214683 20.860000
0.073972 0.214846 20.860000
0.057534 0.214949 20.860000
0.041096 0.215016 20.860000
0.024658 0.215057 20.860000
0.008219 0.215076 20.860000
-0.008219 0.215076 20.860000
-0.024658 0.215057 20.860000
-0.041096 0.215016 20.860000
-0.057534 0.214949 20.860000
-0.073972 0.214846 20.860000
-0.090410 0.214683 20.860000
-0.106846 0.214387 20.860000
-0.123260 0.213492 20.860000
-0.132242 0.199724 20.860000
-0.140716 0.185639 20.860000
-0.149076 0.171485 20.860000
-0.157384 0.157300 20.860000
-0.165661 0.143098 20.860000
-0.173916 0.128882 20.860000
-0.182152 0.114656 20.860000
-0.190371 0.100420 20.860000
-0.198573 0.086174 20.860000
-0.206757 0.071918 20.860000
-0.214918 0.057648 20.860000
-0.223048 0.043361 20.860000
-0.231126 0.029044 20.860000
-0.239087 0.014663 20.860000
-0.246519 0.000000 20.860000
-0.239087 -0.014663 20.860000
-0.231126 -0.029044 20.860000
-0.223048 -0.043361 20.860000
-0.214918 -0.057648 20.860000
-0.206757 -0.071918 20.860000
-0.198573 -0.086174 20.860000
-0.190371 -0.100420 20.860000
-0.182152 -0.114656 20.860000
-0.173916 -0.128882 20.860000
-0.165661 -0.143098 20.860000
-0.157384 -0.157300 20.860000
-0.149076 -0.171485 20.860000
-0.140716 -0.185639 20.860000
-0.132242 -0.199724 20.860000
-0.123260 -0.213492 20.860000
-0.106846 -0.214387 20.860000
-0.090410 -0.214683 20.860000
-0.073972 -0.214846 20.860000
-0.057534 -0.214949 20.860000
-0.041096 -0.215016 20.860000
-0.024658 -0.215057 20.860000
-0.008219 -0.215076 20.860000
0.008219 -0.215076 20.860000
0.024658 -0.215057 20.860000
0.041096 -0.215016 20.860000
0.057534 -0.214949 20.860000
0.073972 -0.214846 20.860000
0.090410 -0.214683 20.860000
0.106846 -0.214387 20.860000
0.123260 -0.213492 20.860000
0.132242 -0.199724 20.860000
0.140716 -0.185639 20.860000
0.149076 -0.171485 20.860000
0.157384 -0.157300 20.860000
0.165661 -0.143098 20.860000
0.173916 -0.128882 20.860000
0.182152 -0.114656 20.860000
0.190371 -0.100420 20.860000
0.198573 -0.086174 20.860000
0.206757 -0.071918 20.860000
0.214918 -0.057648 20.860000
0.223048 -0.043361 20.860000
0.231126 -0.029044 20.860000
0.239087 -0.014663 20.860000
0.246519 0.000000 20.860000

