0.316537 0.000000 32.400000
0.306936 0.018796 32.400000
0.296687 0.037248 32.400000
0.286297 0.055620 32.400000
0.275844 0.073957 32.400000
0.265355 0.092273 32.400000
0.254840 0.110574 32.400000
0.244305 0.128863 32.400000
0.233751 0.147142 32.400000
0.223180 0.165411 32.400000
0.212588 0.183668 32.400000
0.201971 0.201910 32.400000
0.191317 0.220130 32.400000
0.180601 0.238314 32.400000
0.169746 0.256416 32.400000
0.158269 0.274129 32.400000
0.137190 0.275212 32.400000
0.116086 0.275562 32.400000
0.094980 0.275750 32.400000
0.073873 0.275867 32.400000
0.052767 0.275941 32.400000
0.031660 0.275985 32.400000
0.010553 0.276006 32.400000
-0.010553 0.276006 32.400000
-0.031660 0.275985 32.400000
-0.052767 0.275941 32.400000
-0.073873 0.275867 32.400000
-0.094980 0.275750 32.400000
-0.116086 0.275562 32.400000
-0.137190 0.275212 32.400000
-0.158269 0.274129 32.400000
-0.169746 0.256416 32.400000
-0.180601 0.238314 32.400000
-0.191317 0.220130 32.400000
-0.201971 0.201910 32.400000
-0.212588 0.183668 32.400000
-0.223180 0.165411 32.400000
-0.233751 0.147142 32.400000
-0.244305 0.128863 32.400000
-0.254840 0.110574 32.400000
-0.265355 0.092273 32.400000
-0.275844 0.073957 32.400000
-0.286297 0.055620 32.400000
-0.296687 0.037248 32.400000
-0.306936 0.018796 32.400000
-0.316537 0.000000 32.400000
-0.306936 -0.018796 32.400000
-0.296687 -0.037248 32.400000
-0.286297 -0.055620 32.400000
-0.275844 -0.073957 32.400000
-0.265355 -0.092273 32.400000
-0.254840 -0.110574 32.400000
-0.244305 -0.128863 32.400000
-0.233751 -0.147142 32.400000
-0.223180 -0.165411 32.400000
-0.212588 -0.183668 32.400000
-0.201971 -0.201910 32.400000
-0.191317 -0.220130 32.400000
-0.180601 -0.238314 32.400000
-0.169746 -0.256416 32.400000
-0.158269 -0.274129 32.400000
-0.137190 -0.275212 32.400000
-0.116086 -0.275562 32.400000
-0.094980 -0.275750 32.400000
-0.073873 -0.275867 32.400000
-0.052767 -0.275941 32.400000
-0.031660 -0.275985 32.400000
-0.010553 -0.276006 32.400000
0.010553 -0.276006 32.400000
0.031660 -0.275985 32.400000
0.052767 -0.275941 32.400000
0.073873 -0.275867 32.400000
0.094980 -0.275750 32.400000
0.116086 -0.275562 32.400000
0.137190 -0.275212 32.400000
0.158269 -0.274129 32.400000
0.169746 -0.256416 32.400000
0.180601 -0.238314 32.400000
0.191317 -0.220130 32.400000
0.201971 -0.201910 32.400000
0.212588 -0.183668 32.400000
0.223180 -0.165411 32.400000
0.233751 -0.147142 32.400000
0.244305 -0.128863 32.400000
0.254840 -0.110574 32.400000
0.265355 -0.092273 32.400000
0.275844 -0.073957 32.400000
0.286297 -0.055620 32.400000
0.296687 -0.037248 32.400000
0.306936 -0.018796 32.400000
0.316537 0.000000 32.400000

