0.152928 -0.000000 8.440000
0.148361 0.009118 8.440000
0.143441 0.018051 8.440000
0.138441 0.026939 8.440000
0.133406 0.035807 8.440000
0.128349 0.044663 8.440000
0.123276 0.053510 8.440000
0.118190 0.062349 8.440000
0.113091 0.071181 8.440000
0.107979 0.080005 8.440000
0.102854 0.088822 8.440000
0.097713 0.097629 8.440000
0.092550 0.106424 8.440000
0.087353 0.115198 8.440000
0.082077 0.123925 8.440000
0.076464 0.132440 8.440000
0.066284 0.133044 8.440000
0.056088 0.133248 8.440000
0.045891 0.133363 8.440000
0.035693 0.133437 8.440000
0.025495 0.133485 8.440000
0.015297 0.133515 8.440000
0.005099 0.133530 8.440000
-0.005099 0.133530 8.440000
-0.015297 0.133515 8.440000
-0.025495 0.133485 8.440000
-0.035693 0.133437 8.440000
-0.045891 0.133363 8.440000
-0.056088 0.133248 8.440000
-0.066284 0.133044 8.440000
-0.076464 0.132440 8.440000
-0.082077 0.123925 8.440000
-0.087353 0.115198 8.440000
-0.092550 0.106424 8.440000
-0.097713 0.097629 8.440000
-0.102854 0.088822 8.440000
-0.107979 0.080005 8.440000
-0.113091 0.071181 8.440000
-0.118190 0.062349 8.440000
-0.123276 0.053510 8.440000
-0.128349 0.044663 8.440000
-0.133406 0.035807 8.440000
-0.138441 0.026939 8.440000
-0.143441 0.018051 8.440000
-0.148361 0.009118 8.440000
-0.152928 -0.000000 8.440000
-0.148361 -0.009118 8.440000
-0.143441 -0.018051 8.440000
-0.138441 -0.026939 8.440000
-0.133406 -0.035807 8.440000
-0.128349 -0.044663 8.440000
-0.123276 -0.053510 8.440000
-0.118190 -0.062349 8.440000
-0.113091 -0.071181 8.440000
-0.107979 -0.080005 8.440000
-0.102854 -0.088822 8.440000
-0.097713 -0.097629 8.440000
-0.092550 -0.106424 8.440000
-0.087353 -0.115198 8.440000
-0.082077 -0.123925 8.440000
-0.076464 -0.132440 8.440000
-0.066284 -0.133044 8.440000
-0.056088 -0.133248 8.440000
-0.045891 -0.133363 8.440000
-0.035693 -0.133437 8.440000
-0.025495 -0.133485 8.440000
-0.015297 -0.133515 8.440000
-0.005099 -0.133530 8.440000
0.005099 -0.133530 8.440000
0.015297 -0.133515 8.440000
0.025495 -0.133485 8.440000
0.035693 -0.133437 8.440000
0.045891 -0.133363 8.440000
0.056088 -0.133248 8.440000
0.066284 -0.133044 8.440000
0.076464 -0.132440 8.440000
0.082077 -0.123925 8.440000
0.087353 -0.115198 8.440000
0.092550 -0.106424 8.440000
0.097713 -0.097629 8.440000
0.102854 -0.088822 8.440000
0.107979 -0.080005 8.440000
0.113091 -0.071181 8.440000
0.118190 -0.062349 8.440000
0.123276 -0.053510 8.440000
0.128349 -0.044663 8.440000
0.133406 -0.035807 8.440000
0.138441 -0.026939 8.440000
0.143441 -0.018051 8.440000
0.148361 -0.009118 8.440000
0.152928 -0.000000 8.440000

