0.152033 -0.000000 8.340000
0.147493 0.009065 8.340000
0.142601 0.017945 8.340000
0.137631 0.026782 8.340000
0.132626 0.035598 8.340000
0.127599 0.044402 8.340000
0.122555 0.053197 8.340000
0.117499 0.061984 8.340000
0.112429 0.070764 8.340000
0.107348 0.079537 8.340000
0.102253 0.088302 8.340000
0.097142 0.097058 8.340000
0.092009 0.105801 8.340000
0.086842 0.114524 8.340000
0.081597 0.123200 8.340000
0.076017 0.131664 8.340000
0.065896 0.132265 8.340000
0.055760 0.132469 8.340000
0.045622 0.132583 8.340000
0.035484 0.132656 8.340000
0.025346 0.132705 8.340000
0.015207 0.132735 8.340000
0.005069 0.132749 8.340000
-0.005069 0.132749 8.340000
-0.015207 0.132735 8.340000
-0.025346 0.132705 8.340000
-0.035484 0.132656 8.340000
-0.045622 0.132583 8.340000
-0.055760 0.132469 8.340000
-0.065896 0.132265 8.340000
-0.076017 0.131664 8.340000
-0.081597 0.123200 8.340000
-0.086842 0.114524 8.340000
-0.092009 0.105801 8.340000
-0.097142 0.097058 8.340000
-0.102253 0.088302 8.340000
-0.107348 0.079537 8.340000
-0.112429 0.070764 8.340000
-0.117499 0.061984 8.340000
-0.122555 0.053197 8.340000
-0.127599 0.044402 8.340000
-0.132626 0.035598 8.340000
-0.137631 0.026782 8.340000
-0.142601 0.017945 8.340000
-0.147493 0.009065 8.340000
-0.152033 -0.000000 8.340000
-0.147493 -0.009065 8.340000
-0.142601 -0.017945 8.340000
-0.137631 -0.026782 8.340000
-0.132626 -0.035598 8.340000
-0.127599 -0.044402 8.340000
-0.122555 -0.053197 8.340000
-0.117499 -0.061984 8.340000
-0.112429 -0.070764 8.340000
-0.107348 -0.079537 8.340000
-0.102253 -0.088302 8.340000
-0.097142 -0.097058 8.340000
-0.092009 -0.105801 8.340000
-0.086842 -0.114524 8.340000
-0.081597 -0.123200 8.340000
-0.076017 -0.131664 8.340000
-0.065896 -0.132265 8.340000
-0.055760 -0.132469 8.340000
-0.045622 -0.132583 8.340000
-0.035484 -0.132656 8.340000
-0.025346 -0.132705 8.340000
-0.015207 -0.132735 8.340000
-0.005069 -0.132749 8.340000
0.005069 -0.132749 8.340000
0.015207 -0.132735 8.340000
0.025346 -0.132705 8.340000
0.035484 -0.132656 8.340000
0.045622 -0.132583 8.340000
0.055760 -0.132469 8.340000
0.065896 -0.132265 8.340000
0.076017 -0.131664 8.340000
0.081597 -0.123200 8.340000
0.086842 -0.114524 8.340000
0.092009 -0.105801 8.340000
0.097142 -0.097058 8.340000
0.102253 -0.088302 8.340000
0.107348 -0.079537 8.340000
0.112429 -0.070764 8.340000
0.117499 -0.061984 8.340000
0.122555 -0.053197 8.340000
0.127599 -0.044402 8.340000
0.132626 -0.035598 8.340000
0.137631 -0.026782 8.340000
0.142601 -0.017945 8.340000
0.147493 -0.009065 8.340000
0.152033 -0.000000 8.340000

