0.392832 0.000000 46.830000
0.380845 0.023290 46.830000
0.368094 0.046170 46.830000
0.355176 0.068956 46.830000
0.342186 0.091702 46.830000
0.329154 0.114423 46.830000
0.316094 0.137129 46.830000
0.303014 0.159822 46.830000
0.289917 0.182507 46.830000
0.276804 0.205181 46.830000
0.263670 0.227844 46.830000
0.250509 0.250491 46.830000
0.237306 0.273113 46.830000
0.224031 0.295694 46.830000
0.210592 0.318177 46.830000
0.196416 0.340203 46.830000
0.170253 0.341467 46.830000
0.144063 0.341863 46.830000
0.117870 0.342070 46.830000
0.091677 0.342193 46.830000
0.065484 0.342267 46.830000
0.039290 0.342310 46.830000
0.013097 0.342329 46.830000
-0.013097 0.342329 46.830000
-0.039290 0.342310 46.830000
-0.065484 0.342267 46.830000
-0.091677 0.342193 46.830000
-0.117870 0.342070 46.830000
-0.144063 0.341863 46.830000
-0.170253 0.341467 46.830000
-0.196416 0.340203 46.830000
-0.210592 0.318177 46.830000
-0.224031 0.295694 46.830000
-0.237306 0.273113 46.830000
-0.250509 0.250491 46.830000
-0.263670 0.227844 46.830000
-0.276804 0.205181 46.830000
-0.289917 0.182507 46.830000
-0.303014 0.159822 46.830000
-0.316094 0.137129 46.830000
-0.329154 0.114423 46.830000
-0.342186 0.091702 46.830000
-0.355176 0.068956 46.830000
-0.368094 0.046170 46.830000
-0.380845 0.023290 46.830000
-0.392832 0.000000 46.830000
-0.380845 -0.023290 46.830000
-0.368094 -0.046170 46.830000
-0.355176 -0.068956 46.830000
-0.342186 -0.091702 46.830000
-0.329154 -0.114423 46.830000
-0.316094 -0.137129 46.830000
-0.303014 -0.159822 46.830000
-0.289917 -0.182507 46.830000
-0.276804 -0.205181 46.830000
-0.263670 -0.227844 46.830000
-0.250509 -0.250491 46.830000
-0.237306 -0.273113 46.830000
-0.224031 -0.295694 46.830000
-0.210592 -0.318177 46.830000
-0.196416 -0.340203 46.830000
-0.170253 -0.341467 46.830000
-0.144063 -0.341863 46.830000
-0.117870 -0.342070 46.830000
-0.091677 -0.342193 46.830000
-0.065484 -0.342267 46.830000
-0.039290 -0.342310 46.830000
-0.013097 -0.342329 46.830000
0.013097 -0.342329 46.830000
0.039290 -0.342310 46.830000
0.065484 -0.342267 46.830000
0.091677 -0.342193 46.830000
0.117870 -0.342070 46.830000
0.144063 -0.341863 46.830000
0.170253 -0.341467 46.830000
0.196416 -0.340203 46.830000
0.210592 -0.318177 46.830000
0.224031 -0.295694 46.830000
0.237306 -0.273113 46.830000
0.250509 -0.250491 46.830000
0.263670 -0.227844 46.830000
0.276804 -0.205181 46.830000
0.289917 -0.182507 46.830000
0.303014 -0.159822 46.830000
0.316094 -0.137129 46.830000
0.329154 -0.114423 46.830000
0.342186 -0.091702 46.830000
0.355176 -0.068956 46.830000
0.368094 -0.046170 46.830000
0.380845 -0.023290 46.830000
0.392832 0.000000 46.830000

