0.346013 0.000000 37.760000
0.335492 0.020534 37.760000
0.324278 0.040697 37.760000
0.312912 0.060775 37.760000
0.301480 0.080816 37.760000
0.290009 0.100834 37.760000
0.278512 0.120837 37.760000
0.266994 0.140828 37.760000
0.255458 0.160809 37.760000
0.243904 0.180780 37.760000
0.232330 0.200739 37.760000
0.220729 0.220682 37.760000
0.209089 0.240602 37.760000
0.197383 0.260484 37.760000
0.185529 0.280278 37.760000
0.173006 0.299656 37.760000
0.149963 0.300812 37.760000
0.126894 0.301181 37.760000
0.103823 0.301377 37.760000
0.080752 0.301497 37.760000
0.057680 0.301573 37.760000
0.034608 0.301617 37.760000
0.011536 0.301637 37.760000
-0.011536 0.301637 37.760000
-0.034608 0.301617 37.760000
-0.057680 0.301573 37.760000
-0.080752 0.301497 37.760000
-0.103823 0.301377 37.760000
-0.126894 0.301181 37.760000
-0.149963 0.300812 37.760000
-0.173006 0.299656 37.760000
-0.185529 0.280278 37.760000
-0.197383 0.260484 37.760000
-0.209089 0.240602 37.760000
-0.220729 0.220682 37.760000
-0.232330 0.200739 37.760000
-0.243904 0.180780 37.760000
-0.255458 0.160809 37.760000
-0.266994 0.140828 37.760000
-0.278512 0.120837 37.760000
-0.290009 0.100834 37.760000
-0.301480 0.080816 37.760000
-0.312912 0.060775 37.760000
-0.324278 0.040697 37.760000
-0.335492 0.020534 37.760000
-0.346013 0.000000 37.760000
-0.335492 -0.020534 37.760000
-0.324278 -0.040697 37.760000
-0.312912 -0.060775 37.760000
-0.301480 -0.080816 37.760000
-0.290009 -0.100834 37.760000
-0.278512 -0.120837 37.760000
-0.266994 -0.140828 37.760000
-0.255458 -0.160809 37.760000
-0.243904 -0.180780 37.760000
-0.232330 -0.200739 37.760000
-0.220729 -0.220682 37.760000
-0.209089 -0.240602 37.760000
-0.197383 -0.260484 37.760000
-0.185529 -0.280278 37.760000
-0.173006 -0.299656 37.760000
-0.149963 -0.300812 37.760000
-0.126894 -0.301181 37.760000
-0.103823 -0.301377 37.760000
-0.080752 -0.301497 37.760000
-0.057680 -0.301573 37.760000
-0.034608 -0.301617 37.760000
-0.011536 -0.301637 37.760000
0.011536 -0.301637 37.760000
0.034608 -0.301617 37.760000
0.057680 -0.301573 37.760000
0.080752 -0.301497 37.760000
0.103823 -0.301377 37.760000
0.126894 -0.301181 37.760000
0.149963 -0.300812 37.760000
0.173006 -0.299656 37.760000
0.185529 -0.280278 37.760000
0.197383 -0.260484 37.760000
0.209089 -0.240602 37.760000
0.220729 -0.220682 37.760000
0.232330 -0.200739 37.760000
0.243904 -0.180780 37.760000
0.255458 -0.160809 37.760000
0.266994 -0.140828 37.760000
0.278512 -0.120837 37.760000
0.290009 -0.100834 37.760000
0.301480 -0.080816 37.760000
0.312912 -0.060775 37.760000
0.324278 -0.040697 37.760000
0.335492 -0.020534 37.760000
0.346013 0.000000 37.760000

