0.297612 0.000000 29.110000
0.288599 0.017680 29.110000
0.278969 0.035032 29.110000
0.269204 0.052309 29.110000
0.259381 0.069551 29.110000
0.249521 0.086774 29.110000
0.239637 0.103982 29.110000
0.229732 0.121178 29.110000
0.219809 0.138365 29.110000
0.209869 0.155540 29.110000
0.199909 0.172705 29.110000
0.189924 0.189854 29.110000
0.179903 0.206984 29.110000
0.169823 0.224078 29.110000
0.159611 0.241094 29.110000
0.148806 0.257739 29.110000
0.128988 0.258774 29.110000
0.109146 0.259110 29.110000
0.089302 0.259292 29.110000
0.069457 0.259406 29.110000
0.049612 0.259479 29.110000
0.029767 0.259522 29.110000
0.009922 0.259543 29.110000
-0.009922 0.259543 29.110000
-0.029767 0.259522 29.110000
-0.049612 0.259479 29.110000
-0.069457 0.259406 29.110000
-0.089302 0.259292 29.110000
-0.109146 0.259110 29.110000
-0.128988 0.258774 29.110000
-0.148806 0.257739 29.110000
-0.159611 0.241094 29.110000
-0.169823 0.224078 29.110000
-0.179903 0.206984 29.110000
-0.189924 0.189854 29.110000
-0.199909 0.172705 29.110000
-0.209869 0.155540 29.110000
-0.219809 0.138365 29.110000
-0.229732 0.121178 29.110000
-0.239637 0.103982 29.110000
-0.249521 0.086774 29.110000
-0.259381 0.069551 29.110000
-0.269204 0.052309 29.110000
-0.278969 0.035032 29.110000
-0.288599 0.017680 29.110000
-0.297612 0.000000 29.110000
-0.288599 -0.017680 29.110000
-0.278969 -0.035032 29.110000
-0.269204 -0.052309 29.110000
-0.259381 -0.069551 29.110000
-0.249521 -0.086774 29.110000
-0.239637 -0.103982 29.110000
-0.229732 -0.121178 29.110000
-0.219809 -0.138365 29.110000
-0.209869 -0.155540 29.110000
-0.199909 -0.172705 29.110000
-0.189924 -0.189854 29.110000
-0.179903 -0.206984 29.110000
-0.169823 -0.224078 29.110000
-0.159611 -0.241094 29.110000
-0.148806 -0.257739 29.110000
-0.128988 -0.258774 29.110000
-0.109146 -0.259110 29.110000
-0.089302 -0.259292 29.110000
-0.069457 -0.259406 29.110000
-0.049612 -0.259479 29.110000
-0.029767 -0.259522 29.110000
-0.009922 -0.259543 29.110000
0.009922 -0.259543 29.110000
0.029767 -0.259522 29.110000
0.049612 -0.259479 29.110000
0.069457 -0.259406 29.110000
0.089302 -0.259292 29.110000
0.109146 -0.259110 29.110000
0.128988 -0.258774 29.110000
0.148806 -0.257739 29.110000
0.159611 -0.241094 29.110000
0.169823 -0.224078 29.110000
0.179903 -0.206984 29.110000
0.189924 -0.189854 29.110000
0.199909 -0.172705 29.110000
0.209869 -0.155540 29.110000
0.219809 -0.138365 29.110000
0.229732 -0.121178 29.110000
0.239637 -0.103982 29.110000
0.249521 -0.086774 29.110000
0.259381 -0.069551 29.110000
0.269204 -0.052309 29.110000
0.278969 -0.035032 29.110000
0.288599 -0.017680 29.110000
0.297612 0.000000 29.110000

