0.290051 0.000000 27.830000
0.281273 0.017234 27.830000
0.271890 0.034147 27.830000
0.262376 0.050985 27.830000
0.252803 0.067791 27.830000
0.243195 0.084576 27.830000
0.233562 0.101348 27.830000
0.223909 0.118108 27.830000
0.214239 0.134857 27.830000
0.204551 0.151597 27.830000
0.194843 0.168325 27.830000
0.185110 0.185038 27.830000
0.175342 0.201731 27.830000
0.165517 0.218390 27.830000
0.155561 0.234972 27.830000
0.145025 0.251191 27.830000
0.125711 0.252206 27.830000
0.106373 0.252537 27.830000
0.087033 0.252716 27.830000
0.067693 0.252829 27.830000
0.048352 0.252901 27.830000
0.029011 0.252944 27.830000
0.009670 0.252965 27.830000
-0.009670 0.252965 27.830000
-0.029011 0.252944 27.830000
-0.048352 0.252901 27.830000
-0.067693 0.252829 27.830000
-0.087033 0.252716 27.830000
-0.106373 0.252537 27.830000
-0.125711 0.252206 27.830000
-0.145025 0.251191 27.830000
-0.155561 0.234972 27.830000
-0.165517 0.218390 27.830000
-0.175342 0.201731 27.830000
-0.185110 0.185038 27.830000
-0.194843 0.168325 27.830000
-0.204551 0.151597 27.830000
-0.214239 0.134857 27.830000
-0.223909 0.118108 27.830000
-0.233562 0.101348 27.830000
-0.243195 0.084576 27.830000
-0.252803 0.067791 27.830000
-0.262376 0.050985 27.830000
-0.271890 0.034147 27.830000
-0.281273 0.017234 27.830000
-0.290051 0.000000 27.830000
-0.281273 -0.017234 27.830000
-0.271890 -0.034147 27.830000
-0.262376 -0.050985 27.830000
-0.252803 -0.067791 27.830000
-0.243195 -0.084576 27.830000
-0.233562 -0.101348 27.830000
-0.223909 -0.118108 27.830000
-0.214239 -0.134857 27.830000
-0.204551 -0.151597 27.830000
-0.194843 -0.168325 27.830000
-0.185110 -0.185038 27.830000
-0.175342 -0.201731 27.830000
-0.165517 -0.218390 27.830000
-0.155561 -0.234972 27.830000
-0.145025 -0.251191 27.830000
-0.125711 -0.252206 27.830000
-0.106373 -0.252537 27.830000
-0.087033 -0.252716 27.830000
-0.067693 -0.252829 27.830000
-0.048352 -0.252901 27.830000
-0.029011 -0.252944 27.830000
-0.009670 -0.252965 27.830000
0.009670 -0.252965 27.830000
0.029011 -0.252944 27.830000
0.048352 -0.252901 27.830000
0.067693 -0.252829 27.830000
0.087033 -0.252716 27.830000
0.106373 -0.252537 27.830000
0.125711 -0.252206 27.830000
0.145025 -0.251191 27.830000
0.155561 -0.234972 27.830000
0.165517 -0.218390 27.830000
0.175342 -0.201731 27.830000
0.185110 -0.185038 27.830000
0.194843 -0.168325 27.830000
0.204551 -0.151597 27.830000
0.214239 -0.134857 27.830000
0.223909 -0.118108 27.830000
0.233562 -0.101348 27.830000
0.243195 -0.084576 27.830000
0.252803 -0.067791 27.830000
0.262376 -0.050985 27.830000
0.271890 -0.034147 27.830000
0.281273 -0.017234 27.830000
0.290051 0.000000 27.830000

