0.254401 0.000000 22.070000
0.246726 0.015128 22.070000
0.238508 0.029969 22.070000
0.230170 0.044742 22.070000
0.221779 0.059486 22.070000
0.213356 0.074211 22.070000
0.204910 0.088922 22.070000
0.196445 0.103624 22.070000
0.187963 0.118315 22.070000
0.179464 0.132996 22.070000
0.170946 0.147667 22.070000
0.162406 0.162324 22.070000
0.153833 0.176962 22.070000
0.145208 0.191570 22.070000
0.136465 0.206107 22.070000
0.127201 0.220318 22.070000
0.110262 0.221236 22.070000
0.093300 0.221538 22.070000
0.076337 0.221704 22.070000
0.059374 0.221809 22.070000
0.042410 0.221877 22.070000
0.025446 0.221919 22.070000
0.008482 0.221938 22.070000
-0.008482 0.221938 22.070000
-0.025446 0.221919 22.070000
-0.042410 0.221877 22.070000
-0.059374 0.221809 22.070000
-0.076337 0.221704 22.070000
-0.093300 0.221538 22.070000
-0.110262 0.221236 22.070000
-0.127201 0.220318 22.070000
-0.136465 0.206107 22.070000
-0.145208 0.191570 22.070000
-0.153833 0.176962 22.070000
-0.162406 0.162324 22.070000
-0.170946 0.147667 22.070000
-0.179464 0.132996 22.070000
-0.187963 0.118315 22.070000
-0.196445 0.103624 22.070000
-0.204910 0.088922 22.070000
-0.213356 0.074211 22.070000
-0.221779 0.059486 22.070000
-0.230170 0.044742 22.070000
-0.238508 0.029969 22.070000
-0.246726 0.015128 22.070000
-0.254401 0.000000 22.070000
-0.246726 -0.015128 22.070000
-0.238508 -0.029969 22.070000
-0.230170 -0.044742 22.070000
-0.221779 -0.059486 22.070000
-0.213356 -0.074211 22.070000
-0.204910 -0.088922 22.070000
-0.196445 -0.103624 22.070000
-0.187963 -0.118315 22.070000
-0.179464 -0.132996 22.070000
-0.170946 -0.147667 22.070000
-0.162406 -0.162324 22.070000
-0.153833 -0.176962 22.070000
-0.145208 -0.191570 22.070000
-0.136465 -0.206107 22.070000
-0.127201 -0.220318 22.070000
-0.110262 -0.221236 22.070000
-0.093300 -0.221538 22.070000
-0.076337 -0.221704 22.070000
-0.059374 -0.221809 22.070000
-0.042410 -0.221877 22.070000
-0.025446 -0.221919 22.070000
-0.008482 -0.221938 22.070000
0.008482 -0.221938 22.070000
0.025446 -0.221919 22.070000
0.042410 -0.221877 22.070000
0.059374 -0.221809 22.070000
0.076337 -0.221704 22.070000
0.093300 -0.221538 22.070000
0.110262 -0.221236 22.070000
0.127201 -0.220318 22.070000
0.136465 -0.206107 22.070000
0.145208 -0.191570 22.070000
0.153833 -0.176962 22.070000
0.162406 -0.162324 22.070000
0.170946 -0.147667 22.070000
0.179464 -0.132996 22.070000
0.187963 -0.118315 22.070000
0.196445 -0.103624 22.070000
0.204910 -0.088922 22.070000
0.213356 -0.074211 22.070000
0.221779 -0.059486 22.070000
0.230170 -0.044742 22.070000
0.238508 -0.029969 22.070000
0.246726 -0.015128 22.070000
0.254401 0.000000 22.070000

