0.299484 0.000000 29.430000
0.290412 0.017791 29.430000
0.280722 0.035251 29.430000
0.270895 0.052636 29.430000
0.261009 0.069987 29.430000
0.251088 0.087318 29.430000
0.241141 0.104634 29.430000
0.231174 0.121939 29.430000
0.221189 0.139233 29.430000
0.211186 0.156517 29.430000
0.201163 0.173789 29.430000
0.191115 0.191047 29.430000
0.181032 0.208284 29.430000
0.170889 0.225486 29.430000
0.160613 0.242609 29.430000
0.149742 0.259360 29.430000
0.129799 0.260400 29.430000
0.109832 0.260738 29.430000
0.089863 0.260920 29.430000
0.069894 0.261034 29.430000
0.049924 0.261107 29.430000
0.029955 0.261151 29.430000
0.009985 0.261171 29.430000
-0.009985 0.261171 29.430000
-0.029955 0.261151 29.430000
-0.049924 0.261107 29.430000
-0.069894 0.261034 29.430000
-0.089863 0.260920 29.430000
-0.109832 0.260738 29.430000
-0.129799 0.260400 29.430000
-0.149742 0.259360 29.430000
-0.160613 0.242609 29.430000
-0.170889 0.225486 29.430000
-0.181032 0.208284 29.430000
-0.191115 0.191047 29.430000
-0.201163 0.173789 29.430000
-0.211186 0.156517 29.430000
-0.221189 0.139233 29.430000
-0.231174 0.121939 29.430000
-0.241141 0.104634 29.430000
-0.251088 0.087318 29.430000
-0.261009 0.069987 29.430000
-0.270895 0.052636 29.430000
-0.280722 0.035251 29.430000
-0.290412 0.017791 29.430000
-0.299484 0.000000 29.430000
-0.290412 -0.017791 29.430000
-0.280722 -0.035251 29.430000
-0.270895 -0.052636 29.430000
-0.261009 -0.069987 29.430000
-0.251088 -0.087318 29.430000
-0.241141 -0.104634 29.430000
-0.231174 -0.121939 29.430000
-0.221189 -0.139233 29.430000
-0.211186 -0.156517 29.430000
-0.201163 -0.173789 29.430000
-0.191115 -0.191047 29.430000
-0.181032 -0.208284 29.430000
-0.170889 -0.225486 29.430000
-0.160613 -0.242609 29.430000
-0.149742 -0.259360 29.430000
-0.129799 -0.260400 29.430000
-0.109832 -0.260738 29.430000
-0.089863 -0.260920 29.430000
-0.069894 -0.261034 29.430000
-0.049924 -0.261107 29.430000
-0.029955 -0.261151 29.430000
-0.009985 -0.261171 29.430000
0.009985 -0.261171 29.430000
0.029955 -0.261151 29.430000
0.049924 -0.261107 29.430000
0.069894 -0.261034 29.430000
0.089863 -0.260920 29.430000
0.109832 -0.260738 29.430000
0.129799 -0.260400 29.430000
0.149742 -0.259360 29.430000
0.160613 -0.242609 29.430000
0.170889 -0.225486 29.430000
0.181032 -0.208284 29.430000
0.191115 -0.191047 29.430000
0.201163 -0.173789 29.430000
0.211186 -0.156517 29.430000
0.221189 -0.139233 29.430000
0.231174 -0.121939 29.430000
0.241141 -0.104634 29.430000
0.251088 -0.087318 29.430000
0.261009 -0.069987 29.430000
0.270895 -0.052636 29.430000
0.280722 -0.035251 29.430000
0.290412 -0.017791 29.430000
0.299484 0.000000 29.430000

