0.294554 0.000000 28.590000
0.285636 0.017500 28.590000
0.276106 0.034674 28.590000
0.266443 0.051773 28.590000
0.256721 0.068839 28.590000
0.246963 0.085885 28.590000
0.237180 0.102917 28.590000
0.227377 0.119937 28.590000
0.217557 0.136946 28.590000
0.207718 0.153946 28.590000
0.197860 0.170934 28.590000
0.187977 0.187907 28.590000
0.178059 0.204860 28.590000
0.168082 0.221778 28.590000
0.157973 0.238618 28.590000
0.147277 0.255091 28.590000
0.127663 0.256118 28.590000
0.108025 0.256452 28.590000
0.088384 0.256633 28.590000
0.068744 0.256746 28.590000
0.049103 0.256819 28.590000
0.029462 0.256862 28.590000
0.009821 0.256883 28.590000
-0.009821 0.256883 28.590000
-0.029462 0.256862 28.590000
-0.049103 0.256819 28.590000
-0.068744 0.256746 28.590000
-0.088384 0.256633 28.590000
-0.108025 0.256452 28.590000
-0.127663 0.256118 28.590000
-0.147277 0.255091 28.590000
-0.157973 0.238618 28.590000
-0.168082 0.221778 28.590000
-0.178059 0.204860 28.590000
-0.187977 0.187907 28.590000
-0.197860 0.170934 28.590000
-0.207718 0.153946 28.590000
-0.217557 0.136946 28.590000
-0.227377 0.119937 28.590000
-0.237180 0.102917 28.590000
-0.246963 0.085885 28.590000
-0.256721 0.068839 28.590000
-0.266443 0.051773 28.590000
-0.276106 0.034674 28.590000
-0.285636 0.017500 28.590000
-0.294554 0.000000 28.590000
-0.285636 -0.017500 28.590000
-0.276106 -0.034674 28.590000
-0.266443 -0.051773 28.590000
-0.256721 -0.068839 28.590000
-0.246963 -0.085885 28.590000
-0.237180 -0.102917 28.590000
-0.227377 -0.119937 28.590000
-0.217557 -0.136946 28.590000
-0.207718 -0.153946 28.590000
-0.197860 -0.170934 28.590000
-0.187977 -0.187907 28.590000
-0.178059 -0.204860 28.590000
-0.168082 -0.221778 28.590000
-0.157973 -0.238618 28.590000
-0.147277 -0.255091 28.590000
-0.127663 -0.256118 28.590000
-0.108025 -0.256452 28.590000
-0.088384 -0.256633 28.590000
-0.068744 -0.256746 28.590000
-0.049103 -0.256819 28.590000
-0.029462 -0.256862 28.590000
-0.009821 -0.256883 28.590000
0.009821 -0.256883 28.590000
0.029462 -0.256862 28.590000
0.049103 -0.256819 28.590000
0.068744 -0.256746 28.590000
0.088384 -0.256633 28.590000
0.108025 -0.256452 28.590000
0.127663 -0.256118 28.590000
0.147277 -0.255091 28.590000
0.157973 -0.238618 28.590000
0.168082 -0.221778 28.590000
0.178059 -0.204860 28.590000
0.187977 -0.187907 28.590000
0.197860 -0.170934 28.590000
0.207718 -0.153946 28.590000
0.217557 -0.136946 28.590000
0.227377 -0.119937 28.590000
0.237180 -0.102917 28.590000
0.246963 -0.085885 28.590000
0.256721 -0.068839 28.590000
0.266443 -0.051773 28.590000
0.276106 -0.034674 28.590000
0.285636 -0.017500 28.590000
0.294554 0.000000 28.590000

