0.373012 0.000000 42.910000
0.361647 0.022124 42.910000
0.349547 0.043854 42.910000
0.337286 0.065494 42.910000
0.324956 0.087095 42.910000
0.312585 0.108672 42.910000
0.300187 0.130233 42.910000
0.287768 0.151783 42.910000
0.275332 0.173323 42.910000
0.262879 0.194853 42.910000
0.250405 0.216371 42.910000
0.237904 0.237873 42.910000
0.225363 0.259352 42.910000
0.212752 0.280789 42.910000
0.199983 0.302134 42.910000
0.186506 0.323038 42.910000
0.161664 0.324257 42.910000
0.136795 0.324643 42.910000
0.111924 0.324846 42.910000
0.087052 0.324968 42.910000
0.062180 0.325043 42.910000
0.037308 0.325086 42.910000
0.012436 0.325106 42.910000
-0.012436 0.325106 42.910000
-0.037308 0.325086 42.910000
-0.062180 0.325043 42.910000
-0.087052 0.324968 42.910000
-0.111924 0.324846 42.910000
-0.136795 0.324643 42.910000
-0.161664 0.324257 42.910000
-0.186506 0.323038 42.910000
-0.199983 0.302134 42.910000
-0.212752 0.280789 42.910000
-0.225363 0.259352 42.910000
-0.237904 0.237873 42.910000
-0.250405 0.216371 42.910000
-0.262879 0.194853 42.910000
-0.275332 0.173323 42.910000
-0.287768 0.151783 42.910000
-0.300187 0.130233 42.910000
-0.312585 0.108672 42.910000
-0.324956 0.087095 42.910000
-0.337286 0.065494 42.910000
-0.349547 0.043854 42.910000
-0.361647 0.022124 42.910000
-0.373012 0.000000 42.910000
-0.361647 -0.022124 42.910000
-0.349547 -0.043854 42.910000
-0.337286 -0.065494 42.910000
-0.324956 -0.087095 42.910000
-0.312585 -0.108672 42.910000
-0.300187 -0.130233 42.910000
-0.287768 -0.151783 42.910000
-0.275332 -0.173323 42.910000
-0.262879 -0.194853 42.910000
-0.250405 -0.216371 42.910000
-0.237904 -0.237873 42.910000
-0.225363 -0.259352 42.910000
-0.212752 -0.280789 42.910000
-0.199983 -0.302134 42.910000
-0.186506 -0.323038 42.910000
-0.161664 -0.324257 42.910000
-0.136795 -0.324643 42.910000
-0.111924 -0.324846 42.910000
-0.087052 -0.324968 42.910000
-0.062180 -0.325043 42.910000
-0.037308 -0.325086 42.910000
-0.012436 -0.325106 42.910000
0.012436 -0.325106 42.910000
0.037308 -0.325086 42.910000
0.062180 -0.325043 42.910000
0.087052 -0.324968 42.910000
0.111924 -0.324846 42.910000
0.136795 -0.324643 42.910000
0.161664 -0.324257 42.910000
0.186506 -0.323038 42.910000
0.199983 -0.302134 42.910000
0.212752 -0.280789 42.910000
0.225363 -0.259352 42.910000
0.237904 -0.237873 42.910000
0.250405 -0.216371 42.910000
0.262879 -0.194853 42.910000
0.275332 -0.173323 42.910000
0.287768 -0.151783 42.910000
0.300187 -0.130233 42.910000
0.312585 -0.108672 42.910000
0.324956 -0.087095 42.910000
0.337286 -0.065494 42.910000
0.349547 -0.043854 42.910000
0.361647 -0.022124 42.910000
0.373012 0.000000 42.910000

