0.244673 0.000000 20.580000
0.237298 0.014553 20.580000
0.229397 0.028828 20.580000
0.221380 0.043037 20.580000
0.213311 0.057218 20.580000
0.205211 0.071381 20.580000
0.197089 0.085530 20.580000
0.188948 0.099669 20.580000
0.180790 0.113799 20.580000
0.172616 0.127919 20.580000
0.164423 0.142028 20.580000
0.156208 0.156124 20.580000
0.147961 0.170202 20.580000
0.139664 0.184250 20.580000
0.131253 0.198229 20.580000
0.122336 0.211893 20.580000
0.106045 0.212783 20.580000
0.089733 0.213077 20.580000
0.073418 0.213239 20.580000
0.057103 0.213342 20.580000
0.040788 0.213408 20.580000
0.024473 0.213449 20.580000
0.008158 0.213468 20.580000
-0.008158 0.213468 20.580000
-0.024473 0.213449 20.580000
-0.040788 0.213408 20.580000
-0.057103 0.213342 20.580000
-0.073418 0.213239 20.580000
-0.089733 0.213077 20.580000
-0.106045 0.212783 20.580000
-0.122336 0.211893 20.580000
-0.131253 0.198229 20.580000
-0.139664 0.184250 20.580000
-0.147961 0.170202 20.580000
-0.156208 0.156124 20.580000
-0.164423 0.142028 20.580000
-0.172616 0.127919 20.580000
-0.180790 0.113799 20.580000
-0.188948 0.099669 20.580000
-0.197089 0.085530 20.580000
-0.205211 0.071381 20.580000
-0.213311 0.057218 20.580000
-0.221380 0.043037 20.580000
-0.229397 0.028828 20.580000
-0.237298 0.014553 20.580000
-0.244673 0.000000 20.580000
-0.237298 -0.014553 20.580000
-0.229397 -0.028828 20.580000
-0.221380 -0.043037 20.580000
-0.213311 -0.057218 20.580000
-0.205211 -0.071381 20.580000
-0.197089 -0.085530 20.580000
-0.188948 -0.099669 20.580000
-0.180790 -0.113799 20.580000
-0.172616 -0.127919 20.580000
-0.164423 -0.142028 20.580000
-0.156208 -0.156124 20.580000
-0.147961 -0.170202 20.580000
-0.139664 -0.184250 20.580000
-0.131253 -0.198229 20.580000
-0.122336 -0.211893 20.580000
-0.106045 -0.212783 20.580000
-0.089733 -0.213077 20.580000
-0.073418 -0.213239 20.580000
-0.057103 -0.213342 20.580000
-0.040788 -0.213408 20.580000
-0.024473 -0.213449 20.580000
-0.008158 -0.213468 20.580000
0.008158 -0.213468 20.580000
0.024473 -0.213449 20.580000
0.040788 -0.213408 20.580000
0.057103 -0.213342 20.580000
0.073418 -0.213239 20.580000
0.089733 -0.213077 20.580000
0.106045 -0.212783 20.580000
0.122336 -0.211893 20.580000
0.131253 -0.198229 20.580000
0.139664 -0.184250 20.580000
0.147961 -0.170202 20.580000
0.156208 -0.156124 20.580000
0.164423 -0.142028 20.580000
0.172616 -0.127919 20.580000
0.180790 -0.113799 20.580000
0.188948 -0.099669 20.580000
0.197089 -0.085530 20.580000
0.205211 -0.071381 20.580000
0.213311 -0.057218 20.580000
0.221380 -0.043037 20.580000
0.229397 -0.028828 20.580000
0.237298 -0.014553 20.580000
0.244673 0.000000 20.580000

