0.391385 0.000000 46.540000
0.379444 0.023205 46.540000
0.366740 0.046001 46.540000
0.353871 0.068704 46.540000
0.340929 0.091366 46.540000
0.327945 0.114003 46.540000
0.314933 0.136625 46.540000
0.301901 0.159236 46.540000
0.288853 0.181836 46.540000
0.275788 0.204427 46.540000
0.262702 0.227007 46.540000
0.249589 0.249570 46.540000
0.236435 0.272109 46.540000
0.223208 0.294606 46.540000
0.209818 0.317006 46.540000
0.195693 0.338950 46.540000
0.169626 0.340211 46.540000
0.143532 0.340607 46.540000
0.117436 0.340813 46.540000
0.091339 0.340936 46.540000
0.065242 0.341010 46.540000
0.039145 0.341053 46.540000
0.013048 0.341072 46.540000
-0.013048 0.341072 46.540000
-0.039145 0.341053 46.540000
-0.065242 0.341010 46.540000
-0.091339 0.340936 46.540000
-0.117436 0.340813 46.540000
-0.143532 0.340607 46.540000
-0.169626 0.340211 46.540000
-0.195693 0.338950 46.540000
-0.209818 0.317006 46.540000
-0.223208 0.294606 46.540000
-0.236435 0.272109 46.540000
-0.249589 0.249570 46.540000
-0.262702 0.227007 46.540000
-0.275788 0.204427 46.540000
-0.288853 0.181836 46.540000
-0.301901 0.159236 46.540000
-0.314933 0.136625 46.540000
-0.327945 0.114003 46.540000
-0.340929 0.091366 46.540000
-0.353871 0.068704 46.540000
-0.366740 0.046001 46.540000
-0.379444 0.023205 46.540000
-0.391385 0.000000 46.540000
-0.379444 -0.023205 46.540000
-0.366740 -0.046001 46.540000
-0.353871 -0.068704 46.540000
-0.340929 -0.091366 46.540000
-0.327945 -0.114003 46.540000
-0.314933 -0.136625 46.540000
-0.301901 -0.159236 46.540000
-0.288853 -0.181836 46.540000
-0.275788 -0.204427 46.540000
-0.262702 -0.227007 46.540000
-0.249589 -0.249570 46.540000
-0.236435 -0.272109 46.540000
-0.223208 -0.294606 46.540000
-0.209818 -0.317006 46.540000
-0.195693 -0.338950 46.540000
-0.169626 -0.340211 46.540000
-0.143532 -0.340607 46.540000
-0.117436 -0.340813 46.540000
-0.091339 -0.340936 46.540000
-0.065242 -0.341010 46.540000
-0.039145 -0.341053 46.540000
-0.013048 -0.341072 46.540000
0.013048 -0.341072 46.540000
0.039145 -0.341053 46.540000
0.065242 -0.341010 46.540000
0.091339 -0.340936 46.540000
0.117436 -0.340813 46.540000
0.143532 -0.340607 46.540000
0.169626 -0.340211 46.540000
0.195693 -0.338950 46.540000
0.209818 -0.317006 46.540000
0.223208 -0.294606 46.540000
0.236435 -0.272109 46.540000
0.249589 -0.249570 46.540000
0.262702 -0.227007 46.540000
0.275788 -0.204427 46.540000
0.288853 -0.181836 46.540000
0.301901 -0.159236 46.540000
0.314933 -0.136625 46.540000
0.327945 -0.114003 46.540000
0.340929 -0.091366 46.540000
0.353871 -0.068704 46.540000
0.366740 -0.046001 46.540000
0.379444 -0.023205 46.540000
0.391385 0.000000 46.540000

