0.359476 0.000000 40.300000
0.348534 0.021327 40.300000
0.336878 0.042271 40.300000
0.325067 0.063128 40.300000
0.313187 0.083947 40.300000
0.301267 0.104743 40.300000
0.289321 0.125523 40.300000
0.277353 0.146291 40.300000
0.265369 0.167049 40.300000
0.253366 0.187798 40.300000
0.241344 0.208534 40.300000
0.229294 0.229254 40.300000
0.217204 0.249952 40.300000
0.205047 0.270609 40.300000
0.192737 0.291176 40.300000
0.179738 0.311315 40.300000
0.155798 0.312503 40.300000
0.131831 0.312881 40.300000
0.107862 0.313080 40.300000
0.083893 0.313201 40.300000
0.059924 0.313277 40.300000
0.035954 0.313320 40.300000
0.011985 0.313341 40.300000
-0.011985 0.313341 40.300000
-0.035954 0.313320 40.300000
-0.059924 0.313277 40.300000
-0.083893 0.313201 40.300000
-0.107862 0.313080 40.300000
-0.131831 0.312881 40.300000
-0.155798 0.312503 40.300000
-0.179738 0.311315 40.300000
-0.192737 0.291176 40.300000
-0.205047 0.270609 40.300000
-0.217204 0.249952 40.300000
-0.229294 0.229254 40.300000
-0.241344 0.208534 40.300000
-0.253366 0.187798 40.300000
-0.265369 0.167049 40.300000
-0.277353 0.146291 40.300000
-0.289321 0.125523 40.300000
-0.301267 0.104743 40.300000
-0.313187 0.083947 40.300000
-0.325067 0.063128 40.300000
-0.336878 0.042271 40.300000
-0.348534 0.021327 40.300000
-0.359476 0.000000 40.300000
-0.348534 -0.021327 40.300000
-0.336878 -0.042271 40.300000
-0.325067 -0.063128 40.300000
-0.313187 -0.083947 40.300000
-0.301267 -0.104743 40.300000
-0.289321 -0.125523 40.300000
-0.277353 -0.146291 40.300000
-0.265369 -0.167049 40.300000
-0.253366 -0.187798 40.300000
-0.241344 -0.208534 40.300000
-0.229294 -0.229254 40.300000
-0.217204 -0.249952 40.300000
-0.205047 -0.270609 40.300000
-0.192737 -0.291176 40.300000
-0.179738 -0.311315 40.300000
-0.155798 -0.312503 40.300000
-0.131831 -0.312881 40.300000
-0.107862 -0.313080 40.300000
-0.083893 -0.313201 40.300000
-0.059924 -0.313277 40.300000
-0.035954 -0.313320 40.300000
-0.011985 -0.313341 40.300000
0.011985 -0.313341 40.300000
0.035954 -0.313320 40.300000
0.059924 -0.313277 40.300000
0.083893 -0.313201 40.300000
0.107862 -0.313080 40.300000
0.131831 -0.312881 40.300000
0.155798 -0.312503 40.300000
0.179738 -0.311315 40.300000
0.192737 -0.291176 40.300000
0.205047 -0.270609 40.300000
0.217204 -0.249952 40.300000
0.229294 -0.229254 40.300000
0.241344 -0.208534 40.300000
0.253366 -0.187798 40.300000
0.265369 -0.167049 40.300000
0.277353 -0.146291 40.300000
0.289321 -0.125523 40.300000
0.301267 -0.104743 40.300000
0.313187 -0.083947 40.300000
0.325067 -0.063128 40.300000
0.336878 -0.042271 40.300000
0.348534 -0.021327 40.300000
0.359476 0.000000 40.300000

