0.119230 -0.000000 4.950000
0.115683 0.007116 4.950000
0.111852 0.014083 4.950000
0.107957 0.021015 4.950000
0.104034 0.027930 4.950000
0.100092 0.034836 4.950000
0.096138 0.041734 4.950000
0.092173 0.048626 4.950000
0.088197 0.055511 4.950000
0.084212 0.062391 4.950000
0.080215 0.069265 4.950000
0.076205 0.076131 4.950000
0.072178 0.082986 4.950000
0.068122 0.089825 4.950000
0.064004 0.096626 4.950000
0.059615 0.103257 4.950000
0.051679 0.103742 4.950000
0.043730 0.103908 4.950000
0.035779 0.104001 4.950000
0.027828 0.104061 4.950000
0.019878 0.104101 4.950000
0.011927 0.104125 4.950000
0.003976 0.104137 4.950000
-0.003976 0.104137 4.950000
-0.011927 0.104125 4.950000
-0.019878 0.104101 4.950000
-0.027828 0.104061 4.950000
-0.035779 0.104001 4.950000
-0.043730 0.103908 4.950000
-0.051679 0.103742 4.950000
-0.059615 0.103257 4.950000
-0.064004 0.096626 4.950000
-0.068122 0.089825 4.950000
-0.072178 0.082986 4.950000
-0.076205 0.076131 4.950000
-0.080215 0.069265 4.950000
-0.084212 0.062391 4.950000
-0.088197 0.055511 4.950000
-0.092173 0.048626 4.950000
-0.096138 0.041734 4.950000
-0.100092 0.034836 4.950000
-0.104034 0.027930 4.950000
-0.107957 0.021015 4.950000
-0.111852 0.014083 4.950000
-0.115683 0.007116 4.950000
-0.119230 -0.000000 4.950000
-0.115683 -0.007116 4.950000
-0.111852 -0.014083 4.950000
-0.107957 -0.021015 4.950000
-0.104034 -0.027930 4.950000
-0.100092 -0.034836 4.950000
-0.096138 -0.041734 4.950000
-0.092173 -0.048626 4.950000
-0.088197 -0.055511 4.950000
-0.084212 -0.062391 4.950000
-0.080215 -0.069265 4.950000
-0.076205 -0.076131 4.950000
-0.072178 -0.082986 4.950000
-0.068122 -0.089825 4.950000
-0.064004 -0.096626 4.950000
-0.059615 -0.103257 4.950000
-0.051679 -0.103742 4.950000
-0.043730 -0.103908 4.950000
-0.035779 -0.104001 4.950000
-0.027828 -0.104061 4.950000
-0.019878 -0.104101 4.950000
-0.011927 -0.104125 4.950000
-0.003976 -0.104137 4.950000
0.003976 -0.104137 4.950000
0.011927 -0.104125 4.950000
0.019878 -0.104101 4.950000
0.027828 -0.104061 4.950000
0.035779 -0.104001 4.950000
0.043730 -0.103908 4.950000
0.051679 -0.103742 4.950000
0.059615 -0.103257 4.950000
0.064004 -0.096626 4.950000
0.068122 -0.089825 4.950000
0.072178 -0.082986 4.950000
0.076205 -0.076131 4.950000
0.080215 -0.069265 4.950000
0.084212 -0.062391 4.950000
0.088197 -0.055511 4.950000
0.092173 -0.048626 4.950000
0.096138 -0.041734 4.950000
0.100092 -0.034836 4.950000
0.104034 -0.027930 4.950000
0.107957 -0.021015 4.950000
0.111852 -0.014083 4.950000
0.115683 -0.007116 4.950000
0.119230 -0.000000 4.950000

