0.345423 0.000000 37.650000
0.334921 0.020499 37.650000
0.323726 0.040628 37.650000
0.312380 0.060672 37.650000
0.300967 0.080678 37.650000
0.289516 0.100663 37.650000
0.278038 0.120632 37.650000
0.266540 0.140589 37.650000
0.255023 0.160536 37.650000
0.243489 0.180472 37.650000
0.231935 0.200397 37.650000
0.220353 0.220306 37.650000
0.208733 0.240193 37.650000
0.197047 0.260041 37.650000
0.185213 0.279801 37.650000
0.172712 0.299145 37.650000
0.149708 0.300300 37.650000
0.126678 0.300669 37.650000
0.103646 0.300865 37.650000
0.080614 0.300985 37.650000
0.057582 0.301060 37.650000
0.034549 0.301104 37.650000
0.011516 0.301124 37.650000
-0.011516 0.301124 37.650000
-0.034549 0.301104 37.650000
-0.057582 0.301060 37.650000
-0.080614 0.300985 37.650000
-0.103646 0.300865 37.650000
-0.126678 0.300669 37.650000
-0.149708 0.300300 37.650000
-0.172712 0.299145 37.650000
-0.185213 0.279801 37.650000
-0.197047 0.260041 37.650000
-0.208733 0.240193 37.650000
-0.220353 0.220306 37.650000
-0.231935 0.200397 37.650000
-0.243489 0.180472 37.650000
-0.255023 0.160536 37.650000
-0.266540 0.140589 37.650000
-0.278038 0.120632 37.650000
-0.289516 0.100663 37.650000
-0.300967 0.080678 37.650000
-0.312380 0.060672 37.650000
-0.323726 0.040628 37.650000
-0.334921 0.020499 37.650000
-0.345423 0.000000 37.650000
-0.334921 -0.020499 37.650000
-0.323726 -0.040628 37.650000
-0.312380 -0.060672 37.650000
-0.300967 -0.080678 37.650000
-0.289516 -0.100663 37.650000
-0.278038 -0.120632 37.650000
-0.266540 -0.140589 37.650000
-0.255023 -0.160536 37.650000
-0.243489 -0.180472 37.650000
-0.231935 -0.200397 37.650000
-0.220353 -0.220306 37.650000
-0.208733 -0.240193 37.650000
-0.197047 -0.260041 37.650000
-0.185213 -0.279801 37.650000
-0.172712 -0.299145 37.650000
-0.149708 -0.300300 37.650000
-0.126678 -0.300669 37.650000
-0.103646 -0.300865 37.650000
-0.080614 -0.300985 37.650000
-0.057582 -0.301060 37.650000
-0.034549 -0.301104 37.650000
-0.011516 -0.301124 37.650000
0.011516 -0.301124 37.650000
0.034549 -0.301104 37.650000
0.057582 -0.301060 37.650000
0.080614 -0.300985 37.650000
0.103646 -0.300865 37.650000
0.126678 -0.300669 37.650000
0.149708 -0.300300 37.650000
0.172712 -0.299145 37.650000
0.185213 -0.279801 37.650000
0.197047 -0.260041 37.650000
0.208733 -0.240193 37.650000
0.220353 -0.220306 37.650000
0.231935 -0.200397 37.650000
0.243489 -0.180472 37.650000
0.255023 -0.160536 37.650000
0.266540 -0.140589 37.650000
0.278038 -0.120632 37.650000
0.289516 -0.100663 37.650000
0.300967 -0.080678 37.650000
0.312380 -0.060672 37.650000
0.323726 -0.040628 37.650000
0.334921 -0.020499 37.650000
0.345423 0.000000 37.650000

