0.382894 0.000000 44.850000
0.371219 0.022705 44.850000
0.358794 0.045009 44.850000
0.346206 0.067221 44.850000
0.333547 0.089392 44.850000
0.320846 0.111540 44.850000
0.308118 0.133671 44.850000
0.295370 0.155792 44.850000
0.282604 0.177902 44.850000
0.269822 0.200003 44.850000
0.257019 0.222091 44.850000
0.244189 0.244164 44.850000
0.231318 0.266213 44.850000
0.218376 0.288221 44.850000
0.205273 0.310133 44.850000
0.191447 0.331596 44.850000
0.165946 0.332838 44.850000
0.140418 0.333229 44.850000
0.114888 0.333434 44.850000
0.089358 0.333556 44.850000
0.063827 0.333631 44.850000
0.038296 0.333674 44.850000
0.012765 0.333694 44.850000
-0.012765 0.333694 44.850000
-0.038296 0.333674 44.850000
-0.063827 0.333631 44.850000
-0.089358 0.333556 44.850000
-0.114888 0.333434 44.850000
-0.140418 0.333229 44.850000
-0.165946 0.332838 44.850000
-0.191447 0.331596 44.850000
-0.205273 0.310133 44.850000
-0.218376 0.288221 44.850000
-0.231318 0.266213 44.850000
-0.244189 0.244164 44.850000
-0.257019 0.222091 44.850000
-0.269822 0.200003 44.850000
-0.282604 0.177902 44.850000
-0.295370 0.155792 44.850000
-0.308118 0.133671 44.850000
-0.320846 0.111540 44.850000
-0.333547 0.089392 44.850000
-0.346206 0.067221 44.850000
-0.358794 0.045009 44.850000
-0.371219 0.022705 44.850000
-0.382894 0.000000 44.850000
-0.371219 -0.022705 44.850000
-0.358794 -0.045009 44.850000
-0.346206 -0.067221 44.850000
-0.333547 -0.089392 44.850000
-0.320846 -0.111540 44.850000
-0.308118 -0.133671 44.850000
-0.295370 -0.155792 44.850000
-0.282604 -0.177902 44.850000
-0.269822 -0.200003 44.850000
-0.257019 -0.222091 44.850000
-0.244189 -0.244164 44.850000
-0.231318 -0.266213 44.850000
-0.218376 -0.288221 44.850000
-0.205273 -0.310133 44.850000
-0.191447 -0.331596 44.850000
-0.165946 -0.332838 44.850000
-0.140418 -0.333229 44.850000
-0.114888 -0.333434 44.850000
-0.089358 -0.333556 44.850000
-0.063827 -0.333631 44.850000
-0.038296 -0.333674 44.850000
-0.012765 -0.333694 44.850000
0.012765 -0.333694 44.850000
0.038296 -0.333674 44.850000
0.063827 -0.333631 44.850000
0.089358 -0.333556 44.850000
0.114888 -0.333434 44.850000
0.140418 -0.333229 44.850000
0.165946 -0.332838 44.850000
0.191447 -0.331596 44.850000
0.205273 -0.310133 44.850000
0.218376 -0.288221 44.850000
0.231318 -0.266213 44.850000
0.244189 -0.244164 44.850000
0.257019 -0.222091 44.850000
0.269822 -0.200003 44.850000
0.282604 -0.177902 44.850000
0.295370 -0.155792 44.850000
0.308118 -0.133671 44.850000
0.320846 -0.111540 44.850000
0.333547 -0.089392 44.850000
0.346206 -0.067221 44.850000
0.358794 -0.045009 44.850000
0.371219 -0.022705 44.850000
0.382894 0.000000 44.850000

