0.192563 0.000000 13.240000
0.186788 0.011469 13.240000
0.180582 0.022711 13.240000
0.174281 0.033899 13.240000
0.167937 0.045063 13.240000
0.161566 0.056212 13.240000
0.155176 0.067350 13.240000
0.148771 0.078479 13.240000
0.142350 0.089600 13.240000
0.135915 0.100712 13.240000
0.129464 0.111814 13.240000
0.122994 0.122906 13.240000
0.116498 0.133982 13.240000
0.109959 0.145034 13.240000
0.103327 0.156029 13.240000
0.096281 0.166764 13.240000
0.083462 0.167498 13.240000
0.070623 0.167744 13.240000
0.057783 0.167881 13.240000
0.044943 0.167969 13.240000
0.032102 0.168026 13.240000
0.019261 0.168062 13.240000
0.006420 0.168079 13.240000
-0.006420 0.168079 13.240000
-0.019261 0.168062 13.240000
-0.032102 0.168026 13.240000
-0.044943 0.167969 13.240000
-0.057783 0.167881 13.240000
-0.070623 0.167744 13.240000
-0.083462 0.167498 13.240000
-0.096281 0.166764 13.240000
-0.103327 0.156029 13.240000
-0.109959 0.145034 13.240000
-0.116498 0.133982 13.240000
-0.122994 0.122906 13.240000
-0.129464 0.111814 13.240000
-0.135915 0.100712 13.240000
-0.142350 0.089600 13.240000
-0.148771 0.078479 13.240000
-0.155176 0.067350 13.240000
-0.161566 0.056212 13.240000
-0.167937 0.045063 13.240000
-0.174281 0.033899 13.240000
-0.180582 0.022711 13.240000
-0.186788 0.011469 13.240000
-0.192563 0.000000 13.240000
-0.186788 -0.011469 13.240000
-0.180582 -0.022711 13.240000
-0.174281 -0.033899 13.240000
-0.167937 -0.045063 13.240000
-0.161566 -0.056212 13.240000
-0.155176 -0.067350 13.240000
-0.148771 -0.078479 13.240000
-0.142350 -0.089600 13.240000
-0.135915 -0.100712 13.240000
-0.129464 -0.111814 13.240000
-0.122994 -0.122906 13.240000
-0.116498 -0.133982 13.240000
-0.109959 -0.145034 13.240000
-0.103327 -0.156029 13.240000
-0.096281 -0.166764 13.240000
-0.083462 -0.167498 13.240000
-0.070623 -0.167744 13.240000
-0.057783 -0.167881 13.240000
-0.044943 -0.167969 13.240000
-0.032102 -0.168026 13.240000
-0.019261 -0.168062 13.240000
-0.006420 -0.168079 13.240000
0.006420 -0.168079 13.240000
0.019261 -0.168062 13.240000
0.032102 -0.168026 13.240000
0.044943 -0.167969 13.240000
0.057783 -0.167881 13.240000
0.070623 -0.167744 13.240000
0.083462 -0.167498 13.240000
0.096281 -0.166764 13.240000
0.103327 -0.156029 13.240000
0.109959 -0.145034 13.240000
0.116498 -0.133982 13.240000
0.122994 -0.122906 13.240000
0.129464 -0.111814 13.240000
0.135915 -0.100712 13.240000
0.142350 -0.089600 13.240000
0.148771 -0.078479 13.240000
0.155176 -0.067350 13.240000
0.161566 -0.056212 13.240000
0.167937 -0.045063 13.240000
0.174281 -0.033899 13.240000
0.180582 -0.022711 13.240000
0.186788 -0.011469 13.240000
0.192563 0.000000 13.240000

