0.153464 -0.000000 8.500000
0.148880 0.009150 8.500000
0.143942 0.018114 8.500000
0.138925 0.027033 8.500000
0.133873 0.035932 8.500000
0.128798 0.044819 8.500000
0.123707 0.053697 8.500000
0.118603 0.062567 8.500000
0.113486 0.071430 8.500000
0.108357 0.080285 8.500000
0.103214 0.089133 8.500000
0.098055 0.097971 8.500000
0.092874 0.106796 8.500000
0.087658 0.115601 8.500000
0.082364 0.124359 8.500000
0.076732 0.132904 8.500000
0.066516 0.133509 8.500000
0.056284 0.133715 8.500000
0.046051 0.133829 8.500000
0.035818 0.133903 8.500000
0.025584 0.133952 8.500000
0.015351 0.133982 8.500000
0.005117 0.133997 8.500000
-0.005117 0.133997 8.500000
-0.015351 0.133982 8.500000
-0.025584 0.133952 8.500000
-0.035818 0.133903 8.500000
-0.046051 0.133829 8.500000
-0.056284 0.133715 8.500000
-0.066516 0.133509 8.500000
-0.076732 0.132904 8.500000
-0.082364 0.124359 8.500000
-0.087658 0.115601 8.500000
-0.092874 0.106796 8.500000
-0.098055 0.097971 8.500000
-0.103214 0.089133 8.500000
-0.108357 0.080285 8.500000
-0.113486 0.071430 8.500000
-0.118603 0.062567 8.500000
-0.123707 0.053697 8.500000
-0.128798 0.044819 8.500000
-0.133873 0.035932 8.500000
-0.138925 0.027033 8.500000
-0.143942 0.018114 8.500000
-0.148880 0.009150 8.500000
-0.153464 -0.000000 8.500000
-0.148880 -0.009150 8.500000
-0.143942 -0.018114 8.500000
-0.138925 -0.027033 8.500000
-0.133873 -0.035932 8.500000
-0.128798 -0.044819 8.500000
-0.123707 -0.053697 8.500000
-0.118603 -0.062567 8.500000
-0.113486 -0.071430 8.500000
-0.108357 -0.080285 8.500000
-0.103214 -0.089133 8.500000
-0.098055 -0.097971 8.500000
-0.092874 -0.106796 8.500000
-0.087658 -0.115601 8.500000
-0.082364 -0.124359 8.500000
-0.076732 -0.132904 8.500000
-0.066516 -0.133509 8.500000
-0.056284 -0.133715 8.500000
-0.046051 -0.133829 8.500000
-0.035818 -0.133903 8.500000
-0.025584 -0.133952 8.500000
-0.015351 -0.133982 8.500000
-0.005117 -0.133997 8.500000
0.005117 -0.133997 8.500000
0.015351 -0.133982 8.500000
0.025584 -0.133952 8.500000
0.035818 -0.133903 8.500000
0.046051 -0.133829 8.500000
0.056284 -0.133715 8.500000
0.066516 -0.133509 8.500000
0.076732 -0.132904 8.500000
0.082364 -0.124359 8.500000
0.087658 -0.115601 8.500000
0.092874 -0.106796 8.500000
0.098055 -0.097971 8.500000
0.103214 -0.089133 8.500000
0.108357 -0.080285 8.500000
0.113486 -0.071430 8.500000
0.118603 -0.062567 8.500000
0.123707 -0.053697 8.500000
0.128798 -0.044819 8.500000
0.133873 -0.035932 8.500000
0.138925 -0.027033 8.500000
0.143942 -0.018114 8.500000
0.148880 -0.009150 8.500000
0.153464 -0.000000 8.500000

