0.272954 0.000000 25.010000
0.264706 0.016225 25.010000
0.255882 0.032144 25.010000
0.246932 0.047992 25.010000
0.237926 0.063809 25.010000
0.228887 0.079606 25.010000
0.219823 0.095390 25.010000
0.210740 0.111162 25.010000
0.201639 0.126925 25.010000
0.192522 0.142677 25.010000
0.183384 0.158418 25.010000
0.174223 0.174146 25.010000
0.165028 0.189853 25.010000
0.155778 0.205529 25.010000
0.146404 0.221130 25.010000
0.136477 0.236385 25.010000
0.118302 0.237354 25.010000
0.100104 0.237672 25.010000
0.081904 0.237845 25.010000
0.063703 0.237954 25.010000
0.045502 0.238025 25.010000
0.027301 0.238067 25.010000
0.009100 0.238087 25.010000
-0.009100 0.238087 25.010000
-0.027301 0.238067 25.010000
-0.045502 0.238025 25.010000
-0.063703 0.237954 25.010000
-0.081904 0.237845 25.010000
-0.100104 0.237672 25.010000
-0.118302 0.237354 25.010000
-0.136477 0.236385 25.010000
-0.146404 0.221130 25.010000
-0.155778 0.205529 25.010000
-0.165028 0.189853 25.010000
-0.174223 0.174146 25.010000
-0.183384 0.158418 25.010000
-0.192522 0.142677 25.010000
-0.201639 0.126925 25.010000
-0.210740 0.111162 25.010000
-0.219823 0.095390 25.010000
-0.228887 0.079606 25.010000
-0.237926 0.063809 25.010000
-0.246932 0.047992 25.010000
-0.255882 0.032144 25.010000
-0.264706 0.016225 25.010000
-0.272954 0.000000 25.010000
-0.264706 -0.016225 25.010000
-0.255882 -0.032144 25.010000
-0.246932 -0.047992 25.010000
-0.237926 -0.063809 25.010000
-0.228887 -0.079606 25.010000
-0.219823 -0.095390 25.010000
-0.210740 -0.111162 25.010000
-0.201639 -0.126925 25.010000
-0.192522 -0.142677 25.010000
-0.183384 -0.158418 25.010000
-0.174223 -0.174146 25.010000
-0.165028 -0.189853 25.010000
-0.155778 -0.205529 25.010000
-0.146404 -0.221130 25.010000
-0.136477 -0.236385 25.010000
-0.118302 -0.237354 25.010000
-0.100104 -0.237672 25.010000
-0.081904 -0.237845 25.010000
-0.063703 -0.237954 25.010000
-0.045502 -0.238025 25.010000
-0.027301 -0.238067 25.010000
-0.009100 -0.238087 25.010000
0.009100 -0.238087 25.010000
0.027301 -0.238067 25.010000
0.045502 -0.238025 25.010000
0.063703 -0.237954 25.010000
0.081904 -0.237845 25.010000
0.100104 -0.237672 25.010000
0.118302 -0.237354 25.010000
0.136477 -0.236385 25.010000
0.146404 -0.221130 25.010000
0.155778 -0.205529 25.010000
0.165028 -0.189853 25.010000
0.174223 -0.174146 25.010000
0.183384 -0.158418 25.010000
0.192522 -0.142677 25.010000
0.201639 -0.126925 25.010000
0.210740 -0.111162 25.010000
0.219823 -0.095390 25.010000
0.228887 -0.079606 25.010000
0.237926 -0.063809 25.010000
0.246932 -0.047992 25.010000
0.255882 -0.032144 25.010000
0.264706 -0.016225 25.010000
0.272954 0.000000 25.010000

