0.275787 0.000000 25.470000
0.267451 0.016392 25.470000
0.258534 0.032475 25.470000
0.249491 0.048488 25.470000
0.240391 0.064469 25.470000
0.231257 0.080430 25.470000
0.222099 0.096377 25.470000
0.212922 0.112313 25.470000
0.203727 0.128239 25.470000
0.194515 0.144155 25.470000
0.185283 0.160060 25.470000
0.176027 0.175950 25.470000
0.166737 0.191821 25.470000
0.157392 0.207660 25.470000
0.147921 0.223423 25.470000
0.137893 0.238839 25.470000
0.119530 0.239815 25.470000
0.101143 0.240135 25.470000
0.082754 0.240309 25.470000
0.064364 0.240419 25.470000
0.045974 0.240490 25.470000
0.027585 0.240532 25.470000
0.009195 0.240553 25.470000
-0.009195 0.240553 25.470000
-0.027585 0.240532 25.470000
-0.045974 0.240490 25.470000
-0.064364 0.240419 25.470000
-0.082754 0.240309 25.470000
-0.101143 0.240135 25.470000
-0.119530 0.239815 25.470000
-0.137893 0.238839 25.470000
-0.147921 0.223423 25.470000
-0.157392 0.207660 25.470000
-0.166737 0.191821 25.470000
-0.176027 0.175950 25.470000
-0.185283 0.160060 25.470000
-0.194515 0.144155 25.470000
-0.203727 0.128239 25.470000
-0.212922 0.112313 25.470000
-0.222099 0.096377 25.470000
-0.231257 0.080430 25.470000
-0.240391 0.064469 25.470000
-0.249491 0.048488 25.470000
-0.258534 0.032475 25.470000
-0.267451 0.016392 25.470000
-0.275787 0.000000 25.470000
-0.267451 -0.016392 25.470000
-0.258534 -0.032475 25.470000
-0.249491 -0.048488 25.470000
-0.240391 -0.064469 25.470000
-0.231257 -0.080430 25.470000
-0.222099 -0.096377 25.470000
-0.212922 -0.112313 25.470000
-0.203727 -0.128239 25.470000
-0.194515 -0.144155 25.470000
-0.185283 -0.160060 25.470000
-0.176027 -0.175950 25.470000
-0.166737 -0.191821 25.470000
-0.157392 -0.207660 25.470000
-0.147921 -0.223423 25.470000
-0.137893 -0.238839 25.470000
-0.119530 -0.239815 25.470000
-0.101143 -0.240135 25.470000
-0.082754 -0.240309 25.470000
-0.064364 -0.240419 25.470000
-0.045974 -0.240490 25.470000
-0.027585 -0.240532 25.470000
-0.009195 -0.240553 25.470000
0.009195 -0.240553 25.470000
0.027585 -0.240532 25.470000
0.045974 -0.240490 25.470000
0.064364 -0.240419 25.470000
0.082754 -0.240309 25.470000
0.101143 -0.240135 25.470000
0.119530 -0.239815 25.470000
0.137893 -0.238839 25.470000
0.147921 -0.223423 25.470000
0.157392 -0.207660 25.470000
0.166737 -0.191821 25.470000
0.176027 -0.175950 25.470000
0.185283 -0.160060 25.470000
0.194515 -0.144155 25.470000
0.203727 -0.128239 25.470000
0.212922 -0.112313 25.470000
0.222099 -0.096377 25.470000
0.231257 -0.080430 25.470000
0.240391 -0.064469 25.470000
0.249491 -0.048488 25.470000
0.258534 -0.032475 25.470000
0.267451 -0.016392 25.470000
0.275787 0.000000 25.470000

