0.313080 0.000000 31.790000
0.303586 0.018593 31.790000
0.293450 0.036843 31.790000
0.283175 0.055015 31.790000
0.272837 0.073152 31.790000
0.262463 0.091269 31.790000
0.252063 0.109370 31.790000
0.241643 0.127460 31.790000
0.231205 0.145539 31.790000
0.220749 0.163608 31.790000
0.210273 0.181665 31.790000
0.199771 0.199708 31.790000
0.189232 0.217729 31.790000
0.178632 0.235714 31.790000
0.167895 0.253617 31.790000
0.156540 0.271135 31.790000
0.135691 0.272210 31.790000
0.114818 0.272557 31.790000
0.093943 0.272744 31.790000
0.073067 0.272860 31.790000
0.052191 0.272934 31.790000
0.031314 0.272978 31.790000
0.010438 0.272999 31.790000
-0.010438 0.272999 31.790000
-0.031314 0.272978 31.790000
-0.052191 0.272934 31.790000
-0.073067 0.272860 31.790000
-0.093943 0.272744 31.790000
-0.114818 0.272557 31.790000
-0.135691 0.272210 31.790000
-0.156540 0.271135 31.790000
-0.167895 0.253617 31.790000
-0.178632 0.235714 31.790000
-0.189232 0.217729 31.790000
-0.199771 0.199708 31.790000
-0.210273 0.181665 31.790000
-0.220749 0.163608 31.790000
-0.231205 0.145539 31.790000
-0.241643 0.127460 31.790000
-0.252063 0.109370 31.790000
-0.262463 0.091269 31.790000
-0.272837 0.073152 31.790000
-0.283175 0.055015 31.790000
-0.293450 0.036843 31.790000
-0.303586 0.018593 31.790000
-0.313080 0.000000 31.790000
-0.303586 -0.018593 31.790000
-0.293450 -0.036843 31.790000
-0.283175 -0.055015 31.790000
-0.272837 -0.073152 31.790000
-0.262463 -0.091269 31.790000
-0.252063 -0.109370 31.790000
-0.241643 -0.127460 31.790000
-0.231205 -0.145539 31.790000
-0.220749 -0.163608 31.790000
-0.210273 -0.181665 31.790000
-0.199771 -0.199708 31.790000
-0.189232 -0.217729 31.790000
-0.178632 -0.235714 31.790000
-0.167895 -0.253617 31.790000
-0.156540 -0.271135 31.790000
-0.135691 -0.272210 31.790000
-0.114818 -0.272557 31.790000
-0.093943 -0.272744 31.790000
-0.073067 -0.272860 31.790000
-0.052191 -0.272934 31.790000
-0.031314 -0.272978 31.790000
-0.010438 -0.272999 31.790000
0.010438 -0.272999 31.790000
0.031314 -0.272978 31.790000
0.052191 -0.272934 31.790000
0.073067 -0.272860 31.790000
0.093943 -0.272744 31.790000
0.114818 -0.272557 31.790000
0.135691 -0.272210 31.790000
0.156540 -0.271135 31.790000
0.167895 -0.253617 31.790000
0.178632 -0.235714 31.790000
0.189232 -0.217729 31.790000
0.199771 -0.199708 31.790000
0.210273 -0.181665 31.790000
0.220749 -0.163608 31.790000
0.231205 -0.145539 31.790000
0.241643 -0.127460 31.790000
0.252063 -0.109370 31.790000
0.262463 -0.091269 31.790000
0.272837 -0.073152 31.790000
0.283175 -0.055015 31.790000
0.293450 -0.036843 31.790000
0.303586 -0.018593 31.790000
0.313080 0.000000 31.790000

