0.342680 0.000000 37.140000
0.332264 0.020337 37.140000
0.321159 0.040307 37.140000
0.309903 0.060192 37.140000
0.298582 0.080040 37.140000
0.287222 0.099866 37.140000
0.275836 0.119677 37.140000
0.264429 0.139476 37.140000
0.253004 0.159264 37.140000
0.241561 0.179042 37.140000
0.230098 0.198809 37.140000
0.218608 0.218560 37.140000
0.207080 0.238288 37.140000
0.195486 0.257978 37.140000
0.183745 0.277580 37.140000
0.171340 0.296770 37.140000
0.148519 0.297918 37.140000
0.125672 0.298285 37.140000
0.102823 0.298480 37.140000
0.079974 0.298600 37.140000
0.057124 0.298675 37.140000
0.034275 0.298719 37.140000
0.011425 0.298740 37.140000
-0.011425 0.298740 37.140000
-0.034275 0.298719 37.140000
-0.057124 0.298675 37.140000
-0.079974 0.298600 37.140000
-0.102823 0.298480 37.140000
-0.125672 0.298285 37.140000
-0.148519 0.297918 37.140000
-0.171340 0.296770 37.140000
-0.183745 0.277580 37.140000
-0.195486 0.257978 37.140000
-0.207080 0.238288 37.140000
-0.218608 0.218560 37.140000
-0.230098 0.198809 37.140000
-0.241561 0.179042 37.140000
-0.253004 0.159264 37.140000
-0.264429 0.139476 37.140000
-0.275836 0.119677 37.140000
-0.287222 0.099866 37.140000
-0.298582 0.080040 37.140000
-0.309903 0.060192 37.140000
-0.321159 0.040307 37.140000
-0.332264 0.020337 37.140000
-0.342680 0.000000 37.140000
-0.332264 -0.020337 37.140000
-0.321159 -0.040307 37.140000
-0.309903 -0.060192 37.140000
-0.298582 -0.080040 37.140000
-0.287222 -0.099866 37.140000
-0.275836 -0.119677 37.140000
-0.264429 -0.139476 37.140000
-0.253004 -0.159264 37.140000
-0.241561 -0.179042 37.140000
-0.230098 -0.198809 37.140000
-0.218608 -0.218560 37.140000
-0.207080 -0.238288 37.140000
-0.195486 -0.257978 37.140000
-0.183745 -0.277580 37.140000
-0.171340 -0.296770 37.140000
-0.148519 -0.297918 37.140000
-0.125672 -0.298285 37.140000
-0.102823 -0.298480 37.140000
-0.079974 -0.298600 37.140000
-0.057124 -0.298675 37.140000
-0.034275 -0.298719 37.140000
-0.011425 -0.298740 37.140000
0.011425 -0.298740 37.140000
0.034275 -0.298719 37.140000
0.057124 -0.298675 37.140000
0.079974 -0.298600 37.140000
0.102823 -0.298480 37.140000
0.125672 -0.298285 37.140000
0.148519 -0.297918 37.140000
0.171340 -0.296770 37.140000
0.183745 -0.277580 37.140000
0.195486 -0.257978 37.140000
0.207080 -0.238288 37.140000
0.218608 -0.218560 37.140000
0.230098 -0.198809 37.140000
0.241561 -0.179042 37.140000
0.253004 -0.159264 37.140000
0.264429 -0.139476 37.140000
0.275836 -0.119677 37.140000
0.287222 -0.099866 37.140000
0.298582 -0.080040 37.140000
0.309903 -0.060192 37.140000
0.321159 -0.040307 37.140000
0.332264 -0.020337 37.140000
0.342680 0.000000 37.140000

