0.210423 0.000000 15.630000
0.204102 0.012527 15.630000
0.197315 0.024808 15.630000
0.190426 0.037033 15.630000
0.183491 0.049231 15.630000
0.176529 0.061413 15.630000
0.169545 0.073583 15.630000
0.162545 0.085744 15.630000
0.155529 0.097896 15.630000
0.148498 0.110039 15.630000
0.141449 0.122172 15.630000
0.134381 0.134293 15.630000
0.127284 0.146398 15.630000
0.120142 0.158476 15.630000
0.112899 0.170494 15.630000
0.105212 0.182232 15.630000
0.091202 0.183021 15.630000
0.077173 0.183284 15.630000
0.063142 0.183430 15.630000
0.049111 0.183524 15.630000
0.035079 0.183585 15.630000
0.021047 0.183622 15.630000
0.007016 0.183640 15.630000
-0.007016 0.183640 15.630000
-0.021047 0.183622 15.630000
-0.035079 0.183585 15.630000
-0.049111 0.183524 15.630000
-0.063142 0.183430 15.630000
-0.077173 0.183284 15.630000
-0.091202 0.183021 15.630000
-0.105212 0.182232 15.630000
-0.112899 0.170494 15.630000
-0.120142 0.158476 15.630000
-0.127284 0.146398 15.630000
-0.134381 0.134293 15.630000
-0.141449 0.122172 15.630000
-0.148498 0.110039 15.630000
-0.155529 0.097896 15.630000
-0.162545 0.085744 15.630000
-0.169545 0.073583 15.630000
-0.176529 0.061413 15.630000
-0.183491 0.049231 15.630000
-0.190426 0.037033 15.630000
-0.197315 0.024808 15.630000
-0.204102 0.012527 15.630000
-0.210423 0.000000 15.630000
-0.204102 -0.012527 15.630000
-0.197315 -0.024808 15.630000
-0.190426 -0.037033 15.630000
-0.183491 -0.049231 15.630000
-0.176529 -0.061413 15.630000
-0.169545 -0.073583 15.630000
-0.162545 -0.085744 15.630000
-0.155529 -0.097896 15.630000
-0.148498 -0.110039 15.630000
-0.141449 -0.122172 15.630000
-0.134381 -0.134293 15.630000
-0.127284 -0.146398 15.630000
-0.120142 -0.158476 15.630000
-0.112899 -0.170494 15.630000
-0.105212 -0.182232 15.630000
-0.091202 -0.183021 15.630000
-0.077173 -0.183284 15.630000
-0.063142 -0.183430 15.630000
-0.049111 -0.183524 15.630000
-0.035079 -0.183585 15.630000
-0.021047 -0.183622 15.630000
-0.007016 -0.183640 15.630000
0.007016 -0.183640 15.630000
0.021047 -0.183622 15.630000
0.035079 -0.183585 15.630000
0.049111 -0.183524 15.630000
0.063142 -0.183430 15.630000
0.077173 -0.183284 15.630000
0.091202 -0.183021 15.630000
0.105212 -0.182232 15.630000
0.112899 -0.170494 15.630000
0.120142 -0.158476 15.630000
0.127284 -0.146398 15.630000
0.134381 -0.134293 15.630000
0.141449 -0.122172 15.630000
0.148498 -0.110039 15.630000
0.155529 -0.097896 15.630000
0.162545 -0.085744 15.630000
0.169545 -0.073583 15.630000
0.176529 -0.061413 15.630000
0.183491 -0.049231 15.630000
0.190426 -0.037033 15.630000
0.197315 -0.024808 15.630000
0.204102 -0.012527 15.630000
0.210423 0.000000 15.630000

